1 0.3416030534351145 0.8704663212435233 0.0648854961832061 0.05181347150259067
1 0.3797709923664122 0.8471502590673575 0.0648854961832061 0.08808290155440414
1 0.4312977099236641 0.8523316062176166 0.10687022900763359 0.09844559585492228
1 0.9675572519083969 0.8678756476683938 0.05725190839694656 0.06735751295336788
1 0.9484732824427481 0.8290155440414507 0.09541984732824428 0.08290155440414508
1 0.9561068702290076 0.7512953367875648 0.08015267175572519 0.11398963730569948
1 0.8950381679389313 0.6968911917098446 0.08015267175572519 0.12953367875647667
1 0.9083969465648855 0.7668393782383419 0.03816793893129771 0.07253886010362694
1 0.8568702290076335 0.7746113989637305 0.08778625954198473 0.10880829015544041
1 0.8282442748091603 0.6761658031088082 0.0916030534351145 0.13989637305699482
1 0.9351145038167938 0.5569948186528497 0.0916030534351145 0.11917098445595854
1 0.9847328244274809 0.6580310880829016 0.022900763358778626 0.06217616580310881
1 0.7232824427480916 0.6761658031088082 0.07251908396946564 0.11917098445595854
1 0.7748091603053435 0.7072538860103627 0.04580152671755725 0.07772020725388601
1 0.7480916030534351 0.7979274611398963 0.05343511450381679 0.05181347150259067
1 0.7480916030534351 0.8730569948186528 0.05343511450381679 0.05699481865284974
1 0.5629770992366412 0.6528497409326425 0.08015267175572519 0.09326424870466321
1 0.5706106870229007 0.6088082901554405 0.09541984732824428 0.06735751295336788
1 0.549618320610687 0.7305699481865285 0.05343511450381679 0.07253886010362694
1 0.49809160305343514 0.689119170984456 0.04961832061068702 0.12435233160621761
1 0.41603053435114506 0.7564766839378239 0.061068702290076333 0.10362694300518134
1 0.3969465648854962 0.7746113989637305 0.03816793893129771 0.05699481865284974
1 0.41603053435114506 0.694300518134715 0.08396946564885496 0.12435233160621761
1 0.4732824427480916 0.6424870466321243 0.0916030534351145 0.16580310880829016
1 0.02862595419847328 0.13471502590673576 0.05725190839694656 0.08290155440414508
1 0.08206106870229007 0.11398963730569948 0.04961832061068702 0.06217616580310881
1 0.13549618320610687 0.14507772020725387 0.0648854961832061 0.07253886010362694
1 0.21183206106870228 0.16062176165803108 0.07251908396946564 0.07253886010362694
1 0.25572519083969464 0.12176165803108809 0.05343511450381679 0.046632124352331605
1 0.2919847328244275 0.13989637305699482 0.04198473282442748 0.06217616580310881
1 0.31679389312977096 0.11398963730569948 0.04580152671755725 0.05181347150259067
1 0.3377862595419847 0.17357512953367876 0.0648854961832061 0.07772020725388601
1 0.37786259541984735 0.13989637305699482 0.061068702290076333 0.11398963730569948
1 0.37595419847328243 0.09067357512953368 0.09541984732824428 0.09844559585492228
1 0.32633587786259544 0.04404145077720207 0.11068702290076336 0.08808290155440414
1 0.36259541984732824 0.05958549222797927 0.07633587786259542 0.11917098445595854
1 0.4351145038167939 0.04145077720207254 0.08396946564885496 0.08290155440414508
1 0.44656488549618323 0.10880829015544041 0.05343511450381679 0.07253886010362694
1 0.517175572519084 0.04404145077720207 0.08015267175572519 0.08808290155440414
1 0.5267175572519084 0.06217616580310881 0.06870229007633588 0.07253886010362694
1 0.5629770992366412 0.05181347150259067 0.026717557251908396 0.06217616580310881
1 0.5133587786259542 0.11658031088082901 0.05725190839694656 0.05699481865284974
1 0.5877862595419847 0.012953367875647668 0.05343511450381679 0.025906735751295335
1 0.6469465648854962 0.038860103626943004 0.0648854961832061 0.07772020725388601
1 0.7118320610687023 0.046632124352331605 0.07251908396946564 0.09326424870466321
1 0.767175572519084 0.04145077720207254 0.05343511450381679 0.08290155440414508
1 0.7595419847328244 0.11658031088082901 0.06870229007633588 0.08808290155440414
1 0.7900763358778626 0.17357512953367876 0.07633587786259542 0.08808290155440414
1 0.8225190839694656 0.22538860103626943 0.08015267175572519 0.06735751295336788
1 0.8721374045801527 0.20984455958549222 0.0648854961832061 0.08808290155440414
1 0.916030534351145 0.21502590673575128 0.03816793893129771 0.046632124352331605
1 0.9522900763358778 0.24870466321243523 0.04198473282442748 0.05181347150259067
1 0.9064885496183206 0.2538860103626943 0.04961832061068702 0.05181347150259067
1 0.9370229007633588 0.27461139896373055 0.04198473282442748 0.031088082901554404
1 0.9103053435114504 0.3134715025906736 0.0648854961832061 0.06735751295336788
1 0.9484732824427481 0.3471502590673575 0.04961832061068702 0.11398963730569948
1 0.9045801526717557 0.3704663212435233 0.061068702290076333 0.05699481865284974
1 0.9751908396946565 0.30310880829015546 0.04198473282442748 0.05699481865284974
1 0.982824427480916 0.3756476683937824 0.026717557251908396 0.09844559585492228
1 0.9732824427480916 0.4274611398963731 0.04580152671755725 0.07772020725388601
1 0.9427480916030534 0.46632124352331605 0.08396946564885496 0.12435233160621761
1 0.8969465648854962 0.46632124352331605 0.08396946564885496 0.10362694300518134
1 0.851145038167939 0.4170984455958549 0.061068702290076333 0.08808290155440414
1 0.8587786259541985 0.34974093264248707 0.03816793893129771 0.07772020725388601
1 0.8683206106870229 0.2927461139896373 0.0648854961832061 0.05699481865284974
1 0.8320610687022901 0.32124352331606215 0.0916030534351145 0.09326424870466321
1 0.7786259541984732 0.27202072538860106 0.061068702290076333 0.09844559585492228
1 0.7652671755725191 0.33419689119170987 0.05725190839694656 0.07772020725388601
1 0.8015267175572519 0.37305699481865284 0.061068702290076333 0.07253886010362694
1 0.8129770992366412 0.4533678756476684 0.03816793893129771 0.07772020725388601
1 0.7557251908396947 0.4844559585492228 0.061068702290076333 0.05699481865284974
1 0.7442748091603053 0.40932642487046633 0.061068702290076333 0.10362694300518134
1 0.04961832061068702 0.6683937823834197 0.09923664122137404 0.09326424870466321
1 0.15076335877862596 0.6217616580310881 0.0648854961832061 0.07253886010362694
1 0.18893129770992367 0.6735751295336787 0.08015267175572519 0.13471502590673576
1 0.22709923664122136 0.7357512953367875 0.04961832061068702 0.06217616580310881
1 0.28435114503816794 0.7331606217616581 0.03435114503816794 0.07772020725388601
1 0.25572519083969464 0.8186528497409327 0.030534351145038167 0.05181347150259067
1 0.15839694656488548 0.7823834196891192 0.07251908396946564 0.07253886010362694
1 0.23091603053435114 0.8678756476683938 0.09541984732824428 0.05699481865284974
1 0.43320610687022904 0.15803108808290156 0.04198473282442748 0.025906735751295335
1 0.4618320610687023 0.21243523316062177 0.061068702290076333 0.07253886010362694
1 0.4904580152671756 0.2772020725388601 0.05725190839694656 0.08808290155440414
1 0.5190839694656488 0.3082901554404145 0.030534351145038167 0.046632124352331605
1 0.5629770992366412 0.29015544041450775 0.07251908396946564 0.10362694300518134
1 0.6068702290076335 0.3290155440414508 0.03816793893129771 0.03626943005181347
1 0.6221374045801527 0.3704663212435233 0.0916030534351145 0.046632124352331605
1 0.6297709923664122 0.42487046632124353 0.10687022900763359 0.09326424870466321
1 0.6297709923664122 0.4896373056994819 0.06870229007633588 0.08808290155440414
1 0.7061068702290076 0.49222797927461137 0.07633587786259542 0.08290155440414508
1 0.6603053435114504 0.35751295336787564 0.08396946564885496 0.07253886010362694
1 0.7118320610687023 0.3471502590673575 0.04198473282442748 0.031088082901554404
1 0.6603053435114504 0.2823834196891192 0.04580152671755725 0.08808290155440414
1 0.6240458015267175 0.2823834196891192 0.05725190839694656 0.06735751295336788
1 0.6297709923664122 0.23316062176165803 0.06870229007633588 0.031088082901554404
1 0.601145038167939 0.20984455958549222 0.08015267175572519 0.046632124352331605
1 0.5935114503816794 0.16839378238341968 0.05725190839694656 0.046632124352331605
1 0.5973282442748091 0.10362694300518134 0.07251908396946564 0.08290155440414508
1 0.6736641221374046 0.18652849740932642 0.08015267175572519 0.10362694300518134
1 0.7041984732824428 0.14507772020725387 0.05725190839694656 0.07253886010362694
1 0.7423664122137404 0.20466321243523317 0.05725190839694656 0.07772020725388601
1 0.7118320610687023 0.27202072538860106 0.04961832061068702 0.09844559585492228
1 0.7519083969465649 0.4792746113989637 0.04580152671755725 0.07772020725388601
1 0.5629770992366412 0.47150259067357514 0.05725190839694656 0.09326424870466321
1 0.5763358778625954 0.5544041450777202 0.07633587786259542 0.07253886010362694
1 0.583969465648855 0.6113989637305699 0.06870229007633588 0.06217616580310881
1 0.48091603053435117 0.6373056994818653 0.0916030534351145 0.15544041450777202
1 0.5343511450381679 0.5673575129533679 0.03816793893129771 0.06735751295336788
1 0.5229007633587787 0.5155440414507773 0.04580152671755725 0.08808290155440414
1 0.49236641221374045 0.4844559585492228 0.04580152671755725 0.13989637305699482
1 0.5381679389312977 0.37823834196891193 0.08396946564885496 0.11398963730569948
1 0.4580152671755725 0.3911917098445596 0.08396946564885496 0.21243523316062177
1 0.4351145038167939 0.48704663212435234 0.08396946564885496 0.12435233160621761
1 0.3931297709923664 0.30310880829015546 0.06870229007633588 0.10880829015544041
1 0.4064885496183206 0.3860103626943005 0.04961832061068702 0.05699481865284974
1 0.3416030534351145 0.30310880829015546 0.04961832061068702 0.08808290155440414
1 0.3187022900763359 0.344559585492228 0.08778625954198473 0.10880829015544041
1 0.36450381679389315 0.4378238341968912 0.07251908396946564 0.07772020725388601
1 0.37404580152671757 0.4896373056994819 0.12213740458015267 0.06735751295336788
1 0.3435114503816794 0.5621761658031088 0.08396946564885496 0.08808290155440414
1 0.3931297709923664 0.5569948186528497 0.061068702290076333 0.05699481865284974
1 0.37404580152671757 0.6036269430051814 0.022900763358778626 0.046632124352331605
1 0.3511450381679389 0.6683937823834197 0.061068702290076333 0.07253886010362694
1 0.2538167938931298 0.5854922279792746 0.12595419847328243 0.12435233160621761
1 0.2958015267175573 0.5 0.0648854961832061 0.09844559585492228
1 0.26717557251908397 0.4430051813471503 0.09923664122137404 0.12953367875647667
1 0.2366412213740458 0.3601036269430052 0.06870229007633588 0.09844559585492228
1 0.2652671755725191 0.30569948186528495 0.04961832061068702 0.06217616580310881
1 0.2748091603053435 0.23575129533678757 0.07633587786259542 0.10880829015544041
1 0.3110687022900763 0.21761658031088082 0.04198473282442748 0.06217616580310881
1 0.2595419847328244 0.18134715025906736 0.04580152671755725 0.04145077720207254
1 0.1965648854961832 0.23056994818652848 0.0648854961832061 0.08808290155440414
1 0.21183206106870228 0.28756476683937826 0.05725190839694656 0.05699481865284974
1 0.1717557251908397 0.37823834196891193 0.061068702290076333 0.09326424870466321
1 0.1946564885496183 0.46113989637305697 0.04580152671755725 0.07253886010362694
1 0.16030534351145037 0.5103626943005182 0.061068702290076333 0.05699481865284974
1 0.1183206106870229 0.5518134715025906 0.03816793893129771 0.05699481865284974
1 0.0648854961832061 0.5492227979274611 0.08396946564885496 0.09326424870466321
1 0.05534351145038168 0.4378238341968912 0.10305343511450382 0.13989637305699482
1 0.09351145038167939 0.36528497409326427 0.0648854961832061 0.10880829015544041
1 0.13931297709923665 0.41968911917098445 0.05725190839694656 0.05181347150259067
1 0.13358778625954199 0.30310880829015546 0.0916030534351145 0.07772020725388601
1 0.05916030534351145 0.30310880829015546 0.08778625954198473 0.11917098445595854
1 0.04961832061068702 0.3601036269430052 0.04580152671755725 0.07772020725388601
1 0.0057251908396946565 0.4896373056994819 0.011450381679389313 0.08808290155440414
1 0.019083969465648856 0.22020725388601037 0.03816793893129771 0.09844559585492228
1 0.07061068702290077 0.20725388601036268 0.07251908396946564 0.09326424870466321
1 0.1450381679389313 0.22538860103626943 0.061068702290076333 0.08808290155440414
1 0.666030534351145 0.5958549222797928 0.08778625954198473 0.11398963730569948
1 0.7423664122137404 0.5492227979274611 0.09541984732824428 0.06217616580310881
1 0.8625954198473282 0.03367875647668394 0.05343511450381679 0.06735751295336788
1 0.49809160305343514 0.45077720207253885 0.9961832061068703 0.9015544041450777