1 0.9820936639118457 0.9496402877697842 0.030303030303030304 0.08633093525179857
1 0.9752066115702479 0.8776978417266187 0.02203856749311295 0.05755395683453238
1 0.9917355371900827 0.8633093525179856 0.011019283746556474 0.10071942446043165
1 0.9793388429752066 0.7949640287769785 0.03581267217630854 0.1079136690647482
1 0.990358126721763 0.7158273381294964 0.013774104683195593 0.03597122302158273
1 0.9504132231404959 0.8129496402877698 0.0440771349862259 0.08633093525179857
1 0.9421487603305785 0.8812949640287769 0.03856749311294766 0.03597122302158273
1 0.9462809917355371 0.9424460431654677 0.046831955922865015 0.10071942446043165
1 0.9049586776859504 0.935251798561151 0.03581267217630854 0.11510791366906475
1 0.8966942148760331 0.8489208633093526 0.05234159779614325 0.12949640287769784
1 0.8677685950413223 0.9388489208633094 0.027548209366391185 0.1079136690647482
1 0.977961432506887 0.6510791366906474 0.03856749311294766 0.09352517985611511
1 0.9338842975206612 0.7050359712230215 0.0440771349862259 0.11510791366906475
1 0.9614325068870524 0.7410071942446043 0.03305785123966942 0.04316546762589928
1 0.9104683195592287 0.6330935251798561 0.04132231404958678 0.12949640287769784
1 0.9545454545454546 0.5683453237410072 0.05234159779614325 0.14388489208633093
1 0.9862258953168044 0.5683453237410072 0.02203856749311295 0.05755395683453238
1 0.9683195592286501 0.49640287769784175 0.05234159779614325 0.08633093525179857
1 0.9834710743801653 0.42805755395683454 0.027548209366391185 0.09352517985611511
1 0.9820936639118457 0.3669064748201439 0.030303030303030304 0.08633093525179857
1 0.9889807162534435 0.2697841726618705 0.01652892561983471 0.09352517985611511
1 0.8402203856749312 0.9784172661870504 0.03305785123966942 0.02877697841726619
1 0.8140495867768595 0.935251798561151 0.05234159779614325 0.11510791366906475
1 0.8484848484848485 0.8776978417266187 0.0440771349862259 0.12949640287769784
1 0.8553719008264463 0.7589928057553957 0.05234159779614325 0.1223021582733813
1 0.8939393939393939 0.7410071942446043 0.030303030303030304 0.07194244604316546
1 0.9146005509641874 0.7769784172661871 0.03305785123966942 0.05755395683453238
1 0.8787878787878788 0.6834532374100719 0.027548209366391185 0.07194244604316546
1 0.8980716253443526 0.5719424460431655 0.049586776859504134 0.1366906474820144
1 0.9214876033057852 0.5035971223021583 0.03581267217630854 0.05755395683453238
1 0.9490358126721763 0.4028776978417266 0.04132231404958678 0.12949640287769784
1 0.9655647382920111 0.3237410071942446 0.030303030303030304 0.05755395683453238
1 0.9628099173553719 0.26618705035971224 0.030303030303030304 0.07194244604316546
1 0.7699724517906336 0.9748201438848921 0.03581267217630854 0.03597122302158273
1 0.7672176308539945 0.9244604316546763 0.046831955922865015 0.1223021582733813
1 0.7630853994490359 0.8057553956834532 0.049586776859504134 0.12949640287769784
1 0.8071625344352618 0.7661870503597122 0.049586776859504134 0.1079136690647482
1 0.8071625344352618 0.841726618705036 0.03856749311294766 0.07194244604316546
1 0.8360881542699724 0.6942446043165468 0.046831955922865015 0.07913669064748201
1 0.8484848484848485 0.6151079136690647 0.06060606060606061 0.09352517985611511
1 0.8581267217630854 0.5755395683453237 0.046831955922865015 0.08633093525179857
1 0.8677685950413223 0.4856115107913669 0.0440771349862259 0.09352517985611511
1 0.9049586776859504 0.4244604316546763 0.05234159779614325 0.12949640287769784
1 0.9256198347107438 0.3345323741007194 0.03856749311294766 0.07913669064748201
1 0.9269972451790633 0.27697841726618705 0.03581267217630854 0.06474820143884892
1 0.9173553719008265 0.2517985611510791 0.03856749311294766 0.05755395683453238
1 0.8939393939393939 0.2697841726618705 0.01928374655647383 0.050359712230215826
1 0.859504132231405 0.26258992805755393 0.049586776859504134 0.09352517985611511
1 0.8884297520661157 0.29856115107913667 0.03581267217630854 0.06474820143884892
1 0.8870523415977961 0.3489208633093525 0.03856749311294766 0.050359712230215826
1 0.8608815426997245 0.39568345323741005 0.03581267217630854 0.08633093525179857
1 0.8209366391184573 0.45323741007194246 0.049586776859504134 0.12949640287769784
1 0.8415977961432507 0.5251798561151079 0.04132231404958678 0.05755395683453238
1 0.7920110192837465 0.5215827338129496 0.046831955922865015 0.06474820143884892
1 0.790633608815427 0.6079136690647482 0.049586776859504134 0.1510791366906475
1 0.7424242424242424 0.6546762589928058 0.05234159779614325 0.14388489208633093
1 0.7727272727272727 0.7158273381294964 0.046831955922865015 0.07913669064748201
1 0.7410468319559229 0.7517985611510791 0.02203856749311295 0.050359712230215826
1 0.7286501377410468 0.7913669064748201 0.030303030303030304 0.10071942446043165
1 0.7011019283746557 0.841726618705036 0.05234159779614325 0.14388489208633093
1 0.6735537190082644 0.9316546762589928 0.046831955922865015 0.1223021582733813
1 0.699724517906336 0.9712230215827338 0.03305785123966942 0.04316546762589928
1 0.6542699724517906 0.8201438848920863 0.04132231404958678 0.12949640287769784
1 0.640495867768595 0.9784172661870504 0.024793388429752067 0.02877697841726619
1 0.628099173553719 0.9244604316546763 0.03856749311294766 0.1223021582733813
1 0.6005509641873278 0.9784172661870504 0.03856749311294766 0.02877697841726619
1 0.6900826446280992 0.7158273381294964 0.05785123966942149 0.1366906474820144
1 0.6914600550964187 0.6007194244604317 0.049586776859504134 0.1079136690647482
1 0.7424242424242424 0.5467625899280576 0.046831955922865015 0.08633093525179857
1 0.7493112947658402 0.4712230215827338 0.049586776859504134 0.09352517985611511
1 0.7865013774104683 0.4748201438848921 0.024793388429752067 0.02877697841726619
1 0.7920110192837465 0.38489208633093525 0.046831955922865015 0.1223021582733813
1 0.8209366391184573 0.36330935251798563 0.01652892561983471 0.06474820143884892
1 0.803030303030303 0.302158273381295 0.03581267217630854 0.05755395683453238
1 0.8292011019283747 0.2733812949640288 0.027548209366391185 0.04316546762589928
1 0.78099173553719 0.2841726618705036 0.030303030303030304 0.050359712230215826
1 0.7617079889807162 0.29856115107913667 0.030303030303030304 0.03597122302158273
1 0.756198347107438 0.3381294964028777 0.04132231404958678 0.04316546762589928
1 0.7479338842975206 0.39568345323741005 0.04132231404958678 0.07194244604316546
1 0.7327823691460055 0.38489208633093525 0.03856749311294766 0.07913669064748201
1 0.71900826446281 0.35611510791366907 0.03305785123966942 0.06474820143884892
1 0.6763085399449036 0.3345323741007194 0.04132231404958678 0.050359712230215826
1 0.6790633608815427 0.3920863309352518 0.046831955922865015 0.09352517985611511
1 0.7011019283746557 0.4748201438848921 0.046831955922865015 0.14388489208633093
1 0.6735537190082644 0.5287769784172662 0.03581267217630854 0.09352517985611511
1 0.6556473829201102 0.6007194244604317 0.03305785123966942 0.06474820143884892
1 0.6515151515151515 0.6942446043165468 0.03581267217630854 0.1079136690647482
1 0.6322314049586777 0.7553956834532374 0.030303030303030304 0.05755395683453238
1 0.6143250688705234 0.8273381294964028 0.03856749311294766 0.12949640287769784
1 0.5867768595041323 0.9244604316546763 0.0440771349862259 0.1079136690647482
1 0.5606060606060606 0.9712230215827338 0.04132231404958678 0.04316546762589928
1 0.5537190082644629 0.9028776978417267 0.03856749311294766 0.1079136690647482
1 0.5757575757575758 0.802158273381295 0.0440771349862259 0.1366906474820144
1 0.6046831955922864 0.7050359712230215 0.06336088154269973 0.11510791366906475
1 0.6184573002754821 0.6294964028776978 0.03581267217630854 0.050359712230215826
1 0.6267217630853994 0.5179856115107914 0.05234159779614325 0.14388489208633093
1 0.6611570247933884 0.5 0.027548209366391185 0.1079136690647482
1 0.6253443526170799 0.42805755395683454 0.0440771349862259 0.07913669064748201
1 0.6294765840220385 0.3776978417266187 0.030303030303030304 0.050359712230215826
1 0.5950413223140496 0.5431654676258992 0.0440771349862259 0.09352517985611511
1 0.5826446280991735 0.6115107913669064 0.046831955922865015 0.12949640287769784
1 0.5440771349862259 0.579136690647482 0.04132231404958678 0.1079136690647482
1 0.5495867768595041 0.6906474820143885 0.046831955922865015 0.10071942446043165
1 0.5261707988980716 0.6726618705035972 0.027548209366391185 0.09352517985611511
1 0.4889807162534435 0.6906474820143885 0.04132231404958678 0.07194244604316546
1 0.4462809917355372 0.6834532374100719 0.0440771349862259 0.08633093525179857
1 0.453168044077135 0.7661870503597122 0.04132231404958678 0.1079136690647482
1 0.4889807162534435 0.7841726618705036 0.04132231404958678 0.12949640287769784
1 0.5303030303030303 0.7841726618705036 0.046831955922865015 0.11510791366906475
1 0.41046831955922863 0.7697841726618705 0.03856749311294766 0.11510791366906475
1 0.384297520661157 0.8705035971223022 0.03581267217630854 0.11510791366906475
1 0.4256198347107438 0.8705035971223022 0.04132231404958678 0.12949640287769784
1 0.4696969696969697 0.8669064748201439 0.046831955922865015 0.1223021582733813
1 0.5137741046831956 0.8920863309352518 0.046831955922865015 0.11510791366906475
1 0.5247933884297521 0.9676258992805755 0.04132231404958678 0.050359712230215826
1 0.4834710743801653 0.9568345323741008 0.04132231404958678 0.07194244604316546
1 0.44214876033057854 0.9532374100719424 0.04132231404958678 0.07913669064748201
1 0.40082644628099173 0.960431654676259 0.05234159779614325 0.06474820143884892
1 0.3622589531680441 0.9568345323741008 0.030303030303030304 0.07194244604316546
1 0.7300275482093664 0.2841726618705036 0.0440771349862259 0.07913669064748201
1 0.6859504132231405 0.25539568345323743 0.03305785123966942 0.09352517985611511
1 0.6322314049586777 0.2446043165467626 0.030303030303030304 0.07194244604316546
1 0.6570247933884298 0.28776978417266186 0.030303030303030304 0.05755395683453238
1 0.6363636363636364 0.32014388489208634 0.0440771349862259 0.06474820143884892
1 0.6101928374655647 0.26618705035971224 0.04132231404958678 0.07194244604316546
1 0.5771349862258953 0.2733812949640288 0.030303030303030304 0.07194244604316546
1 0.5964187327823691 0.3345323741007194 0.03581267217630854 0.06474820143884892
1 0.5798898071625345 0.35611510791366907 0.030303030303030304 0.03597122302158273
1 0.5771349862258953 0.48201438848920863 0.046831955922865015 0.07194244604316546
1 0.5482093663911846 0.44244604316546765 0.0440771349862259 0.09352517985611511
1 0.5895316804407713 0.4136690647482014 0.03856749311294766 0.06474820143884892
1 0.5509641873278237 0.31654676258992803 0.03305785123966942 0.07194244604316546
1 0.5399449035812672 0.3597122302158273 0.03305785123966942 0.07194244604316546
1 0.5151515151515151 0.3273381294964029 0.03305785123966942 0.07913669064748201
1 0.5358126721763086 0.2733812949640288 0.01928374655647383 0.014388489208633094
1 0.49173553719008267 0.38489208633093525 0.01928374655647383 0.050359712230215826
1 0.512396694214876 0.4136690647482014 0.027548209366391185 0.06474820143884892
1 0.49449035812672176 0.4676258992805755 0.04132231404958678 0.08633093525179857
1 0.5068870523415978 0.539568345323741 0.027548209366391185 0.08633093525179857
1 0.49449035812672176 0.6151079136690647 0.046831955922865015 0.1079136690647482
1 0.46005509641873277 0.6223021582733813 0.03305785123966942 0.09352517985611511
1 0.46831955922865015 0.5359712230215827 0.03305785123966942 0.06474820143884892
1 0.4669421487603306 0.4784172661870504 0.01928374655647383 0.03597122302158273
1 0.4669421487603306 0.44244604316546765 0.024793388429752067 0.09352517985611511
1 0.44214876033057854 0.4568345323741007 0.030303030303030304 0.050359712230215826
1 0.44214876033057854 0.39928057553956836 0.024793388429752067 0.06474820143884892
1 0.41046831955922863 0.49640287769784175 0.02203856749311295 0.04316546762589928
1 0.4366391184573003 0.5179856115107914 0.030303030303030304 0.08633093525179857
1 0.40633608815426997 0.5683453237410072 0.03581267217630854 0.08633093525179857
1 0.3760330578512397 0.5179856115107914 0.03581267217630854 0.08633093525179857
1 0.4022038567493113 0.45323741007194246 0.02203856749311295 0.02877697841726619
1 0.4297520661157025 0.60431654676259 0.03305785123966942 0.05755395683453238
1 0.41460055096418735 0.6690647482014388 0.03581267217630854 0.07194244604316546
1 0.38154269972451793 0.6726618705035972 0.024793388429752067 0.07913669064748201
1 0.3691460055096419 0.6079136690647482 0.027548209366391185 0.07913669064748201
1 0.33884297520661155 0.6187050359712231 0.03305785123966942 0.08633093525179857
1 0.3443526170798898 0.6762589928057554 0.03305785123966942 0.08633093525179857
1 0.3044077134986226 0.6294964028776978 0.030303030303030304 0.07913669064748201
1 0.26721763085399447 0.6762589928057554 0.03305785123966942 0.10071942446043165
1 0.30165289256198347 0.697841726618705 0.03581267217630854 0.05755395683453238
1 0.38154269972451793 0.7589928057553957 0.024793388429752067 0.07913669064748201
1 0.359504132231405 0.7733812949640287 0.030303030303030304 0.1079136690647482
1 0.32231404958677684 0.7733812949640287 0.0440771349862259 0.09352517985611511
1 0.2878787878787879 0.7805755395683454 0.030303030303030304 0.09352517985611511
1 0.25895316804407714 0.7733812949640287 0.02203856749311295 0.07913669064748201
1 0.23140495867768596 0.7805755395683454 0.03305785123966942 0.06474820143884892
1 0.3608815426997245 0.8597122302158273 0.01652892561983471 0.09352517985611511
1 0.3347107438016529 0.841726618705036 0.024793388429752067 0.08633093525179857
1 0.3002754820936639 0.8453237410071942 0.03305785123966942 0.07913669064748201
1 0.26584022038567495 0.8489208633093526 0.030303030303030304 0.10071942446043165
1 0.2396694214876033 0.8561151079136691 0.027548209366391185 0.08633093525179857
1 0.2162534435261708 0.8561151079136691 0.024793388429752067 0.07194244604316546
1 0.20110192837465565 0.920863309352518 0.02203856749311295 0.08633093525179857
1 0.17768595041322313 0.9748201438848921 0.030303030303030304 0.03597122302158273
1 0.20798898071625344 0.9748201438848921 0.03581267217630854 0.03597122302158273
1 0.22727272727272727 0.9424460431654677 0.024793388429752067 0.08633093525179857
1 0.26170798898071623 0.9460431654676259 0.027548209366391185 0.07913669064748201
1 0.2837465564738292 0.9244604316546763 0.01652892561983471 0.050359712230215826
1 0.3085399449035813 0.9316546762589928 0.03305785123966942 0.07913669064748201
1 0.3402203856749311 0.935251798561151 0.024793388429752067 0.08633093525179857
1 0.5440771349862259 0.22661870503597123 0.030303030303030304 0.06474820143884892
1 0.5165289256198347 0.2302158273381295 0.024793388429752067 0.08633093525179857
1 0.49586776859504134 0.23381294964028776 0.027548209366391185 0.050359712230215826
1 0.49173553719008267 0.2949640287769784 0.03581267217630854 0.08633093525179857
1 0.4628099173553719 0.35611510791366907 0.03856749311294766 0.06474820143884892
1 0.4573002754820937 0.2697841726618705 0.03856749311294766 0.09352517985611511
1 0.46005509641873277 0.22302158273381295 0.02203856749311295 0.02877697841726619
1 0.47796143250688705 0.20503597122302158 0.01928374655647383 0.03597122302158273
1 0.4380165289256198 0.22302158273381295 0.01652892561983471 0.04316546762589928
1 0.4297520661157025 0.2697841726618705 0.02203856749311295 0.06474820143884892
1 0.46005509641873277 0.2805755395683453 0.03305785123966942 0.08633093525179857
1 0.4214876033057851 0.3489208633093525 0.03305785123966942 0.09352517985611511
1 0.4132231404958678 0.4244604316546763 0.027548209366391185 0.07194244604316546
1 0.384297520661157 0.3920863309352518 0.03581267217630854 0.1079136690647482
1 0.3746556473829201 0.4460431654676259 0.027548209366391185 0.02877697841726619
1 0.34297520661157027 0.4856115107913669 0.04132231404958678 0.1223021582733813
1 0.3278236914600551 0.5467625899280576 0.03305785123966942 0.07194244604316546
1 0.29201101928374656 0.539568345323741 0.03305785123966942 0.10071942446043165
1 0.30165289256198347 0.4784172661870504 0.030303030303030304 0.06474820143884892
1 0.3085399449035813 0.420863309352518 0.027548209366391185 0.07913669064748201
1 0.34297520661157027 0.4064748201438849 0.03581267217630854 0.07913669064748201
1 0.3650137741046832 0.36330935251798563 0.024793388429752067 0.06474820143884892
1 0.38292011019283745 0.29136690647482016 0.03856749311294766 0.09352517985611511
1 0.41460055096418735 0.25539568345323743 0.030303030303030304 0.07913669064748201
1 0.14738292011019283 0.9712230215827338 0.030303030303030304 0.04316546762589928
1 0.11983471074380166 0.9712230215827338 0.030303030303030304 0.04316546762589928
1 0.08953168044077135 0.960431654676259 0.030303030303030304 0.06474820143884892
1 0.06198347107438017 0.9568345323741008 0.024793388429752067 0.07194244604316546
1 0.03856749311294766 0.9784172661870504 0.02203856749311295 0.02877697841726619
1 0.011019283746556474 0.9676258992805755 0.02203856749311295 0.050359712230215826
1 0.16666666666666666 0.9064748201438849 0.04132231404958678 0.08633093525179857
1 0.19146005509641872 0.8237410071942446 0.03581267217630854 0.07913669064748201
1 0.19696969696969696 0.7338129496402878 0.04132231404958678 0.08633093525179857
1 0.22865013774104684 0.697841726618705 0.03856749311294766 0.10071942446043165
1 0.2396694214876033 0.6007194244604317 0.03856749311294766 0.09352517985611511
1 0.2768595041322314 0.5971223021582733 0.030303030303030304 0.05755395683453238
1 0.2644628099173554 0.5179856115107914 0.02203856749311295 0.08633093525179857
1 0.2768595041322314 0.4676258992805755 0.01928374655647383 0.04316546762589928
1 0.2396694214876033 0.5287769784172662 0.03856749311294766 0.06474820143884892
1 0.21487603305785125 0.6294964028776978 0.01652892561983471 0.050359712230215826
1 0.19008264462809918 0.6474820143884892 0.03856749311294766 0.08633093525179857
1 0.15702479338842976 0.7230215827338129 0.03856749311294766 0.09352517985611511
1 0.15702479338842976 0.8165467625899281 0.03305785123966942 0.09352517985611511
1 0.13085399449035812 0.8129496402877698 0.024793388429752067 0.10071942446043165
1 0.13360881542699724 0.8920863309352518 0.030303030303030304 0.08633093525179857
1 0.11294765840220386 0.8776978417266187 0.02203856749311295 0.07194244604316546
1 0.10606060606060606 0.802158273381295 0.030303030303030304 0.09352517985611511
1 0.08677685950413223 0.8884892086330936 0.030303030303030304 0.07913669064748201
1 0.07988980716253444 0.7949640287769785 0.027548209366391185 0.09352517985611511
1 0.05785123966942149 0.8705035971223022 0.027548209366391185 0.10071942446043165
1 0.030303030303030304 0.9064748201438849 0.03305785123966942 0.07194244604316546
1 0.008264462809917356 0.89568345323741 0.01652892561983471 0.07913669064748201
1 0.028925619834710745 0.8309352517985612 0.024793388429752067 0.06474820143884892
1 0.05234159779614325 0.7733812949640287 0.027548209366391185 0.09352517985611511
1 0.0743801652892562 0.7050359712230215 0.03305785123966942 0.08633093525179857
1 0.008264462809917356 0.8273381294964028 0.01652892561983471 0.08633093525179857
1 0.02203856749311295 0.7482014388489209 0.03305785123966942 0.08633093525179857
1 0.04269972451790634 0.6762589928057554 0.03581267217630854 0.08633093525179857
1 0.081267217630854 0.60431654676259 0.046831955922865015 0.10071942446043165
1 0.11570247933884298 0.7050359712230215 0.0440771349862259 0.07194244604316546
1 0.14325068870523416 0.6294964028776978 0.05509641873278237 0.1079136690647482
1 0.1115702479338843 0.6474820143884892 0.03581267217630854 0.04316546762589928
1 0.10743801652892562 0.5611510791366906 0.049586776859504134 0.11510791366906475
1 0.13911845730027547 0.564748201438849 0.030303030303030304 0.06474820143884892
1 0.04269972451790634 0.5719424460431655 0.030303030303030304 0.1079136690647482
1 0.012396694214876033 0.5863309352517986 0.024793388429752067 0.09352517985611511
1 0.011019283746556474 0.6546762589928058 0.02203856749311295 0.08633093525179857
1 0.16942148760330578 0.5359712230215827 0.03581267217630854 0.09352517985611511
1 0.20798898071625344 0.579136690647482 0.03581267217630854 0.07913669064748201
1 0.21349862258953167 0.49280575539568344 0.046831955922865015 0.09352517985611511
1 0.17355371900826447 0.4748201438848921 0.049586776859504134 0.07194244604316546
1 0.21349862258953167 0.43884892086330934 0.04132231404958678 0.07194244604316546
1 0.1887052341597796 0.4064748201438849 0.030303030303030304 0.06474820143884892
1 0.20523415977961432 0.3597122302158273 0.03581267217630854 0.08633093525179857
1 0.24104683195592286 0.381294964028777 0.04132231404958678 0.10071942446043165
1 0.26170798898071623 0.43884892086330934 0.02203856749311295 0.04316546762589928
1 0.2768595041322314 0.3920863309352518 0.030303030303030304 0.09352517985611511
1 0.39118457300275483 0.21942446043165467 0.03305785123966942 0.050359712230215826
1 0.35399449035812675 0.20503597122302158 0.024793388429752067 0.03597122302158273
1 0.3581267217630854 0.24100719424460432 0.027548209366391185 0.06474820143884892
1 0.34710743801652894 0.29136690647482016 0.027548209366391185 0.07913669064748201
1 0.34573002754820936 0.33093525179856115 0.04132231404958678 0.05755395683453238
1 0.31129476584022037 0.33093525179856115 0.03305785123966942 0.07194244604316546
1 0.3278236914600551 0.24820143884892087 0.02203856749311295 0.06474820143884892
1 0.3044077134986226 0.2697841726618705 0.03581267217630854 0.050359712230215826
1 0.2796143250688705 0.302158273381295 0.04132231404958678 0.07194244604316546
1 0.23829201101928374 0.2841726618705036 0.03581267217630854 0.07913669064748201
1 0.19421487603305784 0.26618705035971224 0.046831955922865015 0.10071942446043165
1 0.15289256198347106 0.24100719424460432 0.04132231404958678 0.07913669064748201
1 0.1584022038567493 0.30935251798561153 0.03581267217630854 0.07194244604316546
1 0.18044077134986225 0.34532374100719426 0.024793388429752067 0.05755395683453238
1 0.1652892561983471 0.4028776978417266 0.027548209366391185 0.08633093525179857
1 0.1418732782369146 0.381294964028777 0.046831955922865015 0.10071942446043165
1 0.12396694214876033 0.24820143884892087 0.027548209366391185 0.03597122302158273
1 0.10192837465564739 0.23381294964028776 0.01652892561983471 0.02158273381294964
1 0.09779614325068871 0.2589928057553957 0.024793388429752067 0.02877697841726619
1 0.09504132231404959 0.28776978417266186 0.024793388429752067 0.05755395683453238
1 0.12396694214876033 0.29856115107913667 0.03856749311294766 0.07913669064748201
1 0.08402203856749312 0.32014388489208634 0.030303030303030304 0.06474820143884892
1 0.06887052341597796 0.26258992805755393 0.02203856749311295 0.050359712230215826
1 0.049586776859504134 0.28776978417266186 0.03856749311294766 0.08633093525179857
1 0.01928374655647383 0.25539568345323743 0.02203856749311295 0.06474820143884892
1 0.006887052341597796 0.24100719424460432 0.013774104683195593 0.050359712230215826
1 0.012396694214876033 0.2805755395683453 0.024793388429752067 0.05755395683453238
1 0.024793388429752067 0.31654676258992803 0.049586776859504134 0.07194244604316546
1 0.03305785123966942 0.38848920863309355 0.03305785123966942 0.07194244604316546
1 0.05785123966942149 0.4064748201438849 0.03856749311294766 0.1223021582733813
1 0.09366391184573003 0.39928057553956836 0.0440771349862259 0.07913669064748201
1 0.10192837465564739 0.4748201438848921 0.0440771349862259 0.08633093525179857
1 0.1418732782369146 0.4712230215827338 0.046831955922865015 0.09352517985611511
1 0.03856749311294766 0.46402877697841727 0.03305785123966942 0.07913669064748201
1 0.012396694214876033 0.42805755395683454 0.024793388429752067 0.07913669064748201
1 0.013774104683195593 0.5 0.027548209366391185 0.07913669064748201