1 0.7244444444444444 0.43777777777777777 0.26666666666666666 0.48444444444444446
1 0.7644444444444445 0.4222222222222222 0.12444444444444444 0.2577777777777778
1 0.32222222222222224 0.6155555555555555 0.057777777777777775 0.04
1 0.37333333333333335 0.6 0.044444444444444446 0.035555555555555556
1 0.42444444444444446 0.5977777777777777 0.04888888888888889 0.04
1 0.48444444444444446 0.5888888888888889 0.05333333333333334 0.04888888888888889
1 0.54 0.5822222222222222 0.057777777777777775 0.044444444444444446
1 0.5911111111111111 0.5755555555555556 0.05333333333333334 0.04888888888888889
1 0.56 0.6822222222222222 0.05333333333333334 0.04888888888888889
1 0.6111111111111112 0.7022222222222222 0.04 0.05333333333333334
1 0.6466666666666666 0.7 0.022222222222222223 0.022222222222222223
1 0.5555555555555556 0.7444444444444445 0.044444444444444446 0.03111111111111111
1 0.48 0.6933333333333334 0.044444444444444446 0.035555555555555556
1 0.43333333333333335 0.7044444444444444 0.022222222222222223 0.04
1 0.44666666666666666 0.5844444444444444 0.4222222222222222 0.1288888888888889
1 0.40444444444444444 0.52 0.4711111111111111 0.1511111111111111
1 0.5977777777777777 0.45555555555555555 0.1111111111111111 0.08444444444444445
1 0.44 0.4444444444444444 0.5955555555555555 0.4
1 0.34 0.45111111111111113 0.3511111111111111 0.28888888888888886
1 0.5177777777777778 0.28444444444444444 0.49333333333333335 0.13333333333333333
1 0.25555555555555554 0.37777777777777777 0.24444444444444444 0.06222222222222222
1 0.18222222222222223 0.5022222222222222 0.14222222222222222 0.13333333333333333