1 0.9183673469387755 0.33771929824561403 0.036281179138321996 0.11403508771929824
1 0.9047619047619048 0.4649122807017544 0.049886621315192746 0.19298245614035087
1 0.8979591836734694 0.7412280701754386 0.07709750566893424 0.30701754385964913
1 0.8571428571428571 0.543859649122807 0.05442176870748299 0.21052631578947367
1 0.8718820861678005 0.35964912280701755 0.05215419501133787 0.21052631578947367
1 0.8242630385487528 0.37280701754385964 0.05668934240362812 0.21929824561403508
1 0.8049886621315193 0.6052631578947368 0.05442176870748299 0.22807017543859648
1 0.8276643990929705 0.7543859649122807 0.05895691609977324 0.24561403508771928
1 0.7721088435374149 0.4298245614035088 0.05668934240362812 0.24561403508771928
1 0.7392290249433107 0.6798245614035088 0.05442176870748299 0.21929824561403508
1 0.7709750566893424 0.7412280701754386 0.05895691609977324 0.2719298245614035
1 0.7097505668934241 0.4780701754385965 0.045351473922902494 0.20175438596491227
1 0.6768707482993197 0.32456140350877194 0.05215419501133787 0.17543859649122806
1 0.6746031746031746 0.7017543859649122 0.06575963718820861 0.2631578947368421
1 0.6235827664399093 0.33771929824561403 0.05895691609977324 0.18421052631578946
1 0.6156462585034014 0.6929824561403509 0.061224489795918366 0.22807017543859648
1 0.5850340136054422 0.5833333333333334 0.05442176870748299 0.2543859649122807
1 0.5759637188208617 0.2719298245614035 0.045351473922902494 0.19298245614035087
1 0.5510204081632653 0.3991228070175439 0.049886621315192746 0.18421052631578946
1 0.5090702947845805 0.2324561403508772 0.07482993197278912 0.23684210526315788
1 0.47732426303854875 0.4473684210526316 0.061224489795918366 0.21052631578947367
1 0.518140589569161 0.6491228070175439 0.061224489795918366 0.24561403508771928
1 0.5544217687074829 0.6491228070175439 0.02947845804988662 0.17543859649122806
1 0.47619047619047616 0.4605263157894737 0.05895691609977324 0.20175438596491227
1 0.4365079365079365 0.25877192982456143 0.05215419501133787 0.2543859649122807
1 0.46485260770975056 0.23684210526315788 0.027210884353741496 0.10526315789473684
1 0.3922902494331066 0.20614035087719298 0.05895691609977324 0.20175438596491227
1 0.35941043083900226 0.3201754385964912 0.061224489795918366 0.20175438596491227
1 0.40476190476190477 0.5657894736842105 0.06575963718820861 0.2543859649122807
1 0.4467120181405896 0.6885964912280702 0.06349206349206349 0.2543859649122807
1 0.3707482993197279 0.6535087719298246 0.04308390022675737 0.21929824561403508
1 0.3253968253968254 0.6271929824561403 0.07029478458049887 0.32456140350877194
1 0.2789115646258503 0.39035087719298245 0.06349206349206349 0.20175438596491227
1 0.31519274376417233 0.18421052631578946 0.05895691609977324 0.22807017543859648
1 0.2687074829931973 0.19736842105263158 0.024943310657596373 0.14912280701754385
1 0.23356009070294784 0.21929824561403508 0.06349206349206349 0.24561403508771928
1 0.1870748299319728 0.14912280701754385 0.05215419501133787 0.22807017543859648
1 0.14852607709750568 0.27631578947368424 0.06575963718820861 0.21929824561403508
1 0.10770975056689343 0.13596491228070176 0.05215419501133787 0.20175438596491227
1 0.06575963718820861 0.33771929824561403 0.06349206349206349 0.21929824561403508
1 0.049886621315192746 0.6228070175438597 0.05895691609977324 0.2631578947368421
1 0.11904761904761904 0.5964912280701754 0.07936507936507936 0.2807017543859649
1 0.17800453514739228 0.6403508771929824 0.047619047619047616 0.21052631578947367
1 0.2018140589569161 0.5131578947368421 0.06349206349206349 0.2543859649122807
1 0.2471655328798186 0.6447368421052632 0.06349206349206349 0.2719298245614035
1 0.4875283446712018 0.4649122807017544 0.9387755102040817 0.8771929824561403