1 0.4393939393939394 0.3520710059171598 0.2996632996632997 0.47928994082840237
1 0.6363636363636364 0.257396449704142 0.24242424242424243 0.40828402366863903
1 0.8787878787878788 0.30177514792899407 0.2356902356902357 0.4378698224852071
1 0.8821548821548821 0.6538461538461539 0.22895622895622897 0.3136094674556213
1 0.8855218855218855 0.8698224852071006 0.2222222222222222 0.2485207100591716
1 0.5555555555555556 0.7751479289940828 0.30976430976430974 0.4378698224852071
1 0.6767676767676768 0.6775147928994083 0.22895622895622897 0.42011834319526625
1 0.3434343434343434 0.7603550295857988 0.2558922558922559 0.4319526627218935
1 0.2474747474747475 0.9053254437869822 0.31986531986531985 0.17751479289940827
1 0.10437710437710437 0.757396449704142 0.20875420875420875 0.47337278106508873
1 0.20202020202020202 0.42011834319526625 0.22895622895622897 0.378698224852071
1 0.058922558922558925 0.40236686390532544 0.11784511784511785 0.27218934911242604
1 0.13973063973063973 0.1242603550295858 0.25925925925925924 0.2485207100591716
1 0.4006734006734007 0.07692307692307693 0.2895622895622896 0.15384615384615385
1 0.7946127946127947 0.07396449704142012 0.18855218855218855 0.14792899408284024
1 0.9494949494949495 0.07100591715976332 0.09427609427609428 0.14201183431952663