1 0.9387096774193548 0.19325153374233128 0.11612903225806452 0.38650306748466257
1 0.9274193548387096 0.5122699386503068 0.13870967741935483 0.38650306748466257
1 0.9225806451612903 0.8404907975460123 0.1032258064516129 0.26993865030674846
1 0.9806451612903225 0.8496932515337423 0.03225806451612903 0.27607361963190186
1 0.8516129032258064 0.7055214723926381 0.11612903225806452 0.18404907975460122
1 0.8838709677419355 0.4785276073619632 0.09032258064516129 0.2822085889570552
1 0.7951612903225806 0.43558282208588955 0.22258064516129034 0.6625766871165644
1 0.8274193548387097 0.07668711656441718 0.08064516129032258 0.15337423312883436
1 0.8790322580645161 0.8834355828220859 0.1774193548387097 0.22085889570552147
1 0.7725806451612903 0.8773006134969326 0.13870967741935483 0.2331288343558282
1 0.6516129032258065 0.6073619631901841 0.13548387096774195 0.5766871165644172
1 0.6419354838709678 0.44171779141104295 0.1032258064516129 0.34355828220858897
1 0.6370967741935484 0.7883435582822086 0.11290322580645161 0.4110429447852761
1 0.682258064516129 0.9539877300613497 0.035483870967741936 0.07975460122699386
1 0.7129032258064516 0.2607361963190184 0.09032258064516129 0.3006134969325153
1 0.6709677419354839 0.06748466257668712 0.24516129032258063 0.13496932515337423
1 0.6516129032258065 0.08282208588957055 0.14193548387096774 0.1656441717791411
1 0.6516129032258065 0.24846625766871167 0.13548387096774195 0.3006134969325153
1 0.5032258064516129 0.5122699386503068 0.17419354838709677 0.9631901840490797
1 0.4290322580645161 0.5736196319018405 0.05161290322580645 0.32515337423312884
1 0.3919354838709677 0.38650306748466257 0.19032258064516128 0.5153374233128835
1 0.38387096774193546 0.17791411042944785 0.2645161290322581 0.3558282208588957
1 0.29354838709677417 0.4570552147239264 0.14838709677419354 0.9141104294478528
1 0.3725806451612903 0.7944785276073619 0.1 0.3987730061349693
1 0.25161290322580643 0.8987730061349694 0.13548387096774195 0.1901840490797546
1 0.13225806451612904 0.8711656441717791 0.17419354838709677 0.24539877300613497
1 0.20161290322580644 0.3803680981595092 0.11935483870967742 0.7607361963190185
1 0.17903225806451614 0.25766871165644173 0.2161290322580645 0.5153374233128835
1 0.16774193548387098 0.0736196319018405 0.05161290322580645 0.147239263803681
1 0.13225806451612904 0.7791411042944786 0.06451612903225806 0.19631901840490798
1 0.07258064516129033 0.7423312883435583 0.14516129032258066 0.5030674846625767
1 0.07258064516129033 0.34355828220858897 0.14516129032258066 0.5766871165644172
1 0.12258064516129032 0.3343558282208589 0.11612903225806452 0.3496932515337423
1 0.07903225806451612 0.027607361963190184 0.0935483870967742 0.05521472392638037
1 0.04032258064516129 0.24539877300613497 0.08064516129032258 0.49079754601226994
1 0.020967741935483872 0.7699386503067485 0.041935483870967745 0.2883435582822086