1 0.7618181818181818 0.8497267759562842 0.21454545454545454 0.2896174863387978
1 0.9290909090909091 0.7431693989071039 0.13454545454545455 0.5027322404371585
1 0.8763636363636363 0.8387978142076503 0.11636363636363636 0.3114754098360656
1 0.7672727272727272 0.546448087431694 0.21818181818181817 0.32786885245901637
1 0.8690909090909091 0.3743169398907104 0.2545454545454545 0.2677595628415301
1 0.8763636363636363 0.15300546448087432 0.24 0.2185792349726776
1 0.6745454545454546 0.25136612021857924 0.2509090909090909 0.40437158469945356
1 0.5818181818181818 0.4672131147540984 0.15272727272727274 0.2786885245901639
1 0.5290909090909091 0.5628415300546448 0.20727272727272728 0.25136612021857924
1 0.5436363636363636 0.8278688524590164 0.21454545454545454 0.3333333333333333
1 0.6363636363636364 0.7431693989071039 0.10181818181818182 0.18579234972677597
1 0.3290909090909091 0.7786885245901639 0.2509090909090909 0.3770491803278688
1 0.28909090909090907 0.4672131147540984 0.3527272727272727 0.2677595628415301
1 0.4581818181818182 0.24316939890710382 0.2109090909090909 0.4098360655737705
1 0.29818181818181816 0.27595628415300544 0.16 0.18032786885245902
1 0.34 0.11748633879781421 0.12727272727272726 0.15846994535519127
1 0.14181818181818182 0.11475409836065574 0.28363636363636363 0.22950819672131148
1 0.12181818181818181 0.2978142076502732 0.24363636363636362 0.2677595628415301
1 0.02727272727272727 0.11475409836065574 0.05454545454545454 0.08743169398907104
1 0.06181818181818182 0.5765027322404371 0.12363636363636364 0.2896174863387978
1 0.1290909090909091 0.7459016393442623 0.2290909090909091 0.366120218579235
1 0.2690909090909091 0.9180327868852459 0.1890909090909091 0.15300546448087432
1 0.4163636363636364 0.9153005464480874 0.12 0.15846994535519127
1 0.08545454545454545 0.855191256830601 0.1709090909090909 0.2786885245901639