1 0.7337883959044369 0.6918604651162791 0.19795221843003413 0.29069767441860467
1 0.8839590443686007 0.7587209302325582 0.15017064846416384 0.47093023255813954
1 0.9778156996587031 0.7674418604651163 0.03754266211604096 0.45348837209302323
1 0.810580204778157 0.47093023255813954 0.09897610921501707 0.20930232558139536
1 0.9266211604095563 0.39825581395348836 0.13993174061433447 0.2616279069767442
1 0.9300341296928327 0.13372093023255813 0.13310580204778158 0.26744186046511625
1 0.8191126279863481 0.08139534883720931 0.1296928327645051 0.16279069767441862
1 0.7713310580204779 0.21220930232558138 0.10921501706484642 0.19186046511627908
1 0.643344709897611 0.8546511627906976 0.24232081911262798 0.27906976744186046
1 0.5392491467576792 0.0755813953488372 0.17747440273037543 0.1511627906976744
1 0.6706484641638225 0.21220930232558138 0.07849829351535836 0.42441860465116277
1 0.6672354948805461 0.21220930232558138 0.030716723549488054 0.42441860465116277
1 0.43686006825938567 0.9186046511627907 0.06143344709897611 0.1511627906976744
1 0.33447098976109213 0.8837209302325582 0.08873720136518772 0.22093023255813954
1 0.23720136518771331 0.6482558139534884 0.13310580204778158 0.5988372093023255
1 0.13651877133105803 0.7267441860465116 0.2593856655290102 0.45348837209302323
1 0.11604095563139932 0.9186046511627907 0.19112627986348124 0.1511627906976744
1 0.042662116040955635 0.7674418604651163 0.08532423208191127 0.20930232558139536
1 0.010238907849829351 0.561046511627907 0.020477815699658702 0.1569767441860465
1 0.06825938566552901 0.39244186046511625 0.13651877133105803 0.19186046511627908
1 0.2525597269624573 0.25872093023255816 0.2593856655290102 0.22674418604651161
1 0.26109215017064846 0.09593023255813954 0.14675767918088736 0.19186046511627908
1 0.11262798634812286 0.15406976744186046 0.21160409556313994 0.3081395348837209
1 0.03754266211604096 0.05813953488372093 0.07508532423208192 0.11627906976744186