1 0.7715877437325905 0.6631205673758865 0.08913649025069638 0.23404255319148937
1 0.6629526462395543 0.6063829787234043 0.08913649025069638 0.24822695035460993
1 0.7061281337047354 0.37943262411347517 0.08635097493036212 0.1773049645390071
1 0.6462395543175488 0.39361702127659576 0.08913649025069638 0.20567375886524822
1 0.5821727019498607 0.4326241134751773 0.08356545961002786 0.2127659574468085
1 0.5125348189415042 0.4716312056737589 0.08913649025069638 0.2198581560283688
1 0.44707520891364905 0.5 0.0807799442896936 0.24822695035460993
1 0.3788300835654596 0.5141843971631206 0.08913649025069638 0.2198581560283688
1 0.31058495821727017 0.5390070921985816 0.08635097493036212 0.24113475177304963
1 0.23259052924791088 0.5425531914893617 0.09192200557103064 0.2198581560283688
1 0.49442896935933145 0.4397163120567376 0.8328690807799443 0.5390070921985816