1 0.7563636363636363 0.8442622950819673 0.48 0.3005464480874317
1 0.6745454545454546 0.4371584699453552 0.6436363636363637 0.7650273224043715
1 0.7254545454545455 0.07923497267759563 0.22181818181818183 0.15846994535519127
1 0.8618181818181818 0.05191256830601093 0.22545454545454546 0.10382513661202186
1 0.9672727272727273 0.030054644808743168 0.05818181818181818 0.060109289617486336
1 0.5509090909090909 0.07103825136612021 0.14181818181818182 0.14207650273224043
1 0.37636363636363634 0.16666666666666666 0.2581818181818182 0.2896174863387978
1 0.24545454545454545 0.1284153005464481 0.2509090909090909 0.22404371584699453
1 0.14 0.42896174863387976 0.28 0.2786885245901639
1 0.19272727272727272 0.5163934426229508 0.38545454545454544 0.4207650273224044
1 0.10181818181818182 0.855191256830601 0.20363636363636364 0.2786885245901639