1 0.9097859327217125 0.9090909090909091 0.1743119266055046 0.16883116883116883
1 0.9617737003058104 0.685064935064935 0.07033639143730887 0.38311688311688313
1 0.9464831804281345 0.41883116883116883 0.10091743119266056 0.3961038961038961
1 0.8746177370030581 0.7987012987012987 0.1162079510703364 0.3246753246753247
1 0.7155963302752294 0.775974025974026 0.25076452599388377 0.42207792207792205
1 0.6620795107033639 0.9675324675324676 0.1559633027522936 0.05194805194805195
1 0.11926605504587157 0.814935064935065 0.23853211009174313 0.35714285714285715
1 0.047400611620795105 0.2857142857142857 0.09480122324159021 0.5714285714285714
1 0.09327217125382263 0.31493506493506496 0.1559633027522936 0.6298701298701299
1 0.04281345565749235 0.6461038961038961 0.0856269113149847 0.13636363636363635
1 0.12844036697247707 0.5584415584415584 0.04892966360856269 0.16883116883116883
1 0.19571865443425077 0.577922077922078 0.09174311926605505 0.2727272727272727
1 0.28440366972477066 0.8084415584415584 0.09785932721712538 0.3051948051948052
1 0.3348623853211009 0.9285714285714286 0.0764525993883792 0.12987012987012986
1 0.40214067278287463 0.9577922077922078 0.07033639143730887 0.07142857142857142
1 0.26605504587155965 0.9512987012987013 0.04892966360856269 0.08441558441558442
1 0.39143730886850153 0.8051948051948052 0.12232415902140673 0.18181818181818182
1 0.41590214067278286 0.8766233766233766 0.06116207951070336 0.07792207792207792
1 0.4877675840978593 0.9448051948051948 0.09480122324159021 0.09740259740259741
1 0.5596330275229358 0.9448051948051948 0.04892966360856269 0.09740259740259741
1 0.7752293577981652 0.35714285714285715 0.23547400611620795 0.5454545454545454
1 0.882262996941896 0.15584415584415584 0.22935779816513763 0.3116883116883117
1 0.5045871559633027 0.724025974025974 0.0856269113149847 0.2922077922077922
1 0.5504587155963303 0.7792207792207793 0.09174311926605505 0.2727272727272727
1 0.6284403669724771 0.6298701298701299 0.10091743119266056 0.19480519480519481
1 0.6957186544342507 0.538961038961039 0.09480122324159021 0.19480519480519481
1 0.7920489296636085 0.5844155844155844 0.0672782874617737 0.11688311688311688
1 0.5795107033639144 0.4675324675324675 0.10091743119266056 0.2077922077922078
1 0.48623853211009177 0.37987012987012986 0.1345565749235474 0.16233766233766234
1 0.4510703363914373 0.4642857142857143 0.12538226299694188 0.17532467532467533
1 0.40978593272171254 0.5811688311688312 0.1162079510703364 0.21428571428571427
1 0.4801223241590214 0.6331168831168831 0.07951070336391437 0.16233766233766234
1 0.5565749235474006 0.24025974025974026 0.10397553516819572 0.2077922077922078
1 0.5351681957186545 0.09415584415584416 0.09174311926605505 0.17532467532467533
1 0.636085626911315 0.14935064935064934 0.03669724770642202 0.2077922077922078
1 0.6788990825688074 0.17207792207792208 0.07339449541284404 0.2532467532467532
1 0.7324159021406728 0.09090909090909091 0.09480122324159021 0.18181818181818182
1 0.6636085626911316 0.04220779220779221 0.21406727828746178 0.08441558441558442
1 0.3562691131498471 0.12012987012987013 0.24770642201834864 0.24025974025974026
1 0.37920489296636084 0.37987012987012986 0.09785932721712538 0.2792207792207792
1 0.3165137614678899 0.4707792207792208 0.09480122324159021 0.14935064935064934
1 0.3562691131498471 0.6168831168831169 0.09480122324159021 0.22077922077922077
1 0.26758409785932724 0.6266233766233766 0.08256880733944955 0.14935064935064934
1 0.21712538226299694 0.39285714285714285 0.10397553516819572 0.17532467532467533
1 0.2599388379204893 0.4935064935064935 0.04892966360856269 0.11688311688311688
1 0.2308868501529052 0.17207792207792208 0.09480122324159021 0.2532467532467532
1 0.3241590214067278 0.23376623376623376 0.07339449541284404 0.14285714285714285
1 0.3119266055045872 0.34415584415584416 0.04281345565749235 0.07792207792207792
1 0.35932721712538224 0.17857142857142858 0.045871559633027525 0.08441558441558442
1 0.4984709480122324 0.4967532467532468 0.9969418960244648 0.9935064935064936