1 0.9016393442622951 0.9454545454545454 0.18579234972677597 0.10181818181818182
1 0.7431693989071039 0.9436363636363636 0.12021857923497267 0.06181818181818182
1 0.7568306010928961 0.8854545454545455 0.1366120218579235 0.06909090909090909
1 0.8060109289617486 0.8290909090909091 0.09289617486338798 0.05818181818181818
1 0.8442622950819673 0.8581818181818182 0.12568306010928962 0.08
1 0.9153005464480874 0.7981818181818182 0.10382513661202186 0.07636363636363637
1 0.6693989071038251 0.850909090909091 0.12568306010928962 0.06545454545454546
1 0.6639344262295082 0.9472727272727273 0.07103825136612021 0.05454545454545454
1 0.5437158469945356 0.9618181818181818 0.09289617486338798 0.06909090909090909
1 0.5109289617486339 0.889090909090909 0.12568306010928962 0.09818181818181818
1 0.42349726775956287 0.9418181818181818 0.1366120218579235 0.09454545454545454
1 0.31420765027322406 0.9654545454545455 0.12568306010928962 0.06181818181818182
1 0.34972677595628415 0.8945454545454545 0.08743169398907104 0.08727272727272728
1 0.4344262295081967 0.8618181818181818 0.08196721311475409 0.06545454545454546
1 0.9098360655737705 0.04727272727272727 0.10382513661202186 0.05090909090909091
1 0.9726775956284153 0.05454545454545454 0.04371584699453552 0.06545454545454546
1 0.8005464480874317 0.05090909090909091 0.09289617486338798 0.06545454545454546
1 0.08469945355191257 0.023636363636363636 0.10382513661202186 0.04727272727272727
1 0.17759562841530055 0.034545454545454546 0.10382513661202186 0.06909090909090909
1 0.3333333333333333 0.01818181818181818 0.08743169398907104 0.03636363636363636
1 0.4344262295081967 0.05272727272727273 0.060109289617486336 0.05454545454545454
1 0.3360655737704918 0.12181818181818181 0.10382513661202186 0.07636363636363637
1 0.2459016393442623 0.06545454545454546 0.07650273224043716 0.03636363636363636
1 0.09289617486338798 0.07636363636363637 0.1092896174863388 0.07272727272727272
1 0.03278688524590164 0.10363636363636364 0.06557377049180328 0.05454545454545454
1 0.00273224043715847 0.06181818181818182 0.00546448087431694 0.02909090909090909
1 0.01912568306010929 0.014545454545454545 0.03825136612021858 0.02909090909090909
1 0.5382513661202186 0.19818181818181818 0.11475409836065574 0.09090909090909091
1 0.6612021857923497 0.20545454545454545 0.14207650273224043 0.09818181818181818
1 0.7076502732240437 0.07272727272727272 0.08196721311475409 0.05818181818181818
1 0.9672131147540983 0.10545454545454545 0.0546448087431694 0.04363636363636364
1 0.9808743169398907 0.13636363636363635 0.0273224043715847 0.03272727272727273
1 0.9453551912568307 0.14181818181818182 0.0546448087431694 0.04363636363636364
1 0.8989071038251366 0.10545454545454545 0.08196721311475409 0.02909090909090909
1 0.8715846994535519 0.14 0.10382513661202186 0.04727272727272727
1 0.7650273224043715 0.1290909090909091 0.07650273224043716 0.04727272727272727
1 0.8743169398907104 0.19272727272727272 0.08743169398907104 0.06545454545454546
1 0.9398907103825137 0.2 0.06557377049180328 0.05818181818181818
1 0.7841530054644809 0.18545454545454546 0.08196721311475409 0.05818181818181818
1 0.7103825136612022 0.1690909090909091 0.06557377049180328 0.04727272727272727
1 0.6092896174863388 0.10909090909090909 0.07103825136612021 0.06545454545454546
1 0.546448087431694 0.09636363636363636 0.07650273224043716 0.08363636363636363
1 0.4426229508196721 0.23454545454545456 0.08743169398907104 0.06909090909090909
1 0.3797814207650273 0.2672727272727273 0.10382513661202186 0.06909090909090909
1 0.28688524590163933 0.19272727272727272 0.08196721311475409 0.05090909090909091
1 0.26229508196721313 0.17272727272727273 0.06557377049180328 0.025454545454545455
1 0.17486338797814208 0.13454545454545455 0.07650273224043716 0.05090909090909091
1 0.16666666666666666 0.21636363636363637 0.09289617486338798 0.05454545454545454
1 0.09289617486338798 0.26545454545454544 0.1092896174863388 0.07272727272727272
1 0.02459016393442623 0.15636363636363637 0.04918032786885246 0.05818181818181818
1 0.08196721311475409 0.3290909090909091 0.09836065573770492 0.05454545454545454
1 0.12295081967213115 0.3981818181818182 0.11475409836065574 0.08363636363636363
1 0.19398907103825136 0.4290909090909091 0.08196721311475409 0.06545454545454546
1 0.2650273224043716 0.4509090909090909 0.11475409836065574 0.07272727272727272
1 0.3360655737704918 0.3709090909090909 0.12568306010928962 0.08
1 0.23770491803278687 0.34545454545454546 0.09289617486338798 0.05818181818181818
1 0.3114754098360656 0.3054545454545455 0.09836065573770492 0.05818181818181818
1 0.48360655737704916 0.29818181818181816 0.09289617486338798 0.08
1 0.42896174863387976 0.34363636363636363 0.07103825136612021 0.05454545454545454
1 0.5655737704918032 0.34363636363636363 0.12568306010928962 0.09818181818181818
1 0.47540983606557374 0.38545454545454544 0.08743169398907104 0.06545454545454546
1 0.5382513661202186 0.43454545454545457 0.09289617486338798 0.06909090909090909
1 0.6256830601092896 0.4018181818181818 0.11475409836065574 0.08363636363636363
1 0.7459016393442623 0.4072727272727273 0.12568306010928962 0.08
1 0.7103825136612022 0.4690909090909091 0.09836065573770492 0.06545454545454546
1 0.8333333333333334 0.41454545454545455 0.07103825136612021 0.05090909090909091
1 0.9207650273224044 0.4072727272727273 0.10382513661202186 0.05818181818181818
1 0.9617486338797814 0.44545454545454544 0.06557377049180328 0.08363636363636363
1 0.8907103825136612 0.46 0.1092896174863388 0.06909090909090909
1 0.8114754098360656 0.48363636363636364 0.07103825136612021 0.07272727272727272
1 0.7213114754098361 0.5290909090909091 0.12021857923497267 0.08363636363636363
1 0.9398907103825137 0.5254545454545455 0.1092896174863388 0.07636363636363637
1 0.860655737704918 0.5636363636363636 0.09289617486338798 0.06545454545454546
1 0.9098360655737705 0.6054545454545455 0.09289617486338798 0.06181818181818182
1 0.9344262295081968 0.3327272727272727 0.08743169398907104 0.06181818181818182
1 0.9836065573770492 0.32727272727272727 0.02185792349726776 0.05090909090909091
1 0.9781420765027322 0.2872727272727273 0.03278688524590164 0.04363636363636364
1 0.9726775956284153 0.25636363636363635 0.04371584699453552 0.03272727272727273
1 0.8688524590163934 0.26181818181818184 0.08743169398907104 0.06545454545454546
1 0.7704918032786885 0.2309090909090909 0.08743169398907104 0.05454545454545454
1 0.20218579234972678 0.5036363636363637 0.06557377049180328 0.07636363636363637
1 0.12295081967213115 0.5018181818181818 0.10382513661202186 0.06545454545454546
1 0.09289617486338798 0.5654545454545454 0.09836065573770492 0.06181818181818182
1 0.02185792349726776 0.5163636363636364 0.04371584699453552 0.06545454545454546
1 0.27595628415300544 0.5309090909090909 0.11475409836065574 0.08
1 0.3551912568306011 0.6 0.1092896174863388 0.07272727272727272
1 0.46174863387978143 0.5818181818181818 0.09289617486338798 0.08
1 0.505464480874317 0.6036363636363636 0.10382513661202186 0.08
1 0.546448087431694 0.5272727272727272 0.08743169398907104 0.07272727272727272
1 0.6147540983606558 0.4890909090909091 0.10382513661202186 0.08363636363636363
1 0.6065573770491803 0.44363636363636366 0.0546448087431694 0.03636363636363636
1 0.6038251366120219 0.5818181818181818 0.10382513661202186 0.07272727272727272
1 0.7377049180327869 0.6054545454545455 0.17486338797814208 0.08363636363636363
1 0.8579234972677595 0.6854545454545454 0.17486338797814208 0.12
1 0.9590163934426229 0.7036363636363636 0.07103825136612021 0.12727272727272726
1 0.8797814207650273 0.7618181818181818 0.12021857923497267 0.06181818181818182
1 0.7786885245901639 0.6472727272727272 0.09289617486338798 0.06545454545454546
1 0.7540983606557377 0.7145454545454546 0.1092896174863388 0.06181818181818182
1 0.7513661202185792 0.7854545454545454 0.12568306010928962 0.07272727272727272
1 0.6557377049180327 0.74 0.12021857923497267 0.07636363636363637
1 0.2540983606557377 0.8745454545454545 0.12568306010928962 0.08363636363636363
1 0.24863387978142076 0.7890909090909091 0.12568306010928962 0.08
1 0.3879781420765027 0.8054545454545454 0.13114754098360656 0.07636363636363637
1 0.39344262295081966 0.7236363636363636 0.13114754098360656 0.08727272727272728
1 0.38524590163934425 0.6527272727272727 0.07103825136612021 0.04727272727272727
1 0.5027322404371585 0.6745454545454546 0.13114754098360656 0.05454545454545454
1 0.5191256830601093 0.7472727272727273 0.12021857923497267 0.07636363636363637
1 0.5628415300546448 0.8054545454545454 0.12021857923497267 0.06909090909090909
1 0.592896174863388 0.8727272727272727 0.07103825136612021 0.05818181818181818
1 0.6639344262295082 0.8072727272727273 0.07103825136612021 0.06545454545454546
1 0.1284153005464481 0.7763636363636364 0.11475409836065574 0.06181818181818182
1 0.13934426229508196 0.6963636363636364 0.12568306010928962 0.08363636363636363
1 0.25136612021857924 0.7109090909090909 0.12021857923497267 0.06909090909090909
1 0.29508196721311475 0.6563636363636364 0.08743169398907104 0.06909090909090909
1 0.21584699453551912 0.6545454545454545 0.07103825136612021 0.04363636363636364
1 0.060109289617486336 0.7272727272727273 0.06557377049180328 0.05090909090909091
1 0.06557377049180328 0.6454545454545455 0.08743169398907104 0.06909090909090909
1 0.02185792349726776 0.7036363636363636 0.04371584699453552 0.06909090909090909
1 0.060109289617486336 0.8581818181818182 0.07650273224043716 0.05818181818181818
1 0.13387978142076504 0.8490909090909091 0.11475409836065574 0.07636363636363637
1 0.18579234972677597 0.8163636363636364 0.0546448087431694 0.03272727272727273
1 0.06830601092896176 0.9563636363636364 0.1366120218579235 0.08
1 0.21311475409836064 0.9527272727272728 0.15300546448087432 0.08727272727272728
1 0.4972677595628415 0.49818181818181817 0.994535519125683 0.9963636363636363