1 0.8474903474903475 0.6365979381443299 0.11969111969111969 0.3865979381443299
1 0.7625482625482626 0.6726804123711341 0.14285714285714285 0.3247422680412371
1 0.7702702702702703 0.47164948453608246 0.27413127413127414 0.18041237113402062
1 0.916988416988417 0.5412371134020618 0.10424710424710425 0.09278350515463918
1 0.9498069498069498 0.6365979381443299 0.09266409266409266 0.34536082474226804
1 0.5386100386100386 0.7345360824742269 0.11969111969111969 0.29381443298969073
1 0.6003861003861004 0.6134020618556701 0.18146718146718147 0.5360824742268041
1 0.41505791505791506 0.8092783505154639 0.1274131274131274 0.26804123711340205
1 0.3301158301158301 0.6365979381443299 0.38223938223938225 0.2422680412371134
1 0.5038610038610039 0.5902061855670103 0.06563706563706563 0.14948453608247422
1 0.47104247104247104 0.4742268041237113 0.14671814671814673 0.1134020618556701
1 0.29922779922779924 0.4793814432989691 0.20463320463320464 0.17525773195876287
1 0.4015444015444015 0.2706185567010309 0.2084942084942085 0.14948453608247422
1 0.2606177606177606 0.25257731958762886 0.13513513513513514 0.12371134020618557
1 0.10231660231660232 0.5515463917525774 0.20463320463320464 0.30927835051546393
1 0.11196911196911197 0.7757731958762887 0.22393822393822393 0.4381443298969072
1 0.1969111969111969 0.8737113402061856 0.33976833976833976 0.2422680412371134
1 0.5984555984555985 0.9329896907216495 0.3088803088803089 0.12371134020618557
1 0.4305019305019305 0.0979381443298969 0.861003861003861 0.1958762886597938
1 0.5733590733590733 0.15463917525773196 0.14285714285714285 0.30927835051546393