1 0.6066666666666667 0.5444444444444444 0.08444444444444445 0.12
1 0.76 0.8066666666666666 0.06222222222222222 0.09333333333333334
1 0.8155555555555556 0.9377777777777778 0.10222222222222223 0.10666666666666667
1 0.5244444444444445 0.49777777777777776 0.10666666666666667 0.08
1 0.5111111111111111 0.5755555555555556 0.11555555555555555 0.06666666666666667
1 0.8177777777777778 0.45555555555555555 0.08 0.08444444444444445
1 0.6711111111111111 0.1622222222222222 0.08888888888888889 0.1111111111111111
1 0.6022222222222222 0.10444444444444445 0.07555555555555556 0.10222222222222223
1 0.4577777777777778 0.2866666666666667 0.08 0.08444444444444445
1 0.4022222222222222 0.4088888888888889 0.1111111111111111 0.09777777777777778
1 0.33555555555555555 0.29777777777777775 0.12 0.10666666666666667
1 0.29777777777777775 0.3422222222222222 0.09777777777777778 0.08
1 0.15555555555555556 0.5111111111111111 0.10666666666666667 0.09777777777777778
1 0.2688888888888889 0.5666666666666667 0.1288888888888889 0.10222222222222223
1 0.1711111111111111 0.6044444444444445 0.09333333333333334 0.10666666666666667
1 0.22444444444444445 0.6933333333333334 0.12 0.14222222222222222
1 0.05555555555555555 0.7622222222222222 0.1111111111111111 0.12
1 0.15777777777777777 0.8933333333333333 0.08444444444444445 0.09777777777777778
1 0.015555555555555555 0.9666666666666667 0.03111111111111111 0.057777777777777775
1 0.017777777777777778 0.4177777777777778 0.035555555555555556 0.08
1 0.10222222222222223 0.06222222222222222 0.07111111111111111 0.06222222222222222
1 0.24888888888888888 0.035555555555555556 0.07111111111111111 0.06222222222222222
1 0.02 0.07777777777777778 0.04 0.057777777777777775
1 0.015555555555555555 0.013333333333333334 0.03111111111111111 0.02666666666666667
1 0.9622222222222222 0.057777777777777775 0.06666666666666667 0.06222222222222222
1 0.7466666666666667 0.03111111111111111 0.06222222222222222 0.044444444444444446
1 0.8466666666666667 0.1111111111111111 0.2 0.07111111111111111
1 0.32222222222222224 0.1511111111111111 0.13777777777777778 0.17777777777777778
1 0.2288888888888889 0.2311111111111111 0.22666666666666666 0.05333333333333334
1 0.13555555555555557 0.3466666666666667 0.24444444444444444 0.19555555555555557
1 0.8822222222222222 0.5466666666666666 0.08444444444444445 0.08
1 0.9244444444444444 0.47333333333333333 0.07111111111111111 0.04888888888888889
1 0.7977777777777778 0.5422222222222223 0.08444444444444445 0.08888888888888889
1 0.74 0.4955555555555556 0.08444444444444445 0.07555555555555556
1 0.6888888888888889 0.5622222222222222 0.06222222222222222 0.07555555555555556
1 0.35333333333333333 0.5333333333333333 0.08444444444444445 0.10666666666666667
1 0.06 0.6533333333333333 0.12 0.14222222222222222
1 0.4066666666666667 0.7755555555555556 0.1288888888888889 0.1111111111111111