1 0.8876811594202898 0.09016393442622951 0.028985507246376812 0.04918032786885246
1 0.9257246376811594 0.09836065573770492 0.025362318840579712 0.04371584699453552
1 0.8822463768115942 0.00819672131147541 0.025362318840579712 0.01639344262295082
1 0.8840579710144928 0.14754098360655737 0.028985507246376812 0.04371584699453552
1 0.9021739130434783 0.17486338797814208 0.021739130434782608 0.04371584699453552
1 0.9112318840579711 0.21584699453551912 0.025362318840579712 0.03825136612021858
1 0.9329710144927537 0.22950819672131148 0.025362318840579712 0.04371584699453552
1 0.9873188405797102 0.38524590163934425 0.018115942028985508 0.04918032786885246
1 0.9438405797101449 0.4098360655737705 0.025362318840579712 0.03278688524590164
1 0.9710144927536232 0.45081967213114754 0.043478260869565216 0.07103825136612021
1 0.9945652173913043 0.48360655737704916 0.0036231884057971015 0.01639344262295082
1 0.9239130434782609 0.45901639344262296 0.057971014492753624 0.06557377049180328
1 0.9094202898550725 0.3825136612021858 0.028985507246376812 0.04371584699453552
1 0.8894927536231884 0.3551912568306011 0.025362318840579712 0.03278688524590164
1 0.8641304347826086 0.3469945355191257 0.03260869565217391 0.03825136612021858
1 0.8768115942028986 0.38524590163934425 0.021739130434782608 0.03825136612021858
1 0.855072463768116 0.4098360655737705 0.036231884057971016 0.0546448087431694
1 0.8297101449275363 0.38524590163934425 0.036231884057971016 0.0273224043715847
1 0.9655797101449275 0.5601092896174863 0.03260869565217391 0.03825136612021858
1 0.9782608695652174 0.5409836065573771 0.021739130434782608 0.04371584699453552
1 0.9873188405797102 0.5737704918032787 0.018115942028985508 0.02185792349726776
1 0.9311594202898551 0.5765027322404371 0.036231884057971016 0.04918032786885246
1 0.947463768115942 0.6065573770491803 0.025362318840579712 0.04371584699453552
1 0.9782608695652174 0.6038251366120219 0.036231884057971016 0.04918032786885246
1 0.907608695652174 0.6857923497267759 0.05434782608695652 0.08196721311475409
1 0.8568840579710145 0.6338797814207651 0.03985507246376811 0.0546448087431694
1 0.8007246376811594 0.6065573770491803 0.043478260869565216 0.0546448087431694
1 0.8079710144927537 0.5683060109289617 0.021739130434782608 0.03278688524590164
1 0.7717391304347826 0.5956284153005464 0.014492753623188406 0.02185792349726776
1 0.7971014492753623 0.6475409836065574 0.050724637681159424 0.04918032786885246
1 0.855072463768116 0.6912568306010929 0.057971014492753624 0.060109289617486336
1 0.802536231884058 0.7049180327868853 0.06884057971014493 0.06557377049180328
1 0.7717391304347826 0.6885245901639344 0.036231884057971016 0.06557377049180328
1 0.8242753623188406 0.773224043715847 0.07608695652173914 0.08196721311475409
1 0.8170289855072463 0.825136612021858 0.06159420289855073 0.08743169398907104
1 0.8931159420289855 0.7923497267759563 0.07608695652173914 0.12021857923497267
1 0.9221014492753623 0.8907103825136612 0.10507246376811594 0.1092896174863388
1 0.9547101449275363 0.9098360655737705 0.08333333333333333 0.16939890710382513
1 0.7717391304347826 0.9207650273224044 0.050724637681159424 0.07103825136612021
1 0.7554347826086957 0.8060109289617486 0.06884057971014493 0.12568306010928962
1 0.7137681159420289 0.8497267759562842 0.06521739130434782 0.12568306010928962
1 0.6612318840579711 0.7404371584699454 0.04710144927536232 0.060109289617486336
1 0.6358695652173914 0.8169398907103825 0.10507246376811594 0.11475409836065574
1 0.8188405797101449 0.47540983606557374 0.036231884057971016 0.04371584699453552
1 0.7463768115942029 0.01639344262295082 0.028985507246376812 0.03278688524590164
1 0.7047101449275363 0.03825136612021858 0.04710144927536232 0.0546448087431694
1 0.7681159420289855 0.07923497267759563 0.028985507246376812 0.04918032786885246
1 0.7681159420289855 0.15300546448087432 0.028985507246376812 0.03278688524590164
1 0.7898550724637681 0.16666666666666666 0.028985507246376812 0.03825136612021858
1 0.8061594202898551 0.17486338797814208 0.025362318840579712 0.04371584699453552
1 0.8278985507246377 0.1912568306010929 0.025362318840579712 0.02185792349726776
1 0.8405797101449275 0.226775956284153 0.050724637681159424 0.07103825136612021
1 0.8641304347826086 0.1885245901639344 0.025362318840579712 0.0273224043715847
1 0.7771739130434783 0.19398907103825136 0.025362318840579712 0.03825136612021858
1 0.7028985507246377 0.19672131147540983 0.021739130434782608 0.04371584699453552
1 0.7264492753623188 0.20491803278688525 0.025362318840579712 0.03825136612021858
1 0.7355072463768116 0.22950819672131148 0.028985507246376812 0.02185792349726776
1 0.7445652173913043 0.24863387978142076 0.025362318840579712 0.03825136612021858
1 0.769927536231884 0.27049180327868855 0.025362318840579712 0.0273224043715847
1 0.7463768115942029 0.2786885245901639 0.028985507246376812 0.02185792349726776
1 0.7608695652173914 0.30327868852459017 0.028985507246376812 0.03825136612021858
1 0.7318840579710145 0.3087431693989071 0.036231884057971016 0.04918032786885246
1 0.6902173913043478 0.2568306010928962 0.018115942028985508 0.04371584699453552
1 0.7010869565217391 0.2896174863387978 0.03260869565217391 0.04371584699453552
1 0.6992753623188406 0.33060109289617484 0.036231884057971016 0.03825136612021858
1 0.7028985507246377 0.366120218579235 0.036231884057971016 0.02185792349726776
1 0.7083333333333334 0.3989071038251366 0.04710144927536232 0.03278688524590164
1 0.697463768115942 0.4371584699453552 0.04710144927536232 0.0546448087431694
1 0.7971014492753623 0.36065573770491804 0.028985507246376812 0.04371584699453552
1 0.8097826086956522 0.4344262295081967 0.025362318840579712 0.04918032786885246
1 0.8079710144927537 0.505464480874317 0.021739130434782608 0.03825136612021858
1 0.7862318840579711 0.5081967213114754 0.028985507246376812 0.03278688524590164
1 0.7663043478260869 0.4781420765027322 0.025362318840579712 0.060109289617486336
1 0.730072463768116 0.5245901639344263 0.025362318840579712 0.04371584699453552
1 0.7065217391304348 0.5245901639344263 0.028985507246376812 0.03278688524590164
1 0.6739130434782609 0.5273224043715847 0.028985507246376812 0.04918032786885246
1 0.6956521739130435 0.5655737704918032 0.057971014492753624 0.060109289617486336
1 0.7336956521739131 0.5819672131147541 0.018115942028985508 0.03825136612021858
1 0.5833333333333334 0.9480874316939891 0.043478260869565216 0.04918032786885246
1 0.6286231884057971 0.9699453551912568 0.06159420289855073 0.04918032786885246
1 0.5960144927536232 0.8961748633879781 0.05434782608695652 0.0546448087431694
1 0.5615942028985508 0.8770491803278688 0.036231884057971016 0.07103825136612021
1 0.605072463768116 0.8469945355191257 0.06521739130434782 0.0546448087431694
1 0.5815217391304348 0.6885245901639344 0.04710144927536232 0.07650273224043716
1 0.6068840579710145 0.7377049180327869 0.05434782608695652 0.07650273224043716
1 0.5615942028985508 0.7349726775956285 0.043478260869565216 0.08196721311475409
1 0.5253623188405797 0.7103825136612022 0.057971014492753624 0.09836065573770492
1 0.5072463768115942 0.8114754098360656 0.10869565217391304 0.09289617486338798
1 0.5543478260869565 0.8852459016393442 0.036231884057971016 0.08743169398907104
1 0.5163043478260869 0.9234972677595629 0.09057971014492754 0.14207650273224043
1 0.4673913043478261 0.9480874316939891 0.050724637681159424 0.09289617486338798
1 0.4692028985507246 0.6502732240437158 0.03260869565217391 0.0546448087431694
1 0.5471014492753623 0.46994535519125685 0.043478260869565216 0.07650273224043716
1 0.5742753623188406 0.3251366120218579 0.025362318840579712 0.03825136612021858
1 0.5978260869565217 0.3087431693989071 0.028985507246376812 0.03825136612021858
1 0.5507246376811594 0.2103825136612022 0.021739130434782608 0.04918032786885246
1 0.6358695652173914 0.11748633879781421 0.03260869565217391 0.04918032786885246
1 0.6068840579710145 0.09562841530054644 0.025362318840579712 0.03825136612021858
1 0.5634057971014492 0.07923497267759563 0.025362318840579712 0.04918032786885246
1 0.5416666666666666 0.0546448087431694 0.025362318840579712 0.04371584699453552
1 0.5253623188405797 0.08196721311475409 0.021739130434782608 0.03278688524590164
1 0.4963768115942029 0.07923497267759563 0.028985507246376812 0.03825136612021858
1 0.5344202898550725 0.319672131147541 0.025362318840579712 0.03825136612021858
1 0.4855072463768116 0.28415300546448086 0.036231884057971016 0.03278688524590164
1 0.46195652173913043 0.22404371584699453 0.025362318840579712 0.03278688524590164
1 0.44565217391304346 0.1994535519125683 0.028985507246376812 0.03825136612021858
1 0.44565217391304346 0.2568306010928962 0.028985507246376812 0.03278688524590164
1 0.3786231884057971 0.273224043715847 0.03260869565217391 0.04371584699453552
1 0.39855072463768115 0.29508196721311475 0.014492753623188406 0.02185792349726776
1 0.3532608695652174 0.3442622950819672 0.13405797101449277 0.08743169398907104
1 0.427536231884058 0.36885245901639346 0.057971014492753624 0.060109289617486336
1 0.4601449275362319 0.5027322404371585 0.08695652173913043 0.14207650273224043
1 0.4311594202898551 0.5300546448087432 0.028985507246376812 0.02185792349726776
1 0.42391304347826086 0.5683060109289617 0.043478260869565216 0.04371584699453552
1 0.3967391304347826 0.5956284153005464 0.05434782608695652 0.06557377049180328
1 0.34782608695652173 0.6092896174863388 0.028985507246376812 0.0273224043715847
1 0.3713768115942029 0.6366120218579235 0.03260869565217391 0.0273224043715847
1 0.31521739130434784 0.6092896174863388 0.021739130434782608 0.0273224043715847
1 0.3188405797101449 0.6338797814207651 0.021739130434782608 0.02185792349726776
1 0.29347826086956524 0.6311475409836066 0.028985507246376812 0.04918032786885246
1 0.31521739130434784 0.6639344262295082 0.036231884057971016 0.03825136612021858
1 0.34601449275362317 0.6666666666666666 0.03260869565217391 0.04371584699453552
1 0.38405797101449274 0.680327868852459 0.043478260869565216 0.060109289617486336
1 0.4057971014492754 0.7158469945355191 0.06521739130434782 0.0546448087431694
1 0.44021739130434784 0.7431693989071039 0.03260869565217391 0.07650273224043716
1 0.4003623188405797 0.7513661202185792 0.05434782608695652 0.060109289617486336
1 0.37681159420289856 0.7459016393442623 0.036231884057971016 0.03825136612021858
1 0.34782608695652173 0.7540983606557377 0.036231884057971016 0.03278688524590164
1 0.3188405797101449 0.7404371584699454 0.028985507246376812 0.03825136612021858
1 0.29347826086956524 0.7349726775956285 0.028985507246376812 0.03825136612021858
1 0.2753623188405797 0.639344262295082 0.12318840579710146 0.16393442622950818
1 0.3442028985507246 0.3825136612021858 0.021739130434782608 0.04371584699453552
1 0.3641304347826087 0.4016393442622951 0.025362318840579712 0.04918032786885246
1 0.3170289855072464 0.36885245901639346 0.025362318840579712 0.0273224043715847
1 0.302536231884058 0.3907103825136612 0.03260869565217391 0.0273224043715847
1 0.32971014492753625 0.41530054644808745 0.043478260869565216 0.06557377049180328
1 0.2898550724637681 0.42896174863387976 0.036231884057971016 0.04918032786885246
1 0.26811594202898553 0.40710382513661203 0.028985507246376812 0.060109289617486336
1 0.2717391304347826 0.46994535519125685 0.043478260869565216 0.07650273224043716
1 0.27717391304347827 0.33060109289617484 0.018115942028985508 0.03825136612021858
1 0.2391304347826087 0.25136612021857924 0.028985507246376812 0.04371584699453552
1 0.21014492753623187 0.2540983606557377 0.021739130434782608 0.03825136612021858
1 0.14673913043478262 0.040983606557377046 0.09782608695652174 0.08196721311475409
1 0.07608695652173914 0.07923497267759563 0.021739130434782608 0.03825136612021858
1 0.057971014492753624 0.16120218579234974 0.036231884057971016 0.04918032786885246
1 0.016304347826086956 0.15300546448087432 0.025362318840579712 0.04371584699453552
1 0.12318840579710146 0.24316939890710382 0.028985507246376812 0.04918032786885246
1 0.16304347826086957 0.23224043715846995 0.028985507246376812 0.03825136612021858
1 0.14492753623188406 0.25956284153005466 0.028985507246376812 0.0273224043715847
1 0.16666666666666666 0.27049180327868855 0.014492753623188406 0.0273224043715847
1 0.18659420289855072 0.2677595628415301 0.03260869565217391 0.03278688524590164
1 0.15217391304347827 0.2896174863387978 0.028985507246376812 0.03278688524590164
1 0.18478260869565216 0.319672131147541 0.057971014492753624 0.04918032786885246
1 0.09601449275362318 0.2677595628415301 0.025362318840579712 0.04371584699453552
1 0.09601449275362318 0.319672131147541 0.025362318840579712 0.03825136612021858
1 0.07789855072463768 0.3551912568306011 0.03260869565217391 0.03278688524590164
1 0.036231884057971016 0.3797814207650273 0.028985507246376812 0.04918032786885246
1 0.009057971014492754 0.3907103825136612 0.018115942028985508 0.03825136612021858
1 0.034420289855072464 0.4207650273224044 0.025362318840579712 0.03278688524590164
1 0.018115942028985508 0.44808743169398907 0.036231884057971016 0.03278688524590164
1 0.005434782608695652 0.4726775956284153 0.010869565217391304 0.03825136612021858
1 0.005434782608695652 0.4972677595628415 0.010869565217391304 0.02185792349726776
1 0.02355072463768116 0.505464480874317 0.018115942028985508 0.03825136612021858
1 0.05434782608695652 0.5218579234972678 0.036231884057971016 0.04918032786885246
1 0.10869565217391304 0.5273224043715847 0.028985507246376812 0.03825136612021858
1 0.14855072463768115 0.49453551912568305 0.08695652173913043 0.08196721311475409
1 0.21557971014492755 0.4672131147540984 0.08333333333333333 0.12568306010928962
1 0.18659420289855072 0.6502732240437158 0.03985507246376811 0.0546448087431694
1 0.19202898550724637 0.587431693989071 0.050724637681159424 0.07103825136612021
1 0.25905797101449274 0.639344262295082 0.09057971014492754 0.16393442622950818
1 0.25 0.7103825136612022 0.036231884057971016 0.06557377049180328
1 0.03985507246376811 0.7814207650273224 0.028985507246376812 0.07650273224043716
1 0.028985507246376812 0.9453551912568307 0.043478260869565216 0.0546448087431694
1 0.1213768115942029 0.9453551912568307 0.03260869565217391 0.04371584699453552
1 0.14492753623188406 0.9508196721311475 0.028985507246376812 0.06557377049180328
1 0.161231884057971 0.8989071038251366 0.025362318840579712 0.0273224043715847
1 0.1539855072463768 0.860655737704918 0.03985507246376811 0.04918032786885246
1 0.12681159420289856 0.855191256830601 0.028985507246376812 0.04918032786885246
1 0.13043478260869565 0.8005464480874317 0.036231884057971016 0.04918032786885246
1 0.1956521739130435 0.7295081967213115 0.028985507246376812 0.04918032786885246
1 0.22282608695652173 0.7404371584699454 0.03260869565217391 0.03825136612021858
1 0.21557971014492755 0.7814207650273224 0.03260869565217391 0.03278688524590164
1 0.21557971014492755 0.8169398907103825 0.025362318840579712 0.03825136612021858
1 0.213768115942029 0.8579234972677595 0.036231884057971016 0.03278688524590164
1 0.22826086956521738 0.8907103825136612 0.036231884057971016 0.04371584699453552
1 0.19384057971014493 0.8934426229508197 0.03260869565217391 0.03825136612021858
1 0.213768115942029 0.9344262295081968 0.043478260869565216 0.0546448087431694
1 0.24818840579710144 0.9316939890710383 0.018115942028985508 0.04918032786885246
1 0.2644927536231884 0.9098360655737705 0.028985507246376812 0.03825136612021858
1 0.302536231884058 0.9043715846994536 0.03985507246376811 0.04918032786885246
1 0.3442028985507246 0.9016393442622951 0.043478260869565216 0.0546448087431694
1 0.358695652173913 0.8579234972677595 0.036231884057971016 0.04371584699453552
1 0.3967391304347826 0.8797814207650273 0.025362318840579712 0.06557377049180328
1 0.4257246376811594 0.8633879781420765 0.03985507246376811 0.0546448087431694
1 0.42028985507246375 0.9234972677595629 0.028985507246376812 0.0546448087431694
1 0.38405797101449274 0.8114754098360656 0.043478260869565216 0.04918032786885246
1 0.338768115942029 0.8224043715846995 0.05434782608695652 0.09289617486338798
1 0.31521739130434784 0.7786885245901639 0.043478260869565216 0.04918032786885246
1 0.302536231884058 0.819672131147541 0.025362318840579712 0.02185792349726776
1 0.29891304347826086 0.860655737704918 0.04710144927536232 0.04918032786885246
1 0.286231884057971 0.8032786885245902 0.028985507246376812 0.04371584699453552
1 0.286231884057971 0.7622950819672131 0.021739130434782608 0.0273224043715847
1 0.2644927536231884 0.7704918032786885 0.036231884057971016 0.04371584699453552
1 0.2644927536231884 0.8114754098360656 0.021739130434782608 0.0273224043715847
1 0.2644927536231884 0.8360655737704918 0.036231884057971016 0.03278688524590164
1 0.24094202898550723 0.8524590163934426 0.025362318840579712 0.02185792349726776
1 0.21557971014492755 0.825136612021858 0.03260869565217391 0.04371584699453552
1 0.19021739130434784 0.819672131147541 0.025362318840579712 0.07650273224043716