1 0.07947019867549669 0.23652694610778444 0.15894039735099338 0.08982035928143713
1 0.11092715231788079 0.3083832335329341 0.17549668874172186 0.0658682634730539
1 0.17052980132450332 0.38323353293413176 0.20860927152317882 0.09580838323353294
1 0.22019867549668873 0.49101796407185627 0.18874172185430463 0.08383233532934131
1 0.2582781456953642 0.5419161676646707 0.15894039735099338 0.0658682634730539
1 0.2947019867549669 0.6107784431137725 0.15894039735099338 0.0718562874251497
1 0.32450331125827814 0.6646706586826348 0.16556291390728478 0.0718562874251497
1 0.347682119205298 0.7125748502994012 0.1390728476821192 0.04790419161676647
1 0.4155629139072848 0.7664670658682635 0.17549668874172186 0.10778443113772455
1 0.43543046357615894 0.8203592814371258 0.17549668874172186 0.08383233532934131
1 0.45695364238410596 0.8652694610778443 0.15894039735099338 0.08982035928143713
1 0.4817880794701987 0.8952095808383234 0.1490066225165563 0.10179640718562874
1 0.5198675496688742 0.9401197604790419 0.16556291390728478 0.10778443113772455
1 0.24668874172185432 0.2634730538922156 0.12251655629139073 0.09580838323353294
1 0.29304635761589404 0.32934131736526945 0.1357615894039735 0.08383233532934131
1 0.33278145695364236 0.39221556886227543 0.1423841059602649 0.0658682634730539
1 0.3758278145695364 0.4820359281437126 0.1490066225165563 0.08982035928143713
1 0.423841059602649 0.5389221556886228 0.1456953642384106 0.08383233532934131
1 0.4503311258278146 0.5958083832335329 0.1390728476821192 0.08982035928143713
1 0.44867549668874174 0.6347305389221557 0.10264900662251655 0.08383233532934131
1 0.5115894039735099 0.7095808383233533 0.1291390728476821 0.10179640718562874
1 0.5794701986754967 0.7784431137724551 0.11920529801324503 0.09580838323353294
1 0.6059602649006622 0.8323353293413174 0.13245033112582782 0.08383233532934131
1 0.5960264900662252 0.8922155688622755 0.059602649006622516 0.0718562874251497
1 0.009933774834437087 0.3383233532934132 0.019867549668874173 0.0658682634730539
1 0.028145695364238412 0.3772455089820359 0.029801324503311258 0.04790419161676647
1 0.006622516556291391 0.38622754491017963 0.013245033112582781 0.05389221556886228
1 0.057947019867549666 0.41916167664670656 0.03642384105960265 0.04790419161676647
1 0.0380794701986755 0.4341317365269461 0.03642384105960265 0.041916167664670656
1 0.009933774834437087 0.437125748502994 0.019867549668874173 0.03592814371257485
1 0.10264900662251655 0.5059880239520959 0.026490066225165563 0.05389221556886228
1 0.08112582781456953 0.4940119760479042 0.029801324503311258 0.05389221556886228
1 0.054635761589403975 0.5119760479041916 0.029801324503311258 0.05389221556886228
1 0.019867549668874173 0.5089820359281437 0.033112582781456956 0.059880239520958084
1 0.016556291390728478 0.5538922155688623 0.019867549668874173 0.041916167664670656
1 0.0347682119205298 0.5868263473053892 0.029801324503311258 0.059880239520958084
1 0.013245033112582781 0.6017964071856288 0.026490066225165563 0.05389221556886228
1 0.06291390728476821 0.5688622754491018 0.026490066225165563 0.059880239520958084
1 0.13410596026490065 0.5508982035928144 0.023178807947019868 0.03592814371257485
1 0.026490066225165563 0.8353293413173652 0.046357615894039736 0.07784431137724551
1 0.006622516556291391 0.7844311377245509 0.013245033112582781 0.059880239520958084
1 0.006622516556291391 0.8562874251497006 0.013245033112582781 0.059880239520958084
1 0.07450331125827815 0.9640718562874252 0.04304635761589404 0
1 0.048013245033112585 0.9550898203592815 0.056291390728476824 0.07784431137724551
1 0.013245033112582781 0.9700598802395209 0.026490066225165563 0.04790419161676647
1 0.09602649006622517 0.9760479041916168 0.033112582781456956 0.03592814371257485
1 0.11920529801324503 0.8952095808383234 0.046357615894039736 0.07784431137724551
1 0.17218543046357615 0.9041916167664671 0.052980132450331126 0.08383233532934131
1 0.2119205298013245 0.907185628742515 0.039735099337748346 0.0658682634730539
1 0.2185430463576159 0.8383233532934131 0.046357615894039736 0.0718562874251497
1 0.2764900662251656 0.8053892215568862 0.03642384105960265 0.0658682634730539
1 0.3029801324503311 0.8143712574850299 0.023178807947019868 0.04790419161676647
1 0.25662251655629137 0.8562874251497006 0.029801324503311258 0.059880239520958084
1 0.28642384105960267 0.8712574850299402 0.023178807947019868 0.0658682634730539
1 0.3079470198675497 0.8622754491017964 0.026490066225165563 0.059880239520958084
1 0.2533112582781457 0.8952095808383234 0.04304635761589404 0.05389221556886228
1 0.2185430463576159 0.9640718562874252 0.033112582781456956 0.059880239520958084
1 0.19039735099337748 0.9670658682634731 0.04304635761589404 0.05389221556886228
1 0.15894039735099338 0.9640718562874252 0.033112582781456956 0.059880239520958084
1 0.2599337748344371 0.9610778443113772 0.03642384105960265 0.0658682634730539
1 0.29635761589403975 0.9640718562874252 0.03642384105960265 0.059880239520958084
1 0.29304635761589404 0.9161676646706587 0.03642384105960265 0.059880239520958084
1 0.3195364238410596 0.9041916167664671 0.023178807947019868 0.04790419161676647
1 0.34933774834437087 0.907185628742515 0.029801324503311258 0.0658682634730539
1 0.3758278145695364 0.9221556886227545 0.023178807947019868 0.059880239520958084
1 0.40397350993377484 0.9730538922155688 0.026490066225165563 0.041916167664670656
1 0.3791390728476821 0.9700598802395209 0.023178807947019868 0.04790419161676647
1 0.34105960264900664 0.9640718562874252 0.052980132450331126 0.059880239520958084
1 0.1456953642384106 0.6047904191616766 0.033112582781456956 0.059880239520958084
1 0.11423841059602649 0.5988023952095808 0.029801324503311258 0.04790419161676647
1 0.10099337748344371 0.5508982035928144 0.04304635761589404 0.03592814371257485
1 0.09271523178807947 0.6437125748502994 0.033112582781456956 0.0658682634730539
1 0.1291390728476821 0.6616766467065869 0.039735099337748346 0.0658682634730539
1 0.17880794701986755 0.6287425149700598 0.052980132450331126 0.059880239520958084
1 0.04304635761589404 0.6497005988023952 0.052980132450331126 0.0658682634730539
1 0.0728476821192053 0.688622754491018 0.039735099337748346 0.059880239520958084
1 0.023178807947019868 0.6826347305389222 0.046357615894039736 0.09580838323353294
1 0.056291390728476824 0.7305389221556886 0.046357615894039736 0.08383233532934131
1 0.10264900662251655 0.7455089820359282 0.046357615894039736 0.0658682634730539
1 0.12417218543046357 0.718562874251497 0.03642384105960265 0.08383233532934131
1 0.15562913907284767 0.7155688622754491 0.026490066225165563 0.05389221556886228
1 0.18543046357615894 0.6976047904191617 0.046357615894039736 0.07784431137724551
1 0.23509933774834438 0.7335329341317365 0.046357615894039736 0.0658682634730539
1 0.2152317880794702 0.6916167664670658 0.033112582781456956 0.0658682634730539
1 0.18874172185430463 0.7604790419161677 0.046357615894039736 0.0718562874251497
1 0.1490066225165563 0.7784431137724551 0.052980132450331126 0.0718562874251497
1 0.10596026490066225 0.7874251497005988 0.052980132450331126 0.0658682634730539
1 0.06788079470198675 0.8023952095808383 0.04304635761589404 0.0718562874251497
1 0.35596026490066224 0.2964071856287425 0.10264900662251655 0.10179640718562874
1 0.41721854304635764 0.3652694610778443 0.1390728476821192 0.11976047904191617
1 0.4768211920529801 0.47305389221556887 0.09933774834437085 0.08383233532934131
1 0.5215231788079471 0.5209580838323353 0.1291390728476821 0.09580838323353294
1 0.5513245033112583 0.5838323353293413 0.11589403973509933 0.07784431137724551
1 0.5910596026490066 0.655688622754491 0.12251655629139073 0.07784431137724551
1 0.6374172185430463 0.718562874251497 0.10264900662251655 0.09580838323353294
1 0.6622516556291391 0.7754491017964071 0.0728476821192053 0.11377245508982035
1 0.4685430463576159 0.3143712574850299 0.10927152317880795 0.08982035928143713
1 0.5198675496688742 0.38323353293413176 0.11258278145695365 0.08383233532934131
1 0.5844370860927153 0.5 0.10264900662251655 0.07784431137724551
1 0.6374172185430463 0.5479041916167665 0.10927152317880795 0.0658682634730539
1 0.6771523178807947 0.6317365269461078 0.10927152317880795 0.07784431137724551
1 0.7334437086092715 0.6976047904191617 0.10264900662251655 0.11377245508982035
1 0.7483443708609272 0.7664670658682635 0.07947019867549669 0.11976047904191617
1 0.5927152317880795 0.3143712574850299 0.11258278145695365 0.08982035928143713
1 0.6258278145695364 0.36826347305389223 0.09933774834437085 0.0658682634730539
1 0.6572847682119205 0.4221556886227545 0.08940397350993377 0.07784431137724551
1 0.6970198675496688 0.47904191616766467 0.08278145695364239 0.08383233532934131
1 0.7334437086092715 0.5389221556886228 0.076158940397351 0.09580838323353294
1 0.7649006622516556 0.5958083832335329 0.059602649006622516 0.07784431137724551
1 0.8029801324503312 0.6467065868263473 0.056291390728476824 0.09580838323353294
1 0.6655629139072847 0.3323353293413174 0.033112582781456956 0.05389221556886228
1 0.6887417218543046 0.36826347305389223 0.039735099337748346 0.0658682634730539
1 0.7201986754966887 0.4251497005988024 0.04966887417218543 0.08383233532934131
1 0.7533112582781457 0.47604790419161674 0.056291390728476824 0.07784431137724551
1 0.7947019867549668 0.5329341317365269 0.039735099337748346 0.0718562874251497
1 0.8311258278145696 0.5778443113772455 0.059602649006622516 0.10179640718562874
1 0.7533112582781457 0.3532934131736527 0.056291390728476824 0.08383233532934131
1 0.7963576158940397 0.41317365269461076 0.06291390728476821 0.0718562874251497
1 0.8410596026490066 0.48502994011976047 0.08609271523178808 0.15568862275449102
1 0.8261589403973509 0.39520958083832336 0.04304635761589404 0.059880239520958084
1 0.8807947019867549 0.46107784431137727 0.0728476821192053 0.09580838323353294
1 0.902317880794702 0.5269461077844312 0.029801324503311258 0.059880239520958084
1 0.9834437086092715 0.3592814371257485 0.019867549668874173 0.03592814371257485
1 0.9503311258278145 0.38023952095808383 0.033112582781456956 0.0658682634730539
1 0.9850993377483444 0.41916167664670656 0.023178807947019868 0.059880239520958084
1 0.8890728476821192 0.3592814371257485 0.04304635761589404 0.059880239520958084
1 0.9188741721854304 0.4161676646706587 0.04304635761589404 0.0658682634730539
1 0.9635761589403974 0.46706586826347307 0.033112582781456956 0.059880239520958084
1 0.9354304635761589 0.4820359281437126 0.04966887417218543 0.0658682634730539
1 0.8940397350993378 0.5089820359281437 0.033112582781456956 0.09580838323353294
1 0.8625827814569537 0.45209580838323354 0.029801324503311258 0.05389221556886228