1 0.7626728110599078 0.3599137931034483 0.19815668202764977 0.1853448275862069
1 0.836405529953917 0.5258620689655172 0.17972350230414746 0.1810344827586207
1 0.6612903225806451 0.6293103448275862 0.22580645161290322 0.20689655172413793
1 0.7188940092165899 0.47629310344827586 0.11059907834101383 0.09051724137931035
1 0.5668202764976958 0.4504310344827586 0.1935483870967742 0.22844827586206898
1 0.47465437788018433 0.5064655172413793 0.16589861751152074 0.1853448275862069
1 0.41705069124423966 0.3125 0.22580645161290322 0.21982758620689655
1 0.1728110599078341 0.35560344827586204 0.22580645161290322 0.1939655172413793
1 0.31105990783410137 0.5 0.14285714285714285 0.15517241379310345
1 0.35253456221198154 0.6056034482758621 0.2073732718894009 0.2025862068965517
1 0.1935483870967742 0.6767241379310345 0.20276497695852536 0.16379310344827586
1 0.16359447004608296 0.5107758620689655 0.17050691244239632 0.17672413793103448
1 0.06912442396313365 0.5560344827586207 0.1382488479262673 0.22413793103448276