1 0.9545454545454546 0.7841530054644809 0.08363636363636363 0.2459016393442623
1 0.8654545454545455 0.9617486338797814 0.08727272727272728 0.06557377049180328
1 0.22181818181818183 0.8278688524590164 0.32727272727272727 0.3333333333333333
1 0.49454545454545457 0.9016393442622951 0.28363636363636363 0.18579234972677597
1 0.05818181818181818 0.7814207650273224 0.11636363636363636 0.4262295081967213
1 0.24545454545454545 0.26229508196721313 0.4909090909090909 0.5245901639344263
1 0.4290909090909091 0.5491803278688525 0.17454545454545456 0.3333333333333333
1 0.5781818181818181 0.5792349726775956 0.2545454545454545 0.5027322404371585
1 0.7145454545454546 0.6557377049180327 0.08363636363636363 0.273224043715847
1 0.5872727272727273 0.8442622950819673 0.04 0.07103825136612021
1 0.6181818181818182 0.4098360655737705 0.2690909090909091 0.5683060109289617
1 0.8109090909090909 0.4644808743169399 0.16 0.644808743169399
1 0.8690909090909091 0.49453551912568305 0.2545454545454545 0.5081967213114754
1 0.8927272727272727 0.6530054644808743 0.10545454545454545 0.11475409836065574
1 0.9581818181818181 0.5191256830601093 0.07636363636363637 0.09836065573770492
1 0.8727272727272727 0.7486338797814208 0.05818181818181818 0.07650273224043716