1 0.9594594594594594 0.32989690721649484 0.07335907335907337 0.1134020618556701
1 0.944015444015444 0.4072164948453608 0.08108108108108109 0.09278350515463918
1 0.974903474903475 0.45618556701030927 0.04247104247104247 0.08762886597938144
1 0.9806949806949807 0.5128865979381443 0.03088803088803089 0.06701030927835051
1 0.9362934362934363 0.5231958762886598 0.09652509652509653 0.08762886597938144
1 0.972972972972973 0.6005154639175257 0.04633204633204633 0.08762886597938144
1 0.8918918918918919 0.4484536082474227 0.10810810810810811 0.1134020618556701
1 0.8359073359073359 0.3479381443298969 0.11969111969111969 0.11855670103092783
1 0.8783783783783784 0.32989690721649484 0.06563706563706563 0.1134020618556701
1 0.9054054054054054 0.3170103092783505 0.05791505791505792 0.0979381443298969
1 0.9536679536679536 0.2809278350515464 0.08494208494208494 0.03608247422680412
1 0.9633204633204633 0.2345360824742268 0.06563706563706563 0.06701030927835051
1 0.7837837837837838 0.4097938144329897 0.10810810810810811 0.08762886597938144
1 0.7586872586872587 0.3402061855670103 0.05791505791505792 0.061855670103092786
1 0.7432432432432432 0.28865979381443296 0.09652509652509653 0.1134020618556701
1 0.7972972972972973 0.26288659793814434 0.05791505791505792 0.07216494845360824
1 0.6853281853281853 0.3582474226804124 0.10424710424710425 0.06701030927835051
1 0.6583011583011583 0.3118556701030928 0.02702702702702703 0.015463917525773196
1 0.6023166023166023 0.36082474226804123 0.06177606177606178 0.030927835051546393
1 0.5405405405405406 0.15721649484536082 0.23166023166023167 0.11855670103092783
1 0.5173745173745173 0.23195876288659795 0.19305019305019305 0.1134020618556701
1 0.5328185328185329 0.30670103092783507 0.138996138996139 0.08762886597938144
1 0.6428571428571429 0.3015463917525773 0.09652509652509653 0.08762886597938144
1 0.6737451737451737 0.22938144329896906 0.09652509652509653 0.11855670103092783
1 0.749034749034749 0.18298969072164947 0.07722007722007722 0.08762886597938144
1 0.9073359073359073 0.24484536082474226 0.1776061776061776 0.08762886597938144
1 0.07142857142857142 0.38402061855670105 0.14285714285714285 0.20103092783505155
1 0.10810810810810811 0.2268041237113402 0.21621621621621623 0.14432989690721648
1 0.20463320463320464 0.45103092783505155 0.10810810810810811 0.26288659793814434
1 0.32625482625482627 0.327319587628866 0.305019305019305 0.4690721649484536
1 0.5733590733590733 0.5360824742268041 0.10424710424710425 0.09278350515463918
1 0.5965250965250966 0.5257731958762887 0.05791505791505792 0.061855670103092786
1 0.6756756756756757 0.5747422680412371 0.09266409266409266 0.08762886597938144
1 0.7123552123552124 0.6314432989690721 0.05019305019305019 0.14948453608247422
1 0.7548262548262549 0.48711340206185566 0.03474903474903475 0.12886597938144329
1 0.777992277992278 0.5077319587628866 0.03474903474903475 0.12886597938144329
1 0.7818532818532818 0.5644329896907216 0.07335907335907337 0.15979381443298968
1 0.5521235521235521 0.4329896907216495 0.05405405405405406 0.041237113402061855
1 0.5019305019305019 0.39690721649484534 0.09266409266409266 0.1134020618556701
1 0.5945945945945946 0.5412371134020618 0.3088803088803089 0.31958762886597936
1 0.832046332046332 0.5335051546391752 0.18146718146718147 0.19072164948453607
1 0.749034749034749 0.7319587628865979 0.09266409266409266 0.08247422680412371
1 0.6776061776061776 0.7654639175257731 0.06563706563706563 0.08762886597938144
1 0.6602316602316602 0.6984536082474226 0.07722007722007722 0.07731958762886598
1 0.6177606177606177 0.7525773195876289 0.0694980694980695 0.1134020618556701
1 0.5868725868725869 0.6726804123711341 0.06177606177606178 0.06701030927835051
1 0.5328185328185329 0.6597938144329897 0.05405405405405406 0.08247422680412371
1 0.5656370656370656 0.75 0.07335907335907337 0.08762886597938144
1 0.5482625482625483 0.7860824742268041 0.04633204633204633 0.05670103092783505
1 0.5984555984555985 0.8118556701030928 0.06177606177606178 0.05670103092783505
1 0.5617760617760618 0.8402061855670103 0.08108108108108109 0.041237113402061855
1 0.5328185328185329 0.8634020618556701 0.07722007722007722 0.05670103092783505
1 0.49034749034749037 0.8221649484536082 0.0694980694980695 0.08762886597938144
1 0.4671814671814672 0.8788659793814433 0.06177606177606178 0.06701030927835051
1 0.41312741312741313 0.8505154639175257 0.03861003861003861 0.041237113402061855
1 0.3745173745173745 0.8195876288659794 0.05405405405405406 0.05154639175257732
1 0.41505791505791506 0.7963917525773195 0.10424710424710425 0.0979381443298969
1 0.4305019305019305 0.7448453608247423 0.10424710424710425 0.06701030927835051
1 0.5057915057915058 0.75 0.03861003861003861 0.05670103092783505
1 0.42857142857142855 0.6752577319587629 0.10810810810810811 0.08247422680412371
1 0.5019305019305019 0.7010309278350515 0.05405405405405406 0.07216494845360824
1 0.42857142857142855 0.6108247422680413 0.06177606177606178 0.03608247422680412
1 0.49034749034749037 0.634020618556701 0.06177606177606178 0.07216494845360824
1 0.3687258687258687 0.6262886597938144 0.05791505791505792 0.05670103092783505
1 0.3127413127413127 0.8092783505154639 0.0694980694980695 0.061855670103092786
1 0.333976833976834 0.845360824742268 0.05791505791505792 0.041237113402061855
1 0.2722007722007722 0.8634020618556701 0.06563706563706563 0.07731958762886598
1 0.26640926640926643 0.788659793814433 0.0694980694980695 0.061855670103092786
1 0.30115830115830117 0.729381443298969 0.06177606177606178 0.0979381443298969
1 0.34555984555984554 0.770618556701031 0.03474903474903475 0.05670103092783505
1 0.3532818532818533 0.7061855670103093 0.04247104247104247 0.08247422680412371
1 0.3281853281853282 0.6469072164948454 0.05405405405405406 0.06701030927835051
1 0.2799227799227799 0.6855670103092784 0.06563706563706563 0.09278350515463918
1 0.22972972972972974 0.7396907216494846 0.0888030888030888 0.0979381443298969
1 0.1833976833976834 0.6262886597938144 0.04247104247104247 0.06701030927835051
1 0.2335907335907336 0.6262886597938144 0.05791505791505792 0.07731958762886598
1 0.2799227799227799 0.595360824742268 0.06563706563706563 0.05670103092783505
1 0.14285714285714285 0.6597938144329897 0.06177606177606178 0.07216494845360824
1 0.1640926640926641 0.788659793814433 0.09652509652509653 0.15463917525773196
1 0.1891891891891892 0.7010309278350515 0.06177606177606178 0.07216494845360824
1 0.07528957528957529 0.6623711340206185 0.08108108108108109 0.04639175257731959
1 0.03861003861003861 0.7319587628865979 0.07722007722007722 0.09278350515463918
1 0.03667953667953668 0.7912371134020618 0.07335907335907337 0.11855670103092783
1 0.017374517374517374 0.8634020618556701 0.03474903474903475 0.08762886597938144
1 0.052123552123552123 0.8762886597938144 0.10424710424710425 0.1134020618556701
1 0.10231660231660232 0.7654639175257731 0.04247104247104247 0.08762886597938144
1 0.12355212355212356 0.8994845360824743 0.10810810810810811 0.11855670103092783
1 0.1833976833976834 0.9278350515463918 0.04247104247104247 0.12371134020618557
1 0.21621621621621623 0.9097938144329897 0.03088803088803089 0.17010309278350516
1 0.25096525096525096 0.9432989690721649 0.04633204633204633 0.10309278350515463
1 0.2799227799227799 0.9407216494845361 0.08108108108108109 0.10824742268041238
1 0.021235521235521235 0.961340206185567 0.04247104247104247 0.05670103092783505