1 0.15178571428571427 0.47767857142857145 0.29464285714285715 0.2857142857142857
1 0.16517857142857142 0.3080357142857143 0.23214285714285715 0.14285714285714285
1 0.31473214285714285 0.3549107142857143 0.20089285714285715 0.11160714285714286
1 0.41964285714285715 0.39955357142857145 0.07142857142857142 0.04017857142857143
1 0.34598214285714285 0.42410714285714285 0.07589285714285714 0.05357142857142857
1 0.32589285714285715 0.27455357142857145 0.07142857142857142 0.049107142857142856
1 0.390625 0.3080357142857143 0.07589285714285714 0
1 0.44642857142857145 0.27901785714285715 0.07142857142857142 0.049107142857142856
1 0.47098214285714285 0.31919642857142855 0.049107142857142856 0.05803571428571429
1 0.43080357142857145 0.35714285714285715 0.05803571428571429 0.10714285714285714
1 0.5200892857142857 0.3013392857142857 0.06696428571428571 0.05803571428571429
1 0.578125 0.3169642857142857 0.06696428571428571 0.05357142857142857
1 0.6026785714285714 0.30580357142857145 0.08035714285714286 0.049107142857142856
1 0.7477678571428571 0.36160714285714285 0.36160714285714285 0.25892857142857145
1 0.5334821428571429 0.3705357142857143 0.07589285714285714 0.0625
1 0.47767857142857145 0.37723214285714285 0.03571428571428571 0.049107142857142856
1 0.4419642857142857 0.4732142857142857 0.16071428571428573 0.125
1 0.33482142857142855 0.49330357142857145 0.10714285714285714 0.11160714285714286
1 0.27455357142857145 0.5803571428571429 0.12946428571428573 0.10714285714285714
1 0.30580357142857145 0.640625 0.05803571428571429 0.06696428571428571
1 0.24776785714285715 0.6763392857142857 0.12053571428571429 0.08482142857142858
1 0.16964285714285715 0.6696428571428571 0.09821428571428571 0.05357142857142857
1 0.19866071428571427 0.6205357142857143 0.08482142857142858 0.0625
1 0.46205357142857145 0.578125 0.29910714285714285 0.21875
1 0.4375 0.6941964285714286 0.08928571428571429 0.049107142857142856
1 0.5714285714285714 0.6897321428571429 0.11607142857142858 0.05803571428571429
1 0.7276785714285714 0.6473214285714286 0.17857142857142858 0.07142857142857142
1 0.8660714285714286 0.5625 0.19642857142857142 0.10714285714285714
1 0.8459821428571429 0.546875 0.04017857142857143 0.04017857142857143
1 0.7388392857142857 0.5513392857142857 0.08482142857142858 0.07589285714285714
1 0.703125 0.5803571428571429 0.07589285714285714 0.05357142857142857
1 0.7611607142857143 0.6004464285714286 0.04017857142857143 0.03125
1 0.6361607142857143 0.5513392857142857 0.07589285714285714 0.049107142857142856
1 0.6294642857142857 0.6205357142857143 0.08928571428571429 0.05357142857142857
1 0.6450892857142857 0.4732142857142857 0.11160714285714286 0.10714285714285714
1 0.6897321428571429 0.4486607142857143 0.18303571428571427 0.12946428571428573
1 0.7924107142857143 0.46205357142857145 0.08482142857142858 0.07589285714285714
1 0.5982142857142857 0.3950892857142857 0.07142857142857142 0.07589285714285714