1 0.31272727272727274 0.5846994535519126 0.07272727272727272 0.06557377049180328
1 0.3654545454545455 0.4426229508196721 0.09818181818181818 0.20765027322404372
1 0.4490909090909091 0.3551912568306011 0.09090909090909091 0.0546448087431694
1 0.49454545454545457 0.41530054644808745 0.05818181818181818 0.18579234972677597
1 0.5327272727272727 0.4453551912568306 0.07636363636363637 0.10382513661202186
1 0.5490909090909091 0.366120218579235 0.06545454545454546 0.0546448087431694
1 0.6127272727272727 0.42896174863387976 0.08363636363636363 0.16939890710382513
1 0.6363636363636364 0.5573770491803278 0.08727272727272728 0.16393442622950818
1 0.5836363636363636 0.6830601092896175 0.09090909090909091 0.12021857923497267
1 0.5345454545454545 0.8005464480874317 0.08727272727272728 0.08196721311475409
1 0.5981818181818181 0.7650273224043715 0.06181818181818182 0.04371584699453552
1 0.42363636363636364 0.8415300546448088 0.12727272727272726 0.16393442622950818
1 0.4672727272727273 0.7841530054644809 0.08363636363636363 0.1366120218579235
1 0.4072727272727273 0.6857923497267759 0.12363636363636364 0.14754098360655737
1 0.43454545454545457 0.6256830601092896 0.09818181818181818 0.12568306010928962
1 0.5018181818181818 0.5792349726775956 0.09454545454545454 0.2185792349726776
1 0.5472727272727272 0.6229508196721312 0.12 0.22950819672131148
1 0.3418181818181818 0.6830601092896175 0.09454545454545454 0.1092896174863388
1 0.34545454545454546 0.7786885245901639 0.10909090909090909 0.09289617486338798
1 0.4781818181818182 0.6229508196721312 0.39636363636363636 0.5792349726775956
1 0.44545454545454544 0.5655737704918032 0.5272727272727272 0.7704918032786885