1 0.5571955719557196 0.8172043010752689 0.03690036900369004 0.053763440860215055
1 0.6273062730627307 0.8306451612903226 0.03690036900369004 0.05913978494623656
1 0.6439114391143912 0.8010752688172043 0.04059040590405904 0.043010752688172046
1 0.7490774907749077 0.8440860215053764 0.04428044280442804 0.06451612903225806
1 0.5867158671586716 0.782258064516129 0.05166051660516605 0.04838709677419355
1 0.6291512915129152 0.7473118279569892 0.04059040590405904 0.053763440860215055
1 0.6549815498154982 0.7123655913978495 0.04059040590405904 0.04838709677419355
1 0.6974169741697417 0.7553763440860215 0.03690036900369004 0.04838709677419355
1 0.7195571955719557 0.728494623655914 0.03690036900369004 0.05913978494623656
1 0.7527675276752768 0.6935483870967742 0.04428044280442804 0.06451612903225806
1 0.7693726937269373 0.6505376344086021 0.04059040590405904 0.053763440860215055
1 0.7749077490774908 0.6021505376344086 0.03690036900369004 0.03225806451612903
1 0.7509225092250923 0.5591397849462365 0.04797047970479705 0.053763440860215055
1 0.7306273062730627 0.5188172043010753 0.02952029520295203 0.04838709677419355
1 0.7601476014760148 0.5026881720430108 0.03690036900369004 0.03763440860215054
1 0.7416974169741697 0.4543010752688172 0.05904059040590406 0.05913978494623656
1 0.7250922509225092 0.6182795698924731 0.055350553505535055 0.07526881720430108
1 0.6752767527675276 0.6317204301075269 0.03690036900369004 0.04838709677419355
1 0.7047970479704797 0.6801075268817204 0.05904059040590406 0.05913978494623656
1 0.6568265682656826 0.6720430107526881 0.02952029520295203 0.03225806451612903
1 0.6273062730627307 0.6989247311827957 0.04428044280442804 0.053763440860215055
1 0.584870848708487 0.31451612903225806 0.2988929889298893 0.43548387096774194
1 0.470479704797048 0.6236559139784946 0.23985239852398524 0.3548387096774194
1 0.3118081180811808 0.4166666666666667 0.25461254612546125 0.3709677419354839
1 0.2878228782287823 0.6747311827956989 0.16236162361623616 0.3064516129032258