1 0.5363636363636364 0.7841530054644809 0.20727272727272728 0.366120218579235
1 0.6563636363636364 0.5710382513661202 0.19272727272727272 0.2896174863387978
1 0.8781818181818182 0.4808743169398907 0.18545454545454546 0.30601092896174864
1 0.9781818181818182 0.412568306010929 0.03636363636363636 0.14754098360655737
1 0.9527272727272728 0.6475409836065574 0.08727272727272728 0.3005464480874317
1 0.990909090909091 0.9180327868852459 0.01090909090909091 0.15300546448087432
1 0.32 0.7759562841530054 0.23272727272727273 0.32786885245901637
1 0.3109090909090909 0.4207650273224044 0.1709090909090909 0.26229508196721313
1 0.34545454545454546 0.4808743169398907 0.21818181818181817 0.2185792349726776
1 0.6818181818181818 0.39344262295081966 0.08363636363636363 0.08743169398907104
1 0.5563636363636364 0.453551912568306 0.16 0.24043715846994534
1 0.74 0.11202185792349727 0.19272727272727272 0.11475409836065574
1 0.7545454545454545 0.04918032786885246 0.14909090909090908 0.09836065573770492
1 0.8654545454545455 0.05191256830601093 0.08727272727272728 0.10382513661202186
1 0.52 0.273224043715847 0.14545454545454545 0.17486338797814208
1 0.38181818181818183 0.3087431693989071 0.16 0.20218579234972678
1 0.35818181818181816 0.1721311475409836 0.12 0.14754098360655737
1 0.4636363636363636 0.11748633879781421 0.12727272727272726 0.14754098360655737
1 0.3290909090909091 0.06557377049180328 0.11272727272727273 0.13114754098360656
1 0.17636363636363636 0.12021857923497267 0.12 0.17486338797814208
1 0.13272727272727272 0.02459016393442623 0.10545454545454545 0.04918032786885246
1 0.15272727272727274 0.2786885245901639 0.17454545454545456 0.15300546448087432