1 0.525089605734767 0.585635359116022 0.08960573476702509 0.11049723756906077
1 0.5967741935483871 0.638121546961326 0.08960573476702509 0.08287292817679558
1 0.5985663082437276 0.7209944751381215 0.10752688172043011 0.10497237569060773
1 0.6720430107526881 0.6685082872928176 0.07526881720430108 0.07734806629834254
1 0.6845878136200717 0.7403314917127072 0.07168458781362007 0.08839779005524862
1 0.7222222222222222 0.6685082872928176 0.053763440860215055 0.09944751381215469
1 0.7401433691756273 0.6270718232044199 0.03225806451612903 0.0718232044198895
1 0.7258064516129032 0.5497237569060773 0.03942652329749104 0.09392265193370165
1 0.7007168458781362 0.5828729281767956 0.053763440860215055 0.11602209944751381
1 0.6451612903225806 0.5966850828729282 0.10752688172043011 0.08839779005524862
1 0.6469534050179212 0.5027624309392266 0.06093189964157706 0.07734806629834254
1 0.6881720430107527 0.494475138121547 0.043010752688172046 0.09392265193370165
1 0.5734767025089605 0.5331491712707183 0.07168458781362007 0.0718232044198895
1 0.5716845878136201 0.47513812154696133 0.06810035842293907 0.06629834254143646
1 0.6254480286738351 0.4530386740331492 0.053763440860215055 0.06629834254143646
1 0.5806451612903226 0.4198895027624309 0.05734767025089606 0.06629834254143646
1 0.5125448028673835 0.4088397790055249 0.07885304659498207 0.07734806629834254
1 0.6308243727598566 0.9779005524861878 0.07168458781362007 0.03314917127071823
1 0.6290322580645161 0.925414364640884 0.07526881720430108 0.0718232044198895
1 0.6953405017921147 0.9392265193370166 0.05734767025089606 0.06629834254143646
1 0.7311827956989247 0.8895027624309392 0.043010752688172046 0.08839779005524862
1 0.7526881720430108 0.8066298342541437 0.043010752688172046 0.07734806629834254
1 0.7419354838709677 0.7348066298342542 0.05017921146953405 0.07734806629834254
1 0.7132616487455197 0.7790055248618785 0.05017921146953405 0.06629834254143646
1 0.7293906810035843 0.8314917127071824 0.04659498207885305 0.06077348066298342
1 0.7060931899641577 0.861878453038674 0.035842293906810034 0.06629834254143646
1 0.6935483870967742 0.9060773480662984 0.03942652329749104 0.04419889502762431
1 0.6612903225806451 0.8397790055248618 0.08243727598566308 0.08839779005524862
1 0.6200716845878136 0.787292817679558 0.0931899641577061 0.09392265193370165
1 0.5824372759856631 0.8674033149171271 0.08243727598566308 0.07734806629834254
1 0.5448028673835126 0.9530386740331491 0.08602150537634409 0.08287292817679558
1 0.496415770609319 0.8977900552486188 0.08960573476702509 0.08287292817679558
1 0.5340501792114696 0.8066298342541437 0.08602150537634409 0.08839779005524862
1 0.514336917562724 0.7569060773480663 0.08243727598566308 0.07734806629834254
1 0.5376344086021505 0.6878453038674033 0.02867383512544803 0.03867403314917127
1 0.47491039426523296 0.6795580110497238 0.1111111111111111 0.12154696132596685
1 0.44086021505376344 0.5939226519337016 0.08602150537634409 0.08287292817679558
1 0.44623655913978494 0.5331491712707183 0.07526881720430108 0.049723756906077346
1 0.503584229390681 0.505524861878453 0.06810035842293907 0.049723756906077346
1 0.43189964157706096 0.5027624309392266 0.0967741935483871 0.06629834254143646
1 0.4283154121863799 0.46685082872928174 0.08960573476702509 0.049723756906077346
1 0.44802867383512546 0.4281767955801105 0.05734767025089606 0.0718232044198895
1 0.4982078853046595 0.4585635359116022 0.05734767025089606 0.055248618784530384
1 0.3870967741935484 0.425414364640884 0.06451612903225806 0.06629834254143646
1 0.3279569892473118 0.4530386740331492 0.06810035842293907 0.09944751381215469
1 0.3548387096774194 0.4861878453038674 0.07168458781362007 0.055248618784530384
1 0.35842293906810035 0.5248618784530387 0.07168458781362007 0.055248618784530384
1 0.3655913978494624 0.5607734806629834 0.07885304659498207 0.049723756906077346
1 0.3709677419354839 0.6298342541436464 0.1039426523297491 0.07734806629834254
1 0.27419354838709675 0.569060773480663 0.1039426523297491 0.11049723756906077
1 0.27956989247311825 0.5082872928176796 0.07168458781362007 0.06629834254143646
1 0.2974910394265233 0.6933701657458563 0.07168458781362007 0.13812154696132597
1 0.37455197132616486 0.7182320441988951 0.08243727598566308 0.08839779005524862
1 0.4229390681003584 0.7624309392265194 0.1003584229390681 0.08839779005524862
1 0.44265232974910396 0.8342541436464088 0.08960573476702509 0.07734806629834254
1 0.41397849462365593 0.914364640883978 0.08243727598566308 0.1270718232044199
1 0.3602150537634409 0.9640883977900553 0.08243727598566308 0.06077348066298342
1 0.45340501792114696 0.9613259668508287 0.08960573476702509 0.06629834254143646
1 0.33154121863799285 0.8839779005524862 0.06810035842293907 0.08839779005524862
1 0.34946236559139787 0.8149171270718232 0.08960573476702509 0.10497237569060773
1 0.27419354838709675 0.7762430939226519 0.06093189964157706 0.06077348066298342
1 0.26881720430107525 0.8480662983425414 0.07168458781362007 0.08287292817679558
1 0.2831541218637993 0.9392265193370166 0.06451612903225806 0.11049723756906077
1 0.24731182795698925 0.9530386740331491 0.05017921146953405 0.049723756906077346
1 0.23297491039426524 0.8895027624309392 0.043010752688172046 0.07734806629834254
1 0.2078853046594982 0.9088397790055248 0.02867383512544803 0.06077348066298342
1 0.1989247311827957 0.8425414364640884 0.03942652329749104 0.0718232044198895
1 0.22580645161290322 0.8093922651933702 0.05017921146953405 0.08287292817679558
1 0.24731182795698925 0.7044198895027625 0.035842293906810034 0.08287292817679558
1 0.22401433691756273 0.7348066298342542 0.04659498207885305 0.06629834254143646
1 0.1935483870967742 0.7651933701657458 0.035842293906810034 0.0718232044198895
1 0.1989247311827957 0.6933701657458563 0.03942652329749104 0.08287292817679558
1 0.21505376344086022 0.6574585635359116 0.035842293906810034 0.07734806629834254
1 0.24193548387096775 0.6215469613259669 0.03942652329749104 0.0718232044198895
1 0.2132616487455197 0.5911602209944752 0.03225806451612903 0.06629834254143646
1 0.6505376344086021 0.3370165745856354 0.14695340501792115 0.13259668508287292
1 0.7903225806451613 0.3784530386740331 0.0967741935483871 0.23756906077348067
1 0.7347670250896058 0.4447513812154696 0.16487455197132617 0.2265193370165746
1 0.8835125448028673 0.4171270718232044 0.14695340501792115 0.34806629834254144
1 0.9623655913978495 0.48342541436464087 0.06810035842293907 0.11602209944751381
1 0.8906810035842294 0.6132596685082873 0.2114695340501792 0.22099447513812154
1 0.9480286738351255 0.8397790055248618 0.0967741935483871 0.30939226519337015
1 0.8530465949820788 0.8093922651933702 0.1863799283154122 0.3701657458563536
1 0.7795698924731183 0.925414364640884 0.0967741935483871 0.13812154696132597
1 0.2903225806451613 0.44751381215469616 0.25806451612903225 0.19889502762430938
1 0.0967741935483871 0.7071823204419889 0.1935483870967742 0.2983425414364641
1 0.7419354838709677 0.17679558011049723 0.05734767025089606 0.06629834254143646
1 0.7741935483870968 0.2265193370165746 0.02867383512544803 0.07734806629834254
1 0.7921146953405018 0.24861878453038674 0.02867383512544803 0.04419889502762431
1 0.7777777777777778 0.281767955801105 0.02867383512544803 0.04419889502762431
1 0.7956989247311828 0.31767955801104975 0.02867383512544803 0.049723756906077346
1 0.8082437275985663 0.36187845303867405 0.025089605734767026 0.03867403314917127
1 0.6881720430107527 0.212707182320442 0.06451612903225806 0.06077348066298342
1 0.6845878136200717 0.2541436464088398 0.05734767025089606 0.04419889502762431
1 0.6881720430107527 0.1574585635359116 0.043010752688172046 0.049723756906077346
1 0.6612903225806451 0.16574585635359115 0.053763440860215055 0.04419889502762431
1 0.6290322580645161 0.20994475138121546 0.06093189964157706 0.055248618784530384
1 0.6308243727598566 0.2596685082872928 0.06451612903225806 0.04419889502762431
1 0.568100358422939 0.24585635359116023 0.06093189964157706 0.06077348066298342
1 0.5824372759856631 0.19613259668508287 0.06810035842293907 0.06077348066298342
1 0.5304659498207885 0.16298342541436464 0.05017921146953405 0.049723756906077346
1 0.5663082437275986 0.143646408839779 0.043010752688172046 0.04419889502762431
1 0.6200716845878136 0.13812154696132597 0.05017921146953405 0.04419889502762431
1 0.521505376344086 0.21823204419889503 0.04659498207885305 0.049723756906077346
1 0.5501792114695341 0.287292817679558 0.04659498207885305 0.055248618784530384
1 0.5949820788530465 0.2955801104972376 0.02867383512544803 0.049723756906077346
1 0.5376344086021505 0.3314917127071823 0.05734767025089606 0.055248618784530384
1 0.5752688172043011 0.3342541436464088 0.017921146953405017 0.027624309392265192
1 0.496415770609319 0.356353591160221 0.03942652329749104 0.027624309392265192
1 0.5089605734767025 0.32044198895027626 0.035842293906810034 0.055248618784530384
1 0.4946236559139785 0.31215469613259667 0.043010752688172046 0.06077348066298342
1 0.4910394265232975 0.281767955801105 0.035842293906810034 0.04419889502762431
1 0.496415770609319 0.24861878453038674 0.025089605734767026 0.06629834254143646
1 0.471326164874552 0.3453038674033149 0.03225806451612903 0.03867403314917127
1 0.46415770609318996 0.3784530386740331 0.03942652329749104 0.03867403314917127