1 0.8876811594202898 0.7664835164835165 0.13043478260869565 0.19230769230769232
1 0.8496376811594203 0.6868131868131868 0.08333333333333333 0.14285714285714285
1 0.16666666666666666 0.25824175824175827 0.06521739130434782 0.0989010989010989
1 0.358695652173913 0.22252747252747251 0.06521739130434782 0.1043956043956044
1 0.28804347826086957 0.28846153846153844 0.11231884057971014 0.12637362637362637
1 0.483695652173913 0.12637362637362637 0.09782608695652174 0.13186813186813187
1 0.5815217391304348 0.15934065934065933 0.07608695652173914 0.07692307692307693
1 0.6068840579710145 0.2554945054945055 0.10507246376811594 0.12637362637362637
1 0.7355072463768116 0.22527472527472528 0.11594202898550725 0.13186813186813187
1 0.6956521739130435 0.2692307692307692 0.06521739130434782 0.07692307692307693
1 0.7934782608695652 0.3489010989010989 0.13043478260869565 0.15934065934065933
1 0.8460144927536232 0.4368131868131868 0.07608695652173914 0.11538461538461539
1 0.8278985507246377 0.5 0.07608695652173914 0.14285714285714285
1 0.7518115942028986 0.49725274725274726 0.11231884057971014 0.15934065934065933
1 0.782608695652174 0.6456043956043956 0.10144927536231885 0.15934065934065933
1 0.7608695652173914 0.7445054945054945 0.07246376811594203 0.11538461538461539
1 0.6793478260869565 0.6318681318681318 0.10507246376811594 0.17582417582417584
1 0.6630434782608695 0.695054945054945 0.12318840579710146 0.15934065934065933
1 0.7119565217391305 0.7912087912087912 0.09057971014492754 0.16483516483516483
1 0.6739130434782609 0.5054945054945055 0.043478260869565216 0.0989010989010989
1 0.6811594202898551 0.3873626373626374 0.11594202898550725 0.15934065934065933
1 0.5960144927536232 0.4697802197802198 0.12681159420289856 0.19230769230769232
1 0.5887681159420289 0.32967032967032966 0.08333333333333333 0.0989010989010989
1 0.5108695652173914 0.21978021978021978 0.10144927536231885 0.14285714285714285
1 0.4438405797101449 0.3434065934065934 0.09782608695652174 0.14835164835164835
1 0.427536231884058 0.23626373626373626 0.06521739130434782 0.08791208791208792
1 0.27898550724637683 0.38461538461538464 0.07246376811594203 0.06593406593406594
1 0.3532608695652174 0.35714285714285715 0.07608695652173914 0.0989010989010989
1 0.1793478260869565 0.37362637362637363 0.08333333333333333 0.12087912087912088
1 0.1793478260869565 0.4725274725274725 0.06159420289855073 0.07692307692307693
1 0.1956521739130435 0.5494505494505495 0.07971014492753623 0.13186813186813187
1 0.14492753623188406 0.5494505494505495 0.043478260869565216 0.07692307692307693
1 0.2753623188405797 0.6401098901098901 0.07971014492753623 0.13736263736263737
1 0.21920289855072464 0.7087912087912088 0.11231884057971014 0.18681318681318682
1 0.1503623188405797 0.6456043956043956 0.06884057971014493 0.1043956043956044
1 0.26992753623188404 0.8186813186813187 0.06159420289855073 0.15384615384615385
1 0.31521739130434784 0.8818681318681318 0.10144927536231885 0.1813186813186813
1 0.45108695652173914 0.8763736263736264 0.11231884057971014 0.19230769230769232
1 0.5271739130434783 0.7692307692307693 0.09782608695652174 0.14285714285714285
1 0.6068840579710145 0.8159340659340659 0.11231884057971014 0.1813186813186813
1 0.5289855072463768 0.8681318681318682 0.050724637681159424 0.054945054945054944
1 0.3894927536231884 0.8461538461538461 0.04710144927536232 0.10989010989010989
1 0.519927536231884 0.4258241758241758 0.06884057971014493 0.14835164835164835
1 0.5307971014492754 0.5302197802197802 0.05434782608695652 0.09340659340659341
1 0.5380434782608695 0.6483516483516484 0.12681159420289856 0.18681318681318682
1 0.6086956521739131 0.5851648351648352 0.057971014492753624 0.06043956043956044
1 0.43478260869565216 0.5906593406593407 0.057971014492753624 0.11538461538461539
1 0.49818840579710144 0.521978021978022 0.11231884057971014 0.17582417582417584
1 0.42934782608695654 0.510989010989011 0.04710144927536232 0.06593406593406594
1 0.4438405797101449 0.3489010989010989 0.09782608695652174 0.12637362637362637
1 0.3695652173913043 0.46703296703296704 0.07246376811594203 0.12087912087912088
1 0.29891304347826086 0.489010989010989 0.09057971014492754 0.13186813186813187
1 0.2807971014492754 0.5686813186813187 0.06884057971014493 0.08241758241758242
1 0.3677536231884058 0.6016483516483516 0.11231884057971014 0.17032967032967034
1 0.3496376811594203 0.7637362637362637 0.09782608695652174 0.15384615384615385
1 0.4257246376811594 0.7115384615384616 0.07608695652173914 0.14835164835164835