1 0.7787769784172662 0.6823204419889503 0.14028776978417265 0.19337016574585636
1 0.7553956834532374 0.5497237569060773 0.17266187050359713 0.14917127071823205
1 0.6906474820143885 0.6132596685082873 0.1223021582733813 0.19889502762430938
1 0.7697841726618705 0.4171270718232044 0.1366906474820144 0.18232044198895028
1 0.75 0.3370165745856354 0.24820143884892087 0.35359116022099446
1 0.368705035971223 0.16022099447513813 0.11151079136690648 0.143646408839779
1 0.2787769784172662 0.21823204419889503 0.0683453237410072 0.19337016574585636
1 0.3723021582733813 0.430939226519337 0.19784172661870503 0.2541436464088398
1 0.5449640287769785 0.5441988950276243 0.16906474820143885 0.2596685082872928
1 0.6366906474820144 0.425414364640884 0.1366906474820144 0.1878453038674033
1 0.6115107913669064 0.7458563535911602 0.18705035971223022 0.2541436464088398
1 0.512589928057554 0.8342541436464088 0.17625899280575538 0.20994475138121546
1 0.37410071942446044 0.7541436464088398 0.2733812949640288 0.292817679558011
1 0.23741007194244604 0.6795580110497238 0.17985611510791366 0.19889502762430938
1 0.1960431654676259 0.6104972375690608 0.20503597122302158 0.1712707182320442
1 0.21223021582733814 0.5082872928176796 0.17266187050359713 0.08839779005524862
1 0.12949640287769784 0.5138121546961326 0.06474820143884892 0.09944751381215469
1 0.10611510791366907 0.56353591160221 0.0683453237410072 0.08839779005524862
1 0.17985611510791366 0.3287292817679558 0.18705035971223022 0.30386740331491713
1 0.37589928057553956 0.43646408839779005 0.19784172661870503 0.2430939226519337
1 0.3597122302158273 0.5386740331491713 0.15827338129496402 0.1270718232044199
1 0.4316546762589928 0.6132596685082873 0.06474820143884892 0.06629834254143646
1 0.3669064748201439 0.4198895027624309 0.18705035971223022 0.16574585635359115
1 0.49460431654676257 0.281767955801105 0.4064748201438849 0.30939226519337015