1 0.9037735849056604 0.8342105263157895 0.18490566037735848 0.1736842105263158
1 0.6886792452830188 0.7342105263157894 0.37358490566037733 0.3736842105263158
1 0.9547169811320755 0.6289473684210526 0.0830188679245283 0.24736842105263157
1 0.28867924528301886 0.8894736842105263 0.26037735849056604 0.06315789473684211
1 0.07169811320754717 0.7315789473684211 0.14339622641509434 0.37894736842105264
1 0.1811320754716981 0.6394736842105263 0.3622641509433962 0.5
1 0.4811320754716981 0.45 0.3886792452830189 0.5105263157894737
1 0.44528301886792454 0.7394736842105263 0.1660377358490566 0.1
1 0.25849056603773585 0.1763157894736842 0.27547169811320754 0.3526315789473684
1 0.39622641509433965 0.10789473684210527 0.12075471698113208 0.21578947368421053
1 0.5358490566037736 0.1 0.19622641509433963 0.2
1 0.5754716981132075 0.15 0.07924528301886792 0.18421052631578946
1 0.6584905660377358 0.11052631578947368 0.04150943396226415 0.17894736842105263
1 0.6415094339622641 0.2789473684210526 0.06037735849056604 0.10526315789473684
1 0.8320754716981132 0.37105263157894736 0.3283018867924528 0.5
1 0.8056603773584906 0.16052631578947368 0.29056603773584905 0.21578947368421053
1 0.7471698113207547 0.1 0.06037735849056604 0.2
1 0.8811320754716981 0.07631578947368421 0.23018867924528302 0.15263157894736842
1 0.07547169811320754 0.08421052631578947 0.1509433962264151 0.16842105263157894
1 0.16037735849056603 0.3157894736842105 0.27547169811320754 0.3157894736842105