1 0.5644329896907216 0.8532818532818532 0.17010309278350516 0.13127413127413126
1 0.7242268041237113 0.7876447876447876 0.25257731958762886 0.18532818532818532
1 0.8092783505154639 0.7007722007722008 0.2268041237113402 0.11969111969111969
1 0.8814432989690721 0.6158301158301158 0.21649484536082475 0.11196911196911197
1 0.6984536082474226 0.6505791505791506 0.12886597938144329 0.08108108108108109
1 0.7654639175257731 0.5791505791505791 0.10824742268041238 0.08494208494208494
1 0.5335051546391752 0.6447876447876448 0.22164948453608246 0.10038610038610038
1 0.4896907216494845 0.749034749034749 0.2268041237113402 0.12355212355212356
1 0.37628865979381443 0.9247104247104247 0.27835051546391754 0.14285714285714285
1 0.06701030927835051 0.7992277992277992 0.13402061855670103 0.06177606177606178
1 0.07989690721649484 0.8996138996138996 0.15979381443298968 0.138996138996139
1 0.17783505154639176 0.9652509652509652 0.18041237113402062 0.06177606177606178
1 0.5721649484536082 0.48841698841698844 0.14432989690721648 0.09652509652509653
1 0.6262886597938144 0.4343629343629344 0.14948453608247422 0.09652509652509653
1 0.8737113402061856 0.43243243243243246 0.12886597938144329 0.0694980694980695
1 0.9664948453608248 0.4362934362934363 0.05670103092783505 0.07722007722007722
1 0.9304123711340206 0.47297297297297297 0.10824742268041238 0.03474903474903475
1 0.9381443298969072 0.5077220077220077 0.1134020618556701 0.04247104247104247
1 0.9175257731958762 0.37065637065637064 0.1134020618556701 0.05405405405405406
1 0.6494845360824743 0.361003861003861 0.16494845360824742 0.08108108108108109
1 0.5824742268041238 0.33783783783783783 0.13402061855670103 0.09652509652509653
1 0.48195876288659795 0.3687258687258687 0.12886597938144329 0.07335907335907337
1 0.44587628865979384 0.42084942084942084 0.10824742268041238 0.06177606177606178
1 0.3170103092783505 0.4517374517374517 0.12886597938144329 0.0694980694980695
1 0.3788659793814433 0.3436293436293436 0.10824742268041238 0.06177606177606178
1 0.4587628865979381 0.3127413127413127 0.08247422680412371 0.03861003861003861
1 0.5154639175257731 0.28378378378378377 0.08247422680412371 0.03474903474903475
1 0.5283505154639175 0.26640926640926643 0.11855670103092783 0.05405405405405406
1 0.44329896907216493 0.2606177606177606 0.08247422680412371 0.04247104247104247
1 0.4097938144329897 0.2876447876447876 0.11855670103092783 0.05019305019305019
1 0.33505154639175255 0.277992277992278 0.09278350515463918 0.05405405405405406
1 0.35051546391752575 0.23745173745173745 0.061855670103092786 0.03474903474903475
1 0.2860824742268041 0.277992277992278 0.05670103092783505 0.05405405405405406
1 0.27319587628865977 0.3474903474903475 0.1134020618556701 0.05405405405405406
1 0.03865979381443299 0.3474903474903475 0.07731958762886598 0.06177606177606178
1 0.19845360824742267 0.27413127413127414 0.10824742268041238 0.07722007722007722
1 0.2036082474226804 0.22972972972972974 0.08762886597938144 0.04247104247104247
1 0.25773195876288657 0.21621621621621623 0.061855670103092786 0.05405405405405406
1 0.12371134020618557 0.22007722007722008 0.09278350515463918 0.06177606177606178
1 0.8324742268041238 0.305019305019305 0.0979381443298969 0.06177606177606178
1 0.7474226804123711 0.26833976833976836 0.09278350515463918 0.06563706563706563
1 0.6752577319587629 0.2471042471042471 0.08247422680412371 0.03861003861003861
1 0.5695876288659794 0.2277992277992278 0.06701030927835051 0.04633204633204633
1 0.4948453608247423 0.1891891891891892 0.08247422680412371 0.03861003861003861
1 0.5051546391752577 0.15057915057915058 0.041237113402061855 0.03088803088803089
1 0.7396907216494846 0.16602316602316602 0.06701030927835051 0.03861003861003861
1 0.7783505154639175 0.1525096525096525 0.05154639175257732 0.02702702702702703
1 0.8324742268041238 0.138996138996139 0.07731958762886598 0.03861003861003861
1 0.8865979381443299 0.16216216216216217 0.05154639175257732 0.03088803088803089
1 0.43556701030927836 0.16216216216216217 0.06701030927835051 0.04633204633204633
1 0.3865979381443299 0.13513513513513514 0.061855670103092786 0.03861003861003861
1 0.3324742268041237 0.13706563706563707 0.07731958762886598 0.02702702702702703
1 0.2706185567010309 0.11969111969111969 0.04639175257731959 0.023166023166023165
1 0.25773195876288657 0.138996138996139 0.07216494845360824 0.03861003861003861
1 0.20618556701030927 0.12548262548262548 0.061855670103092786 0.02702702702702703
1 0.13917525773195877 0.1274131274131274 0.061855670103092786 0.03088803088803089
1 0.1958762886597938 0.16216216216216217 0.07216494845360824 0.04633204633204633
1 0.9432989690721649 0.06177606177606178 0.05154639175257732 0.03861003861003861
1 0.9639175257731959 0.019305019305019305 0.061855670103092786 0.023166023166023165
1 0.9072164948453608 0.023166023166023165 0.05154639175257732 0.015444015444015444
1 0.8608247422680413 0.019305019305019305 0.05154639175257732 0.03861003861003861
1 0.7912371134020618 0.023166023166023165 0.05670103092783505 0.03861003861003861
1 0.7319587628865979 0.025096525096525095 0.05154639175257732 0.03474903474903475
1 0.7577319587628866 0.06177606177606178 0.061855670103092786 0.03861003861003861
1 0.6417525773195877 0.025096525096525095 0.05670103092783505 0.04247104247104247
1 0.5670103092783505 0.06563706563706563 0.061855670103092786 0.03088803088803089
1 0.5979381443298969 0.04633204633204633 0.041237113402061855 0.023166023166023165
1 0.5902061855670103 0.023166023166023165 0.04639175257731959 0.03088803088803089
1 0.5438144329896907 0.021235521235521235 0.05670103092783505 0.019305019305019305
1 0.5051546391752577 0.05019305019305019 0.061855670103092786 0.03861003861003861
1 0.43556701030927836 0.009652509652509652 0.04639175257731959 0.019305019305019305
1 0.42783505154639173 0.04826254826254826 0.061855670103092786 0.03474903474903475
1 0.31443298969072164 0.0444015444015444 0.05154639175257732 0.05019305019305019
1 0.25 0.05019305019305019 0.07731958762886598 0.03861003861003861
1 0.20103092783505155 0.05405405405405406 0.05154639175257732 0.023166023166023165
1 0.49742268041237114 0 0.9948453608247423 0