1 0.2641025641025641 0.24224806201550386 0.26153846153846155 0.3992248062015504
1 0.33076923076923076 0.28294573643410853 0.3641025641025641 0.31007751937984496
1 0.5871794871794872 0.28294573643410853 0.2205128205128205 0.13953488372093023
1 0.764102564102564 0.312015503875969 0.1641025641025641 0.12790697674418605
1 0.7564102564102564 0.44573643410852715 0.16923076923076924 0.13178294573643412
1 0.7794871794871795 0.6201550387596899 0.3384615384615385 0.3875968992248062
1 0.6384615384615384 0.6085271317829457 0.2717948717948718 0.3488372093023256
1 0.4512820512820513 0.3953488372093023 0.17435897435897435 0.13178294573643412
1 0.6230769230769231 0.375968992248062 0.1794871794871795 0.10077519379844961
1 0.382051282051282 0.3546511627906977 0.14871794871794872 0.12015503875968993
1 0.2717948717948718 0.5387596899224806 0.28717948717948716 0.2558139534883721
1 0.48717948717948717 0.5290697674418605 0.22564102564102564 0.15891472868217055
1 0.6025641025641025 0.5058139534883721 0.13846153846153847 0.1434108527131783
1 0.5282051282051282 0.6337209302325582 0.20512820512820512 0.09689922480620156
1 0.6487179487179487 0.6434108527131783 0.046153846153846156 0.11627906976744186
1 0.5487179487179488 0.7364341085271318 0.17435897435897435 0.10077519379844961
1 0.382051282051282 0.7015503875968992 0.15897435897435896 0.12403100775193798
1 0.5717948717948718 0.4631782945736434 0.8461538461538461 0.9263565891472868