1 0.9184027777777778 0.5971428571428572 0.11458333333333333 0.17714285714285713
1 0.9861111111111112 0.6028571428571429 0.020833333333333332 0.05142857142857143
1 0.9618055555555556 0.7257142857142858 0.06944444444444445 0.16
1 0.9322916666666666 0.8828571428571429 0.12152777777777778 0.2
1 0.875 0.7285714285714285 0.10416666666666667 0.1657142857142857
1 0.8142361111111112 0.8942857142857142 0.1076388888888889 0.2
1 0.7517361111111112 0.7228571428571429 0.12152777777777778 0.18857142857142858
1 0.7916666666666666 0.64 0.09027777777777778 0.11428571428571428
1 0.8229166666666666 0.58 0.09722222222222222 0.15428571428571428
1 0.7013888888888888 0.9114285714285715 0.1111111111111111 0.1657142857142857
1 0.7222222222222222 0.8342857142857143 0.09027777777777778 0.05714285714285714
1 0.6875 0.5828571428571429 0.1111111111111111 0.14857142857142858
1 0.7690972222222222 0.5285714285714286 0.10069444444444445 0.14285714285714285
1 0.640625 0.6857142857142857 0.1076388888888889 0.18285714285714286
1 0.5642361111111112 0.7485714285714286 0.11458333333333333 0.17142857142857143
1 0.5034722222222222 0.6171428571428571 0.1111111111111111 0.17142857142857143
1 0.5729166666666666 0.5457142857142857 0.1111111111111111 0.17714285714285713
1 0.4565972222222222 0.7771428571428571 0.1076388888888889 0.17142857142857143
1 0.5086805555555556 0.8542857142857143 0.08680555555555555 0.06285714285714286
1 0.6267361111111112 0.86 0.07291666666666667 0.08571428571428572
1 0.5954861111111112 0.92 0.09375 0.14857142857142858
1 0.5347222222222222 0.9371428571428572 0.1111111111111111 0.11428571428571428
1 0.4565972222222222 0.8942857142857142 0.08680555555555555 0.07428571428571429
1 0.4305555555555556 0.9457142857142857 0.10416666666666667 0.09714285714285714
1 0.3958333333333333 0.8742857142857143 0.0763888888888889 0.10285714285714286
1 0.3263888888888889 0.7685714285714286 0.1111111111111111 0.17714285714285713
1 0.3090277777777778 0.7028571428571428 0.09722222222222222 0.12571428571428572
1 0.4149305555555556 0.6771428571428572 0.07291666666666667 0.08571428571428572
1 0.3836805555555556 0.7457142857142857 0.04513888888888889 0.15428571428571428
1 0.2986111111111111 0.8742857142857143 0.11805555555555555 0.12571428571428572
1 0.3263888888888889 0.9457142857142857 0.09722222222222222 0.09714285714285714
1 0.21180555555555555 0.9428571428571428 0.13194444444444445 0.10285714285714286
1 0.1684027777777778 0.8914285714285715 0.1423611111111111 0.18285714285714286
1 0.22916666666666666 0.84 0.0625 0.10285714285714286
1 0.24131944444444445 0.7771428571428571 0.059027777777777776 0.06857142857142857
1 0.16493055555555555 0.7914285714285715 0.0798611111111111 0.04
1 0.09722222222222222 0.8628571428571429 0.04861111111111111 0.10285714285714286
1 0.05381944444444445 0.9428571428571428 0.1076388888888889 0.10285714285714286
1 0.2222222222222222 0.7028571428571428 0.10416666666666667 0.16
1 0.1388888888888889 0.7514285714285714 0.10416666666666667 0.14285714285714285
1 0.046875 0.82 0.09375 0.15428571428571428
1 0.029513888888888888 0.7171428571428572 0.059027777777777776 0.1657142857142857
1 0.11631944444444445 0.6342857142857142 0.11458333333333333 0.18285714285714286
1 0.4114583333333333 0.6085714285714285 0.07291666666666667 0.09714285714285714
1 0.3038194444444444 0.58 0.12152777777777778 0.1657142857142857
1 0.3194444444444444 0.46285714285714286 0.09027777777777778 0.11428571428571428
1 0.4027777777777778 0.4742857142857143 0.0763888888888889 0.17142857142857143
1 0.203125 0.49142857142857144 0.12152777777777778 0.16
1 0.21875 0.5771428571428572 0.08333333333333333 0.10285714285714286
1 0.036458333333333336 0.6 0.07291666666666667 0.05714285714285714
1 0.08159722222222222 0.5228571428571429 0.10069444444444445 0.09714285714285714
1 0.020833333333333332 0.5057142857142857 0.041666666666666664 0.09714285714285714
1 0.027777777777777776 0.5342857142857143 0.027777777777777776 0.09714285714285714
1 0.11631944444444445 0.4857142857142857 0.059027777777777776 0.08
1 0.13541666666666666 0.37714285714285717 0.0763888888888889 0.12571428571428572
1 0.036458333333333336 0.39714285714285713 0.07291666666666667 0.10857142857142857
1 0.057291666666666664 0.43714285714285717 0.07291666666666667 0.07428571428571429
1 0.11458333333333333 0.48 0.0625 0.08
1 0.2065972222222222 0.36 0.07291666666666667 0.11428571428571428
1 0.2673611111111111 0.38857142857142857 0.0625 0.08
1 0.3194444444444444 0.4542857142857143 0.09027777777777778 0.10857142857142857
1 0.2795138888888889 0.32285714285714284 0.06597222222222222 0.07428571428571429
1 0.34375 0.3628571428571429 0.0763888888888889 0.08571428571428572
1 0.4114583333333333 0.34285714285714286 0.07291666666666667 0.11428571428571428
1 0.8020833333333334 0.3314285714285714 0.0763888888888889 0.10285714285714286
1 0.7517361111111112 0.37142857142857144 0.059027777777777776 0.05714285714285714
1 0.6979166666666666 0.38285714285714284 0.04861111111111111 0.045714285714285714
1 0.6822916666666666 0.36 0.06597222222222222 0.06857142857142857
1 0.7447916666666666 0.28285714285714286 0.07291666666666667 0.10857142857142857
1 0.6840277777777778 0.26857142857142857 0.0625 0.11428571428571428
1 0.625 0.2885714285714286 0.08333333333333333 0.09714285714285714
1 0.609375 0.21428571428571427 0.07291666666666667 0.08571428571428572
1 0.6197916666666666 0.3628571428571429 0.06597222222222222 0.05142857142857143
1 0.4965277777777778 0.32 0.0763888888888889 0.08
1 0.5538194444444444 0.34285714285714286 0.052083333333333336 0.05714285714285714
1 0.5121527777777778 0.2571428571428571 0.0798611111111111 0.11428571428571428
1 0.5694444444444444 0.22857142857142856 0.027777777777777776 0.05714285714285714
1 0.4583333333333333 0.18857142857142858 0.0763888888888889 0.09142857142857143
1 0.4479166666666667 0.2742857142857143 0.06944444444444445 0.08
1 0.4131944444444444 0.2257142857142857 0.05555555555555555 0.08571428571428572
1 0.375 0.24857142857142858 0.0763888888888889 0.08571428571428572
1 0.3055555555555556 0.24571428571428572 0.06944444444444445 0.09142857142857143