1 0.6439393939393939 0.56282722513089 0.12121212121212122 0.17277486910994763
1 0.6875 0.599476439790576 0.07196969696969698 0.1518324607329843
1 0.7481060606060606 0.6570680628272252 0.10227272727272728 0.12041884816753927
1 0.8257575757575758 0.680628272251309 0.08333333333333333 0.09424083769633508
1 0.8579545454545454 0.643979057591623 0.041666666666666664 0.10471204188481675
1 0.9147727272727273 0.6204188481675392 0.07954545454545454 0.14136125654450263
1 0.7481060606060606 0.725130890052356 0.06439393939393939 0.12041884816753927
1 0.6590909090909091 0.6910994764397905 0.12121212121212122 0.09424083769633508
1 0.6496212121212122 0.7277486910994765 0.0946969696969697 0.08376963350785341
1 0.5549242424242424 0.7329842931937173 0.10227272727272728 0.09424083769633508
1 0.5018939393939394 0.7617801047120419 0.07954545454545454 0.07853403141361257
1 0.5189393939393939 0.6465968586387435 0.06818181818181818 0.12041884816753927
1 0.571969696969697 0.6518324607329843 0.045454545454545456 0.16230366492146597
1 0.5265151515151515 0.612565445026178 0.12878787878787878 0.14659685863874344
1 0.4147727272727273 0.7041884816753927 0.13257575757575757 0.1099476439790576
1 0.4753787878787879 0.18848167539267016 0.125 0.23036649214659685
1 0.5303030303030303 0.19109947643979058 0.045454545454545456 0.04712041884816754
1 0.5511363636363636 0.25392670157068065 0.056818181818181816 0.03664921465968586
1 0.634469696969697 0.23036649214659685 0.041666666666666664 0.041884816753926704
1 0.6098484848484849 0.23036649214659685 0.21212121212121213 0.2198952879581152
1 0.7348484848484849 0.21727748691099477 0.09090909090909091 0.12041884816753927
1 0.7803030303030303 0.2486910994764398 0.045454545454545456 0.04712041884816754
1 0.7916666666666666 0.31413612565445026 0.08333333333333333 0.06282722513089005
1 0.875 0.36910994764397903 0.09090909090909091 0.1099476439790576
1 0.8825757575757576 0.46596858638743455 0.05303030303030303 0.09424083769633508
1 0.8560606060606061 0.4869109947643979 0.09848484848484848 0.19895287958115182
1 0.7916666666666666 0.3900523560209424 0.09848484848484848 0.07853403141361257
1 0.7803030303030303 0.450261780104712 0.03787878787878788 0.08376963350785341
1 0.7954545454545454 0.5261780104712042 0.05303030303030303 0.09947643979057591
1 0.7481060606060606 0.49476439790575916 0.041666666666666664 0.06806282722513089
1 0.696969696969697 0.4973821989528796 0.23484848484848486 0.2513089005235602
1 0.6704545454545454 0.36910994764397903 0.17424242424242425 0.07853403141361257
1 0.7348484848484849 0.32722513089005234 0.09848484848484848 0.05759162303664921
1 0.5625 0.4581151832460733 0.07196969696969698 0.13089005235602094
1 0.5265151515151515 0.48429319371727747 0.11363636363636363 0.13089005235602094
1 0.3522727272727273 0.17015706806282724 0.08333333333333333 0.08900523560209424
1 0.42424242424242425 0.27225130890052357 0.045454545454545456 0.10471204188481675
1 0.4715909090909091 0.23036649214659685 0.13257575757575757 0.17801047120418848
1 0.13068181818181818 0.5287958115183246 0.08712121212121213 0.10471204188481675
1 0.12878787878787878 0.6151832460732984 0.18181818181818182 0.20418848167539266
1 0.2727272727272727 0.7094240837696335 0.1590909090909091 0.16230366492146597
1 0.38636363636363635 0.6465968586387435 0.15151515151515152 0.12041884816753927
1 0.45454545454545453 0.5575916230366492 0.045454545454545456 0.04712041884816754
1 0.44696969696969696 0.5235602094240838 0.03787878787878788 0.041884816753926704
1 0.45265151515151514 0.4816753926701571 0.06439393939393939 0.09424083769633508
1 0.39015151515151514 0.4869109947643979 0.09090909090909091 0.09424083769633508
1 0.3428030303030303 0.39267015706806285 0.13257575757575757 0.08376963350785341
1 0.4053030303030303 0.418848167539267 0.09090909090909091 0.05235602094240838
1 0.4412878787878788 0.38219895287958117 0.10984848484848485 0.07329842931937172
1 0.32386363636363635 0.24345549738219896 0.13257575757575757 0.06806282722513089
1 0.3333333333333333 0.29581151832460734 0.10606060606060606 0.03664921465968586
1 0.3712121212121212 0.3403141361256545 0.14393939393939395 0.041884816753926704
1 0.4659090909090909 0.36387434554973824 0.03787878787878788 0.03664921465968586
1 0.3352272727272727 0.468586387434555 0.0946969696969697 0.1518324607329843
1 0.25757575757575757 0.5706806282722513 0.09848484848484848 0.05235602094240838
1 0.2859848484848485 0.6020942408376964 0.10227272727272728 0.09424083769633508
1 0.2481060606060606 0.49214659685863876 0.17045454545454544 0.14659685863874344
1 0.24621212121212122 0.35340314136125656 0.12878787878787878 0.13089005235602094
1 0.25946969696969696 0.4083769633507853 0.07196969696969698 0.06282722513089005
1 0.1856060606060606 0.337696335078534 0.10606060606060606 0.1518324607329843
1 0.25757575757575757 0.306282722513089 0.06060606060606061 0.05759162303664921
1 0.21022727272727273 0.2591623036649215 0.07196969696969698 0.02617801047120419
1 0.2689393939393939 0.22251308900523561 0.06060606060606061 0.07853403141361257
1 0.12310606060606061 0.337696335078534 0.06439393939393939 0.1099476439790576
1 0.08522727272727272 0.4214659685863874 0.026515151515151516 0.03664921465968586
1 0.09659090909090909 0.450261780104712 0.14015151515151514 0.11518324607329843