1 0.8618181818181818 0.412568306010929 0.12363636363636364 0.16939890710382513
1 0.9272727272727272 0.5628415300546448 0.13818181818181818 0.26229508196721313
1 0.7290909090909091 0.48360655737704916 0.26545454545454544 0.366120218579235
1 0.7381818181818182 0.5710382513661202 0.21818181818181817 0.3114754098360656
1 0.5818181818181818 0.5491803278688525 0.10909090909090909 0.21311475409836064
1 0.49454545454545457 0.4426229508196721 0.11636363636363636 0.19672131147540983
1 0.5327272727272727 0.2650273224043716 0.05454545454545454 0.07103825136612021
1 0.42 0.4726775956284153 0.2290909090909091 0.3989071038251366
1 0.44181818181818183 0.5956284153005464 0.3018181818181818 0.36065573770491804
1 0.24181818181818182 0.4016393442622951 0.12 0.18032786885245902
1 0.16727272727272727 0.4562841530054645 0.3054545454545455 0.3442622950819672
1 0.11636363636363636 0.592896174863388 0.23272727272727273 0.2568306010928962
1 0.28 0.7404371584699454 0.04363636363636364 0.10382513661202186
1 0.3290909090909091 0.7076502732240437 0.04727272727272727 0.060109289617486336