1 0.9644268774703557 0.8743718592964824 0.06324110671936758 0.1708542713567839
1 0.6877470355731226 0.871859296482412 0.18181818181818182 0.15577889447236182
1 0.8478260869565217 0.8266331658291457 0.2964426877470356 0.21608040201005024
1 0.06126482213438735 0.8592964824120602 0.11462450592885376 0.21105527638190955
1 0.08300395256916997 0.7412060301507538 0.15810276679841898 0.135678391959799
1 0.0533596837944664 0.6005025125628141 0.09881422924901186 0.15577889447236182
1 0.17786561264822134 0.6180904522613065 0.16600790513833993 0.1306532663316583
1 0.2924901185770751 0.5954773869346733 0.1422924901185771 0.12562814070351758
1 0.41106719367588934 0.5879396984924623 0.11857707509881422 0.1306532663316583
1 0.45652173913043476 0.4899497487437186 0.09090909090909091 0.1658291457286432
1 0.383399209486166 0.4296482412060301 0.07905138339920949 0.08542713567839195
1 0.3932806324110672 0.33668341708542715 0.07509881422924901 0.10050251256281408
1 0.2964426877470356 0.44974874371859297 0.09486166007905138 0.08542713567839195
1 0.3458498023715415 0.535175879396985 0.1225296442687747 0.09547738693467336
1 0.18181818181818182 0.39949748743718594 0.16600790513833993 0.23618090452261306
1 0.1482213438735178 0.542713567839196 0.1541501976284585 0.09045226130653267
1 0.05731225296442688 0.4271356783919598 0.1067193675889328 0.20100502512562815
1 0.6047430830039525 0.6331658291457286 0.08695652173913043 0.10050251256281408
1 0.5335968379446641 0.542713567839196 0.06324110671936758 0.08040201005025126
1 0.5474308300395256 0.4949748743718593 0.05928853754940711 0.04522613065326633
1 0.49209486166007904 0.6306532663316583 0.06719367588932806 0.09547738693467336
1 0.5375494071146245 0.6482412060301508 0.05533596837944664 0.10050251256281408
1 0.49407114624505927 0.7537688442211056 0.05533596837944664 0.05025125628140704
1 0.4743083003952569 0.6934673366834171 0.07905138339920949 0.05025125628140704
1 0.42292490118577075 0.6557788944723618 0.05533596837944664 0.04522613065326633
1 0.38537549407114624 0.7085427135678392 0.19367588932806323 0.18090452261306533
1 0.30434782608695654 0.7688442211055276 0.15810276679841898 0.18090452261306533
1 0.23517786561264822 0.8743718592964824 0.233201581027668 0.24120603015075376
1 0.46047430830039526 0.8969849246231156 0.2885375494071146 0.17587939698492464
1 0.8715415019762845 0.6859296482412061 0.2490118577075099 0.15577889447236182
1 0.7035573122529645 0.4396984924623116 0.15019762845849802 0.23618090452261306
1 0.7648221343873518 0.49748743718592964 0.09090909090909091 0.1507537688442211
1 0.8695652173913043 0.5477386934673367 0.1422924901185771 0.2613065326633166
1 0.9604743083003953 0.4371859296482412 0.07114624505928854 0.32160804020100503
1 0.8438735177865613 0.2185929648241206 0.2727272727272727 0.4271356783919598
1 0.8241106719367589 0.17336683417085427 0.3438735177865613 0.34673366834170855
1 0.5770750988142292 0.3165829145728643 0.2450592885375494 0.31155778894472363
1 0.6739130434782609 0.6105527638190955 0.6442687747035574 0.5778894472361809
1 0.3181818181818182 0.20854271356783918 0.3438735177865613 0.41708542713567837
1 0.12450592885375494 0.09798994974874371 0.17786561264822134 0.19597989949748743
1 0.07114624505928854 0.22613065326633167 0.1422924901185771 0.22110552763819097
1 0.6027667984189723 0.10552763819095477 0.2648221343873518 0.21105527638190955