1 0.6974358974358974 0.7895752895752896 0.48205128205128206 0.10424710424710425
1 0.7461538461538462 0.6737451737451737 0.49743589743589745 0.15057915057915058
1 0.7 0.4555984555984556 0.5897435897435898 0.23166023166023167
1 0.9153846153846154 0.2799227799227799 0.14871794871794872 0.11196911196911197
1 0.8179487179487179 0.33204633204633205 0.16923076923076924 0.07722007722007722
1 0.7897435897435897 0.2972972972972973 0.07179487179487179 0.023166023166023165
1 0.7564102564102564 0.2413127413127413 0.13846153846153847 0.08108108108108109
1 0.8076923076923077 0.16795366795366795 0.1282051282051282 0.06563706563706563
1 0.6435897435897436 0.1833976833976834 0.21025641025641026 0.10424710424710425
1 0.658974358974359 0.26833976833976836 0.1076923076923077 0.07335907335907337
1 0.5974358974358974 0.30694980694980695 0.08717948717948718 0.08108108108108109
1 0.40512820512820513 0.2528957528957529 0.2153846153846154 0.16602316602316602
1 0.25384615384615383 0.2876447876447876 0.09743589743589744 0.07335907335907337
1 0.21025641025641026 0.20656370656370657 0.1641025641025641 0.08108108108108109
1 0.11538461538461539 0.26640926640926643 0.15897435897435896 0.06177606177606178
1 0.06153846153846154 0.23166023166023167 0.10256410256410256 0.06177606177606178
1 0.19743589743589743 0.37258687258687256 0.37435897435897436 0.18146718146718147
1 0.31025641025641026 0.48841698841698844 0.07692307692307693 0.05791505791505792
1 0.4025641025641026 0.5907335907335908 0.07692307692307693 0.10810810810810811
1 0.3487179487179487 0.5231660231660231 0.10256410256410256 0.03474903474903475
1 0.1794871794871795 0.5308880308880309 0.13333333333333333 0.07335907335907337
1 0.24358974358974358 0.5617760617760618 0.1076923076923077 0.06563706563706563
1 0.15897435897435896 0.6061776061776062 0.15384615384615385 0.0694980694980695
1 0.33076923076923076 0.6177606177606177 0.09743589743589744 0.10810810810810811
1 0.28717948717948716 0.6911196911196911 0.1641025641025641 0.05405405405405406
1 0.25384615384615383 0.638996138996139 0.13846153846153847 0.05791505791505792
1 0.11538461538461539 0.666023166023166 0.07692307692307693 0.10424710424710425
1 0.12307692307692308 0.6833976833976834 0.10256410256410256 0.04633204633204633
1 0.05641025641025641 0.6698841698841699 0.05128205128205128 0.11196911196911197
1 0.11025641025641025 0.7664092664092664 0.07692307692307693 0.09652509652509653
1 0.19487179487179487 0.752895752895753 0.12307692307692308 0.0694980694980695
1 0.258974358974359 0.7760617760617761 0.1282051282051282 0.07722007722007722
1 0.1564102564102564 0.8185328185328186 0.09743589743589744 0.06177606177606178
1 0.21794871794871795 0.8378378378378378 0.035897435897435895 0.04633204633204633
1 0.2794871794871795 0.7799227799227799 0.07692307692307693 0.04633204633204633
1 0.22564102564102564 0.667953667953668 0.41025641025641024 0.4015444015444015