1 0.9792452830188679 0.7973684210526316 0.033962264150943396 0.07894736842105263
1 0.8716981132075472 0.7526315789473684 0.045283018867924525 0.05263157894736842
1 0.8113207547169812 0.7657894736842106 0.06037735849056604 0.08947368421052632
1 0.730188679245283 0.7157894736842105 0.04905660377358491 0.06315789473684211
1 0.6584905660377358 0.7289473684210527 0.04905660377358491 0.06842105263157895
1 0.6735849056603773 0.8105263157894737 0.026415094339622643 0.042105263157894736
1 0.5547169811320755 0.868421052631579 0.03773584905660377 0.05263157894736842
1 0.7037735849056603 0.6078947368421053 0.06415094339622641 0.07894736842105263
1 0.7471698113207547 0.6342105263157894 0.03773584905660377 0.06842105263157895
1 0.8188679245283019 0.6026315789473684 0.03773584905660377 0.03684210526315789
1 0.8811320754716981 0.6026315789473684 0.06415094339622641 0.05789473684210526
1 0.9018867924528302 0.5631578947368421 0.052830188679245285 0.05263157894736842
1 0.9679245283018868 0.5605263157894737 0.05660377358490566 0.06842105263157895
1 0.9358490566037736 0.5210526315789473 0.06037735849056604 0.05263157894736842
1 0.8566037735849057 0.5184210526315789 0.06037735849056604 0.05789473684210526
1 0.8886792452830189 0.5263157894736842 0.026415094339622643 0.031578947368421054
1 0.9 0.49736842105263157 0.04905660377358491 0.05789473684210526
1 0.8415094339622642 0.5657894736842105 0.045283018867924525 0.04736842105263158
1 0.7924528301886793 0.5526315789473685 0.045283018867924525 0.05263157894736842
1 0.7320754716981132 0.5263157894736842 0.052830188679245285 0.042105263157894736
1 0.7716981132075472 0.48157894736842105 0.04150943396226415 0.03684210526315789
1 0.9207547169811321 0.3473684210526316 0.06792452830188679 0.05263157894736842
1 0.9641509433962264 0.4026315789473684 0.06415094339622641 0.06842105263157895
1 0.939622641509434 0.25263157894736843 0.045283018867924525 0.06315789473684211
1 0.9754716981132076 0.3 0.04150943396226415 0.06315789473684211
1 0.8811320754716981 0.2789473684210526 0.04905660377358491 0.042105263157894736
1 0.8924528301886793 0.33421052631578946 0.033962264150943396 0.04736842105263158
1 0.9245283018867925 0.34210526315789475 0.052830188679245285 0.042105263157894736
1 0.7754716981132076 0.3105263157894737 0.04150943396226415 0.06315789473684211
1 0.8566037735849057 0.18947368421052632 0.03773584905660377 0.05263157894736842
1 0.9339622641509434 0.15789473684210525 0.07169811320754717 0.09473684210526316
1 0.8547169811320755 0.15 0.033962264150943396 0.04736842105263158
1 0.8981132075471698 0.09736842105263158 0.06037735849056604 0.04736842105263158
1 0.8075471698113208 0.13157894736842105 0.052830188679245285 0.042105263157894736
1 0.8150943396226416 0.1763157894736842 0.052830188679245285 0.05789473684210526
1 0.7679245283018868 0.14210526315789473 0.04905660377358491 0.08421052631578947
1 0.7886792452830189 0.09473684210526316 0.03018867924528302 0.031578947368421054
1 0.7132075471698113 0.10263157894736842 0.052830188679245285 0.05789473684210526
1 0.7566037735849057 0.05526315789473684 0.04905660377358491 0.04736842105263158
1 0.7962264150943397 0.010526315789473684 0.052830188679245285 0.021052631578947368
1 0.6509433962264151 0.22631578947368422 0.033962264150943396 0.06315789473684211
1 0.690566037735849 0.25263157894736843 0.045283018867924525 0.05263157894736842
1 0.6660377358490566 0.29473684210526313 0.04905660377358491 0.06315789473684211
1 0.7415094339622641 0.26052631578947366 0.04150943396226415 0.03684210526315789
1 0.7132075471698113 0.28157894736842104 0.03773584905660377 0.02631578947368421
1 0.6490566037735849 0.35526315789473684 0.06792452830188679 0.08947368421052632
1 0.620754716981132 0.3026315789473684 0.033962264150943396 0.03684210526315789
1 0.5773584905660377 0.28421052631578947 0.045283018867924525 0.042105263157894736
1 0.5849056603773585 0.3368421052631579 0.045283018867924525 0.06315789473684211
1 0.6132075471698113 0.4026315789473684 0.04905660377358491 0.04736842105263158
1 0.6566037735849056 0.4368421052631579 0.07547169811320754 0.05263157894736842
1 0.7169811320754716 0.41578947368421054 0.052830188679245285 0.07368421052631578
1 0.6698113207547169 0.4921052631578947 0.04905660377358491 0.04736842105263158
1 0.6547169811320754 0.55 0.07924528301886792 0.06842105263157895
1 0.6094339622641509 0.5 0.04905660377358491 0.06315789473684211
1 0.590566037735849 0.4631578947368421 0.04150943396226415 0.07368421052631578
1 0.5528301886792453 0.4763157894736842 0.04905660377358491 0.04736842105263158
1 0.5 0.47368421052631576 0.06415094339622641 0.07368421052631578
1 0.530188679245283 0.5447368421052632 0.04150943396226415 0.05789473684210526
1 0.569811320754717 0.5342105263157895 0.06792452830188679 0.06842105263157895
1 0.5566037735849056 0.5894736842105263 0.04150943396226415 0.05263157894736842
1 0.5792452830188679 0.6105263157894737 0.04150943396226415 0.06315789473684211
1 0.5207547169811321 0.6131578947368421 0.03773584905660377 0.04736842105263158
1 0.5094339622641509 0.6578947368421053 0.045283018867924525 0.05263157894736842
1 0.4679245283018868 0.6473684210526316 0.03773584905660377 0.05263157894736842
1 0.4528301886792453 0.4921052631578947 0.03773584905660377 0.04736842105263158
1 0.43018867924528303 0.45526315789473687 0.03018867924528302 0.04736842105263158
1 0.4037735849056604 0.4710526315789474 0.022641509433962263 0.02631578947368421
1 0.4358490566037736 0.4131578947368421 0.04905660377358491 0.05789473684210526
1 0.47924528301886793 0.41842105263157897 0.03773584905660377 0.05789473684210526
1 0.4981132075471698 0.47368421052631576 0.052830188679245285 0.06315789473684211
1 0.4660377358490566 0.3447368421052632 0.04905660377358491 0.04736842105263158
1 0.4716981132075472 0.29210526315789476 0.052830188679245285 0.04736842105263158
1 0.5132075471698113 0.32894736842105265 0.045283018867924525 0.05789473684210526
1 0.5169811320754717 0.28157894736842104 0.03773584905660377 0.03684210526315789
1 0.47547169811320755 0.23157894736842105 0.045283018867924525 0.06315789473684211
1 0.5245283018867924 0.23421052631578948 0.045283018867924525 0.05789473684210526
1 0.620754716981132 0.1763157894736842 0.033962264150943396 0.05789473684210526
1 0.5622641509433962 0.09736842105263158 0.045283018867924525 0.06842105263157895
1 0.6132075471698113 0.039473684210526314 0.04905660377358491 0.04736842105263158
1 0.6415094339622641 0.015789473684210527 0.06792452830188679 0.031578947368421054
1 0.5679245283018868 0.031578947368421054 0.04905660377358491 0.05263157894736842
1 0.4358490566037736 0.15789473684210525 0.04150943396226415 0.06315789473684211
1 0.4641509433962264 0.15263157894736842 0.01509433962264151 0.021052631578947368
1 0.39433962264150946 0.19210526315789472 0.05660377358490566 0.06842105263157895
1 0.3452830188679245 0.16842105263157894 0.04905660377358491 0.042105263157894736
1 0.27169811320754716 0.21052631578947367 0.03018867924528302 0.031578947368421054
1 0.2660377358490566 0.13157894736842105 0.04905660377358491 0.042105263157894736
1 0.3 0.12368421052631579 0.033962264150943396 0.03684210526315789
1 0.2679245283018868 0.10263157894736842 0.03018867924528302 0.02631578947368421
1 0.3849056603773585 0.06842105263157895 0.03773584905660377 0.031578947368421054
1 0.4207547169811321 0.06842105263157895 0.033962264150943396 0.042105263157894736
1 0.45660377358490567 0.08947368421052632 0.045283018867924525 0.031578947368421054
1 0.4207547169811321 0.018421052631578946 0.04150943396226415 0.03684210526315789
1 0.4547169811320755 0.015789473684210527 0.033962264150943396 0.031578947368421054
1 0.3660377358490566 0.013157894736842105 0.045283018867924525 0.02631578947368421
1 0.3641509433962264 0.02631578947368421 0.04905660377358491 0.05263157894736842
1 0.23773584905660378 0.06578947368421052 0.022641509433962263 0.03684210526315789
1 0.2622641509433962 0.042105263157894736 0.04150943396226415 0.042105263157894736
1 0.2792452830188679 0.02631578947368421 0.03018867924528302 0.05263157894736842
1 0.2358490566037736 0.02368421052631579 0.033962264150943396 0.04736842105263158
1 0.21320754716981133 0.042105263157894736 0.033962264150943396 0.042105263157894736
1 0.2018867924528302 0.005263157894736842 0.033962264150943396 0.010526315789473684
1 0.18490566037735848 0.018421052631578946 0.03018867924528302 0.03684210526315789
1 0.12264150943396226 0.08947368421052632 0.04150943396226415 0.06315789473684211
1 0.11886792452830189 0.17105263157894737 0.04150943396226415 0.06842105263157895
1 0.10566037735849057 0.2 0.03773584905660377 0.05263157894736842
1 0.0830188679245283 0.23421052631578948 0.052830188679245285 0.04736842105263158
1 0.03018867924528302 0.23157894736842105 0.052830188679245285 0.05263157894736842
1 0.005660377358490566 0.19736842105263158 0.011320754716981131 0.06842105263157895
1 0.24716981132075472 0.5078947368421053 0.04905660377358491 0.07894736842105263
1 0.31886792452830187 0.5973684210526315 0.04905660377358491 0.06842105263157895
1 0.29245283018867924 0.631578947368421 0.033962264150943396 0.06315789473684211
1 0.25471698113207547 0.5894736842105263 0.05660377358490566 0.08421052631578947
1 0.21509433962264152 0.631578947368421 0.03018867924528302 0.05263157894736842
1 0.2509433962264151 0.6605263157894737 0.05660377358490566 0.04736842105263158
1 0.21509433962264152 0.531578947368421 0.03773584905660377 0.06315789473684211
1 0.19811320754716982 0.4868421052631579 0.05660377358490566 0.04736842105263158
1 0.1471698113207547 0.5105263157894737 0.045283018867924525 0.05263157894736842
1 0.17358490566037735 0.5447368421052632 0.045283018867924525 0.05789473684210526
1 0.15849056603773584 0.5973684210526315 0.052830188679245285 0.06842105263157895
1 0.1320754716981132 0.5631578947368421 0.03773584905660377 0.06315789473684211
1 0.10754716981132076 0.5026315789473684 0.033962264150943396 0.03684210526315789
1 0.08490566037735849 0.4763157894736842 0.04150943396226415 0.04736842105263158
1 0.11509433962264151 0.46842105263157896 0.033962264150943396 0.031578947368421054
1 0.12075471698113208 0.42894736842105263 0.045283018867924525 0.05789473684210526
1 0.16226415094339622 0.41842105263157897 0.03773584905660377 0.04736842105263158
1 0.1339622641509434 0.3763157894736842 0.033962264150943396 0.03684210526315789
1 0.10943396226415095 0.3526315789473684 0.03773584905660377 0.06315789473684211
1 0.0660377358490566 0.29736842105263156 0.04150943396226415 0.05789473684210526
1 0.03018867924528302 0.29736842105263156 0.022641509433962263 0.03684210526315789
1 0.04150943396226415 0.3447368421052632 0.052830188679245285 0.05789473684210526
1 0.011320754716981131 0.2789473684210526 0.022641509433962263 0.07368421052631578
1 0.009433962264150943 0.35526315789473684 0.018867924528301886 0.02631578947368421
1 0.06792452830188679 0.3868421052631579 0.03773584905660377 0.02631578947368421
1 0.06792452830188679 0.42894736842105263 0.045283018867924525 0.04736842105263158
1 0.020754716981132074 0.5394736842105263 0.04150943396226415 0.08947368421052632
1 0.06037735849056604 0.6 0.045283018867924525 0.06315789473684211
1 0.11509433962264151 0.618421052631579 0.06415094339622641 0.05789473684210526
1 0.10566037735849057 0.6631578947368421 0.06037735849056604 0.05263157894736842
1 0.16792452830188678 0.6578947368421053 0.05660377358490566 0.05263157894736842
1 0.21320754716981133 0.718421052631579 0.05660377358490566 0.06842105263157895
1 0.24716981132075472 0.6894736842105263 0.06415094339622641 0.05263157894736842
1 0.16037735849056603 0.7710526315789473 0.04905660377358491 0.06842105263157895
1 0.10943396226415095 0.7526315789473684 0.03773584905660377 0.042105263157894736
1 0.17547169811320754 0.8421052631578947 0.05660377358490566 0.05263157894736842
1 0.07924528301886792 0.8210526315789474 0.06037735849056604 0.08421052631578947
1 0.02830188679245283 0.8131578947368421 0.05660377358490566 0.06842105263157895
1 0.4207547169811321 0.8947368421052632 0.04905660377358491 0.05263157894736842
1 0.3905660377358491 0.8657894736842106 0.04150943396226415 0.06842105263157895
1 0.36792452830188677 0.8105263157894737 0.06415094339622641 0.08421052631578947
1 0.3452830188679245 0.8552631578947368 0.04905660377358491 0.04736842105263158
1 0.3622641509433962 0.9 0.06037735849056604 0.042105263157894736
1 0.28867924528301886 0.8921052631578947 0.06415094339622641 0.04736842105263158
1 0.29056603773584905 0.8394736842105263 0.06037735849056604 0.06842105263157895
1 0.3113207547169811 0.7710526315789473 0.04150943396226415 0.05789473684210526
1 0.3490566037735849 0.7605263157894737 0.033962264150943396 0.04736842105263158
1 0.3320754716981132 0.7263157894736842 0.052830188679245285 0.042105263157894736
1 0.27169811320754716 0.7605263157894737 0.045283018867924525 0.04736842105263158
1 0.2339622641509434 0.8105263157894737 0.06037735849056604 0.07368421052631578