1 0.6138996138996139 0.7577319587628866 0.29343629343629346 0.29896907216494845
1 0.694980694980695 0.5979381443298969 0.16216216216216217 0.21649484536082475
1 0.4362934362934363 0.6108247422680413 0.20077220077220076 0.3247422680412371
1 0.25096525096525096 0.7061855670103093 0.21621621621621623 0.3402061855670103
1 0.37258687258687256 0.8505154639175257 0.07335907335907337 0.12371134020618557
1 0.5579150579150579 0.5618556701030928 0.0888030888030888 0.14432989690721648
1 0.021235521235521235 0.45618556701030927 0.04247104247104247 0.11855670103092783
1 0.0694980694980695 0.4639175257731959 0.07722007722007722 0.1134020618556701
1 0.9613899613899614 0.6237113402061856 0.0694980694980695 0.10309278350515463
1 0.9594594594594594 0.7061855670103093 0.04247104247104247 0.08247422680412371
1 0.9845559845559846 0.711340206185567 0.023166023166023165 0.08247422680412371
1 0.9845559845559846 0.7577319587628866 0.023166023166023165 0.041237113402061855
1 0.5791505791505791 0.10309278350515463 0.19305019305019305 0.08247422680412371
1 0.4806949806949807 0.12628865979381443 0.10424710424710425 0.05670103092783505
1 0.5656370656370656 0.14175257731958762 0.11969111969111969 0.03608247422680412
1 0.9305019305019305 0.01288659793814433 0.13127413127413126 0.02577319587628866
1 0.9536679536679536 0.028350515463917526 0.08494208494208494 0.02577319587628866
1 0.5579150579150579 0.07989690721649484 0.528957528957529 0.15979381443298968