1 0.9693877551020408 0.8333333333333334 0.05539358600583091 0.1292517006802721
1 0.9518950437317785 0.9081632653061225 0.043731778425655975 0.08843537414965986
1 0.9110787172011662 0.9013605442176871 0.037900874635568516 0.08843537414965986
1 0.9037900874635568 0.8163265306122449 0.06997084548104957 0.1360544217687075
1 0.9402332361516035 0.7551020408163265 0.04956268221574344 0.10884353741496598
1 0.9810495626822158 0.7040816326530612 0.03206997084548105 0.1292517006802721
1 0.9446064139941691 0.6700680272108843 0.05830903790087463 0.10204081632653061
1 0.9810495626822158 0.5612244897959183 0.03206997084548105 0.14285714285714285
1 0.9533527696793003 0.5952380952380952 0.04664723032069971 0.08843537414965986
1 0.9037900874635568 0.5748299319727891 0.0641399416909621 0.1292517006802721
1 0.9373177842565598 0.5 0.043731778425655975 0.1292517006802721
1 0.8892128279883382 0.6938775510204082 0.052478134110787174 0.10884353741496598
1 0.8352769679300291 0.891156462585034 0.026239067055393587 0.06802721088435375
1 0.8425655976676385 0.9217687074829932 0.023323615160349854 0.034013605442176874
1 0.8658892128279884 0.9489795918367347 0.023323615160349854 0.07482993197278912
1 0.8396501457725948 0.9693877551020408 0.029154518950437316 0.047619047619047616
1 0.8454810495626822 0.8333333333333334 0.029154518950437316 0.061224489795918366
1 0.8396501457725948 0.7653061224489796 0.01749271137026239 0.061224489795918366
1 0.8119533527696793 0.7380952380952381 0.03206997084548105 0.061224489795918366
1 0.8236151603498543 0.7721088435374149 0.02040816326530612 0.034013605442176874
1 0.814868804664723 0.7993197278911565 0.03206997084548105 0.061224489795918366
1 0.8046647230320699 0.8469387755102041 0.04081632653061224 0.07482993197278912
1 0.8075801749271136 0.9081632653061225 0.01749271137026239 0.061224489795918366
1 0.8177842565597667 0.95578231292517 0.026239067055393587 0.061224489795918366
1 0.8119533527696793 0.9795918367346939 0.026239067055393587 0.027210884353741496
1 0.7740524781341108 0.7278911564625851 0.037900874635568516 0.04081632653061224
1 0.7551020408163265 0.7857142857142857 0.023323615160349854 0.10204081632653061
1 0.7755102040816326 0.8061224489795918 0.04081632653061224 0.08843537414965986
1 0.7332361516034985 0.7448979591836735 0.03206997084548105 0.08843537414965986
1 0.7157434402332361 0.8061224489795918 0.043731778425655975 0.047619047619047616
1 0.7434402332361516 0.8707482993197279 0.023323615160349854 0.08163265306122448
1 0.7623906705539358 0.8741496598639455 0.03206997084548105 0.07482993197278912
1 0.717201166180758 0.8945578231292517 0.023323615160349854 0.061224489795918366
1 0.7084548104956269 0.8469387755102041 0.01749271137026239 0.034013605442176874
1 0.6967930029154519 0.8707482993197279 0.023323615160349854 0.06802721088435375
1 0.6909620991253644 0.9285714285714286 0.01749271137026239 0.061224489795918366
1 0.7128279883381924 0.9591836734693877 0.026239067055393587 0.06802721088435375
1 0.7434402332361516 0.9693877551020408 0.029154518950437316 0.047619047619047616
1 0.7740524781341108 0.9455782312925171 0.037900874635568516 0.09523809523809523
1 0.6953352769679301 0.9795918367346939 0.02040816326530612 0.027210884353741496
1 0.6209912536443148 0.935374149659864 0.052478134110787174 0.08843537414965986
1 0.6326530612244898 0.8197278911564626 0.04081632653061224 0.11564625850340136
1 0.6472303206997084 0.8571428571428571 0.03498542274052478 0.09523809523809523
1 0.6647230320699709 0.7619047619047619 0.029154518950437316 0.09523809523809523
1 0.6763848396501457 0.6666666666666666 0.023323615160349854 0.09523809523809523
1 0.6443148688046647 0.6870748299319728 0.04664723032069971 0.08163265306122448
1 0.6341107871720116 0.7517006802721088 0.037900874635568516 0.08843537414965986
1 0.6005830903790087 0.7619047619047619 0.04081632653061224 0.10884353741496598
1 0.6005830903790087 0.8503401360544217 0.029154518950437316 0.08163265306122448
1 0.5816326530612245 0.9251700680272109 0.03206997084548105 0.06802721088435375
1 0.5539358600583091 0.9455782312925171 0.04664723032069971 0.09523809523809523
1 0.5947521865889213 0.9693877551020408 0.029154518950437316 0.02040816326530612
1 0.543731778425656 0.43537414965986393 0.037900874635568516 0.09523809523809523
1 0.5043731778425656 0.48639455782312924 0.029154518950437316 0.08843537414965986
1 0.5422740524781341 0.4931972789115646 0.03498542274052478 0.061224489795918366
1 0.5204081632653061 0.5340136054421769 0.037900874635568516 0.07482993197278912
1 0.5699708454810496 0.4523809523809524 0.026239067055393587 0.07482993197278912
1 0.5932944606413995 0.45918367346938777 0.026239067055393587 0.07482993197278912
1 0.6209912536443148 0.4965986394557823 0.029154518950437316 0.06802721088435375
1 0.641399416909621 0.5238095238095238 0.029154518950437316 0.05442176870748299
1 0.6516034985422741 0.5714285714285714 0.04956268221574344 0.08163265306122448
1 0.6690962099125365 0.6054421768707483 0.03206997084548105 0.06802721088435375
1 0.6282798833819242 0.6292517006802721 0.03206997084548105 0.061224489795918366
1 0.6253644314868805 0.5680272108843537 0.026239067055393587 0.061224489795918366
1 0.6005830903790087 0.5272108843537415 0.04081632653061224 0.10204081632653061
1 0.5947521865889213 0.6054421768707483 0.03498542274052478 0.08163265306122448
1 0.5903790087463557 0.6666666666666666 0.03206997084548105 0.08163265306122448
1 0.5626822157434402 0.7210884353741497 0.03498542274052478 0.06802721088435375
1 0.5466472303206997 0.7993197278911565 0.037900874635568516 0.08843537414965986
1 0.5714285714285714 0.8537414965986394 0.029154518950437316 0.061224489795918366
1 0.5451895043731778 0.8809523809523809 0.04081632653061224 0.08843537414965986
1 0.5189504373177842 0.8843537414965986 0.023323615160349854 0.08163265306122448
1 0.5160349854227405 0.7959183673469388 0.023323615160349854 0.08163265306122448
1 0.5116618075801749 0.7108843537414966 0.026239067055393587 0.07482993197278912
1 0.5364431486880467 0.7210884353741497 0.023323615160349854 0.08163265306122448
1 0.5568513119533528 0.6564625850340136 0.03498542274052478 0.07482993197278912
1 0.5641399416909622 0.5714285714285714 0.043731778425655975 0.1360544217687075
1 0.5291545189504373 0.6156462585034014 0.03206997084548105 0.1292517006802721
1 0.49416909620991256 0.6258503401360545 0.03206997084548105 0.09523809523809523
1 0.5043731778425656 0.5748299319727891 0.023323615160349854 0.047619047619047616
1 0.48250728862973763 0.9455782312925171 0.061224489795918366 0.09523809523809523
1 0.6997084548104956 0.3401360544217687 0.052478134110787174 0.1360544217687075
1 0.6530612244897959 0.3945578231292517 0.052478134110787174 0.12244897959183673
1 0.6486880466472303 0.2925170068027211 0.037900874635568516 0.09523809523809523
1 0.6749271137026239 0.1360544217687075 0.05539358600583091 0.12244897959183673
1 0.641399416909621 0.20748299319727892 0.04081632653061224 0.08843537414965986
1 0.6049562682215743 0.2619047619047619 0.04956268221574344 0.1292517006802721
1 0.6137026239067055 0.36054421768707484 0.043731778425655975 0.05442176870748299
1 0.8163265306122449 0.5034013605442177 0.09329446064139942 0.16326530612244897
1 0.8309037900874635 0.6054421768707483 0.06997084548104957 0.16326530612244897
1 0.750728862973761 0.608843537414966 0.10787172011661808 0.1292517006802721
1 0.7288629737609329 0.4897959183673469 0.08746355685131195 0.14965986394557823
1 0.7871720116618076 0.391156462585034 0.052478134110787174 0.11564625850340136
1 0.7478134110787172 0.3741496598639456 0.037900874635568516 0.14965986394557823
1 0.8542274052478134 0.23129251700680273 0.029154518950437316 0.09523809523809523
1 0.8104956268221575 0.21768707482993196 0.0641399416909621 0.09523809523809523
1 0.7915451895043731 0.2857142857142857 0.08454810495626822 0.09523809523809523
1 0.8294460641399417 0.11224489795918367 0.03206997084548105 0.1292517006802721
1 0.8075801749271136 0.15306122448979592 0.03498542274052478 0.08843537414965986
1 0.858600583090379 0.09863945578231292 0.026239067055393587 0.047619047619047616
1 0.8527696793002916 0.14625850340136054 0.014577259475218658 0.061224489795918366
1 0.8746355685131195 0.18027210884353742 0.03498542274052478 0.07482993197278912
1 0.7696793002915452 0.1836734693877551 0.04664723032069971 0.09523809523809523
1 0.7725947521865889 0.11564625850340136 0.08163265306122448 0.23129251700680273
1 0.7798833819241983 0.11904761904761904 0.119533527696793 0.23809523809523808
1 0.8352769679300291 0.03741496598639456 0.037900874635568516 0.07482993197278912
1 0.8746355685131195 0.03741496598639456 0.04664723032069971 0.07482993197278912
1 0.7521865889212828 0.06462585034013606 0.0641399416909621 0.11564625850340136
1 0.7463556851311953 0.09183673469387756 0.03498542274052478 0.07482993197278912
1 0.706997084548105 0.030612244897959183 0.026239067055393587 0.061224489795918366
1 0.6807580174927114 0.034013605442176874 0.10204081632653061 0.06802721088435375
1 0.6486880466472303 0.08503401360544217 0.037900874635568516 0.08843537414965986
1 0.6209912536443148 0.11564625850340136 0.052478134110787174 0.12244897959183673
1 0.5728862973760933 0.14625850340136054 0.04956268221574344 0.11564625850340136
1 0.5481049562682215 0.22448979591836735 0.052478134110787174 0.10884353741496598
1 0.5830903790087464 0.21428571428571427 0.023323615160349854 0.047619047619047616
1 0.5583090379008746 0.3299319727891156 0.05539358600583091 0.11564625850340136
1 0.5262390670553936 0.23809523809523808 0.026239067055393587 0.09523809523809523
1 0.532069970845481 0.08843537414965986 0.061224489795918366 0.12244897959183673
1 0.5787172011661808 0.04421768707482993 0.04956268221574344 0.08843537414965986
1 0.5349854227405247 0.017006802721088437 0.037900874635568516 0.034013605442176874
1 0.29591836734693877 0.9319727891156463 0.12536443148688048 0.12244897959183673
1 0.22740524781341107 0.9693877551020408 0.03498542274052478 0.047619047619047616
1 0.2784256559766764 0.5340136054421769 0.043731778425655975 0.48299319727891155
1 0.32215743440233235 0.5714285714285714 0.05539358600583091 0.32653061224489793
1 0.3177842565597668 0.5714285714285714 0.03498542274052478 0.35374149659863946
1 0.24052478134110788 0.6224489795918368 0.04956268221574344 0.42857142857142855
1 0.25072886297376096 0.4931972789115646 0.01749271137026239 0.1564625850340136
1 0.20845481049562684 0.782312925170068 0.043731778425655975 0.35374149659863946
1 0.18658892128279883 0.6394557823129252 0.0641399416909621 0.3945578231292517
1 0.1836734693877551 0.6598639455782312 0.03498542274052478 0.46258503401360546
1 0.17784256559766765 0.9693877551020408 0.05830903790087463 0.047619047619047616
1 0.13848396501457727 0.95578231292517 0.037900874635568516 0.07482993197278912
1 0.10204081632653061 0.9455782312925171 0.04664723032069971 0.09523809523809523
1 0.4271137026239067 0.891156462585034 0.03206997084548105 0.08163265306122448
1 0.42128279883381925 0.8061224489795918 0.03206997084548105 0.07482993197278912
1 0.45043731778425655 0.7891156462585034 0.037900874635568516 0.09523809523809523
1 0.3877551020408163 0.8503401360544217 0.04081632653061224 0.06802721088435375
1 0.3877551020408163 0.9183673469387755 0.04081632653061224 0.08163265306122448
1 0.3469387755102041 0.8469387755102041 0.03498542274052478 0.08843537414965986
1 0.3673469387755102 0.8231292517006803 0.029154518950437316 0.06802721088435375
1 0.3469387755102041 0.7789115646258503 0.04664723032069971 0.047619047619047616
1 0.38338192419825073 0.7278911564625851 0.037900874635568516 0.06802721088435375
1 0.39504373177842567 0.7857142857142857 0.03206997084548105 0.061224489795918366
1 0.42419825072886297 0.717687074829932 0.04956268221574344 0.10204081632653061
1 0.4577259475218659 0.673469387755102 0.023323615160349854 0.12244897959183673
1 0.41545189504373176 0.6258503401360545 0.037900874635568516 0.06802721088435375
1 0.3877551020408163 0.6564625850340136 0.03498542274052478 0.08843537414965986
1 0.3629737609329446 0.6190476190476191 0.02040816326530612 0.08163265306122448
1 0.3877551020408163 0.5850340136054422 0.03498542274052478 0.08163265306122448
1 0.446064139941691 0.5782312925170068 0.04081632653061224 0.09523809523809523
1 0.4737609329446064 0.6054421768707483 0.014577259475218658 0.09523809523809523
1 0.4606413994169096 0.5102040816326531 0.04081632653061224 0.06802721088435375
1 0.4620991253644315 0.445578231292517 0.043731778425655975 0.07482993197278912
1 0.43002915451895046 0.47278911564625853 0.026239067055393587 0.07482993197278912
1 0.4110787172011662 0.5136054421768708 0.03498542274052478 0.10204081632653061
1 0.37900874635568516 0.5102040816326531 0.029154518950437316 0.06802721088435375
1 0.08600583090379009 0.14625850340136054 0.10787172011661808 0.2925170068027211
1 0.03206997084548105 0.20408163265306123 0.0641399416909621 0.40816326530612246
1 0.17201166180758018 0.32653061224489793 0.06997084548104957 0.1360544217687075
1 0.15597667638483964 0.16666666666666666 0.05539358600583091 0.22448979591836735
1 0.1588921282798834 0.11564625850340136 0.037900874635568516 0.19047619047619047
1 0.239067055393586 0.23129251700680273 0.06997084548104957 0.10884353741496598
1 0.2755102040816326 0.23809523809523808 0.0728862973760933 0.14965986394557823
1 0.28425655976676384 0.1564625850340136 0.043731778425655975 0.10884353741496598
1 0.25510204081632654 0.08163265306122448 0.03206997084548105 0.1360544217687075
1 0.2857142857142857 0.061224489795918366 0.029154518950437316 0.08163265306122448
1 0.3104956268221574 0.027210884353741496 0.04956268221574344 0.05442176870748299
1 0.2259475218658892 0.06802721088435375 0.026239067055393587 0.1360544217687075
1 0.17346938775510204 0.034013605442176874 0.06705539358600583 0.06802721088435375
1 0.3877551020408163 0.30952380952380953 0.05830903790087463 0.23809523809523808
1 0.4198250728862974 0.23129251700680273 0.029154518950437316 0.17687074829931973
1 0.446064139941691 0.3333333333333333 0.023323615160349854 0.10884353741496598
1 0.4489795918367347 0.20068027210884354 0.023323615160349854 0.19727891156462585
1 0.46938775510204084 0.22789115646258504 0.04081632653061224 0.22448979591836735
1 0.5014577259475219 0.1870748299319728 0.04664723032069971 0.14285714285714285
1 0.3498542274052478 0.23469387755102042 0.08746355685131195 0.11564625850340136
1 0.3454810495626822 0.29931972789115646 0.06705539358600583 0.14965986394557823
1 0.32215743440233235 0.1292517006802721 0.05539358600583091 0.23129251700680273
1 0.4139941690962099 0.023809523809523808 0.13994169096209913 0.047619047619047616
1 0.3673469387755102 0.10884353741496598 0.04081632653061224 0.1360544217687075
1 0.3892128279883382 0.11224489795918367 0.03206997084548105 0.14285714285714285
1 0.4314868804664723 0.08163265306122448 0.04664723032069971 0.1360544217687075
1 0.11078717201166181 0.47959183673469385 0.04081632653061224 0.1836734693877551
1 0.12244897959183673 0.42517006802721086 0.01749271137026239 0.14285714285714285
1 0.13848396501457727 0.35374149659863946 0.02040816326530612 0.06802721088435375
1 0.1588921282798834 0.41496598639455784 0.061224489795918366 0.04081632653061224
1 0.06268221574344024 0.5714285714285714 0.08454810495626822 0.16326530612244897
1 0.0597667638483965 0.6054421768707483 0.02040816326530612 0.10884353741496598
1 0.08163265306122448 0.673469387755102 0.03498542274052478 0.20408163265306123
1 0.12682215743440234 0.8469387755102041 0.07871720116618076 0.10204081632653061
1 0.10204081632653061 0.9319727891156463 0.029154518950437316 0.12244897959183673
1 0.06268221574344024 0.8877551020408163 0.037900874635568516 0.2108843537414966
1 0.026239067055393587 0.8401360544217688 0.052478134110787174 0.10204081632653061
1 0.026239067055393587 0.9387755102040817 0.04664723032069971 0.10884353741496598
1 0.021865889212827987 0.7380952380952381 0.043731778425655975 0.19727891156462585
1 0.08892128279883382 0.7040816326530612 0.10787172011661808 0.1564625850340136
1 0.12536443148688048 0.5510204081632653 0.05830903790087463 0.2857142857142857
1 0.09620991253644315 0.4217687074829932 0.09912536443148688 0.23129251700680273
1 0.043731778425655975 0.5374149659863946 0.08746355685131195 0.2585034013605442