1 0.5790598290598291 0.8232558139534883 0.2863247863247863 0.34418604651162793
1 0.8205128205128205 0.8209302325581396 0.3247863247863248 0.3488372093023256
1 0.811965811965812 0.5069767441860465 0.2905982905982906 0.31627906976744186
1 0.8162393162393162 0.2255813953488372 0.27350427350427353 0.2651162790697674
1 0.7756410256410257 0.12325581395348838 0.2094017094017094 0.24651162790697675
1 0.4465811965811966 0.1930232558139535 0.33760683760683763 0.3674418604651163
1 0.1752136752136752 0.15348837209302327 0.23931623931623933 0.27906976744186046
1 0.1282051282051282 0.39767441860465114 0.1794871794871795 0.2372093023255814
1 0.21581196581196582 0.6302325581395349 0.11538461538461539 0.13488372093023257
1 0.10683760683760683 0.5790697674418605 0.11965811965811966 0.13488372093023257
1 0.1388888888888889 0.7093023255813954 0.11538461538461539 0.10697674418604651
1 0.1752136752136752 0.8558139534883721 0.21367521367521367 0.27906976744186046
1 0.49786324786324787 0.7069767441860465 0.32051282051282054 0.32558139534883723
1 0.47863247863247865 0.6093023255813953 0.3076923076923077 0.30697674418604654
1 0.4594017094017094 0.5116279069767442 0.34615384615384615 0.30697674418604654
1 0.3803418803418803 0.4558139534883721 0.29914529914529914 0.28837209302325584