1 0.6254826254826255 0.38144329896907214 0.10810810810810811 0.15463917525773196
1 0.61003861003861 0.4896907216494845 0.11583011583011583 0.12371134020618557
1 0.5405405405405406 0.5902061855670103 0.19305019305019305 0.12886597938144329
1 0.5424710424710425 0.6958762886597938 0.16602316602316602 0.24742268041237114
1 0.5154440154440154 0.7551546391752577 0.06563706563706563 0.12886597938144329
1 0.4015444015444015 0.595360824742268 0.19305019305019305 0.30412371134020616
1 0.696911196911197 0.5670103092783505 0.13513513513513514 0.24742268041237114
1 0.38803088803088803 0.35051546391752575 0.14285714285714285 0.16494845360824742
1 0.305019305019305 0.4072164948453608 0.08494208494208494 0.08247422680412371
1 0.31467181467181465 0.5567010309278351 0.0888030888030888 0.10309278350515463
1 0.47876447876447875 0.2860824742268041 0.07722007722007722 0.19072164948453607
1 0.5579150579150579 0.28865979381443296 0.10424710424710425 0.09278350515463918
1 0.5328185328185329 0.3118556701030928 0.03861003861003861 0.07731958762886598
1 0.5386100386100386 0.42783505154639173 0.04247104247104247 0.07216494845360824
1 0.4594594594594595 0.5077319587628866 0.05405405405405406 0.04639175257731959
1 0.528957528957529 0.4948453608247423 0.16216216216216217 0.7216494845360825
1 0.5231660231660231 0.5025773195876289 0.528957528957529 0.19072164948453607
1 0.525096525096525 0.27835051546391754 0.525096525096525 0.25773195876288657
1 0.5231660231660231 0.729381443298969 0.5212355212355212 0.25257731958762886