1 0.5212355212355212 0.7731958762886598 0.33204633204633205 0.44329896907216493
1 0.9208494208494209 0.7628865979381443 0.15057915057915058 0.20618556701030927
1 0.806949806949807 0.8530927835051546 0.10810810810810811 0.211340206185567
1 0.7760617760617761 0.6958762886597938 0.14671814671814673 0.15463917525773196
1 0.8571428571428571 0.6056701030927835 0.138996138996139 0.14948453608247422
1 0.9613899613899614 0.6726804123711341 0.0694980694980695 0.07731958762886598
1 0.32432432432432434 0.8994845360824743 0.11583011583011583 0.13917525773195877
1 0.2335907335907336 0.8505154639175257 0.10424710424710425 0.13402061855670103
1 0.29343629343629346 0.8195876288659794 0.04633204633204633 0.05154639175257732
1 0.33976833976833976 0.7912371134020618 0.06177606177606178 0.0979381443298969
1 0.16988416988416988 0.5824742268041238 0.33976833976833976 0.4948453608247423
1 0.3667953667953668 0.4690721649484536 0.138996138996139 0.18556701030927836
1 0.44594594594594594 0.5567010309278351 0.10424710424710425 0.09278350515463918
1 0.37065637065637064 0.6726804123711341 0.0694980694980695 0.10824742268041238
1 0.7335907335907336 0.6365979381443299 0.09266409266409266 0.12886597938144329
1 0.7084942084942085 0.7835051546391752 0.05791505791505792 0.15463917525773196
1 0.7316602316602316 0.865979381443299 0.06563706563706563 0.18556701030927836
1 0.7393822393822393 0.520618556701031 0.10424710424710425 0.15463917525773196
1 0.6351351351351351 0.5103092783505154 0.11969111969111969 0.15463917525773196
1 0.8513513513513513 0.5180412371134021 0.10424710424710425 0.0979381443298969
1 0.9652509652509652 0.6185567010309279 0.06177606177606178 0.041237113402061855
1 0.944015444015444 0.5695876288659794 0.05791505791505792 0.06701030927835051
1 0.971042471042471 0.5154639175257731 0.05019305019305019 0.20618556701030927
1 0.8976833976833977 0.36855670103092786 0.11969111969111969 0.14948453608247422
1 0.8996138996138996 0.48711340206185566 0.09266409266409266 0.11855670103092783
1 0.8243243243243243 0.39690721649484534 0.07335907335907337 0.08247422680412371
1 0.7915057915057915 0.45103092783505155 0.09266409266409266 0.08762886597938144
1 0.7355212355212355 0.38402061855670105 0.09652509652509653 0.0979381443298969
1 0.8146718146718147 0.327319587628866 0.05405405405405406 0.08762886597938144
1 0.7857142857142857 0.20618556701030927 0.17374517374517376 0.18556701030927836
1 0.6235521235521235 0.14432989690721648 0.15057915057915058 0.21649484536082475
1 0.6332046332046332 0.3556701030927835 0.09266409266409266 0.10309278350515463
1 0.637065637065637 0.4175257731958763 0.08494208494208494 0.061855670103092786
1 0.5366795366795367 0.49742268041237114 0.06177606177606178 0.07731958762886598
1 0.555984555984556 0.38402061855670105 0.06177606177606178 0.08762886597938144
1 0.3281853281853282 0.3170103092783505 0.15444015444015444 0.20103092783505155
1 0.20270270270270271 0.2654639175257732 0.05791505791505792 0.07731958762886598
1 0.15057915057915058 0.2860824742268041 0.06177606177606178 0.08762886597938144
1 0.10231660231660232 0.2860824742268041 0.04247104247104247 0.07731958762886598
1 0.05405405405405406 0.30670103092783507 0.04633204633204633 0.06701030927835051
1 0.06177606177606178 0.3917525773195876 0.03861003861003861 0.05154639175257732
1 0.023166023166023165 0.44329896907216493 0.03861003861003861 0.041237113402061855
1 0.23745173745173745 0.3015463917525773 0.05791505791505792 0.12886597938144329
1 0.46525096525096526 0.2654639175257732 0.05019305019305019 0.0979381443298969
1 0.5 0.3015463917525773 0.05791505791505792 0.0979381443298969
1 0.528957528957529 0.25257731958762886 0.05405405405405406 0.08247422680412371
1 0.444015444015444 0.33762886597938147 0.05405405405405406 0.06701030927835051
1 0.4594594594594595 0.38144329896907214 0.06177606177606178 0.07216494845360824
1 0.7065637065637066 0.30927835051546393 0.09266409266409266 0.10309278350515463
1 0.5231660231660231 0.19072164948453607 0.05019305019305019 0.07216494845360824
1 0.49613899613899615 0.14948453608247422 0.05019305019305019 0.061855670103092786
1 0.47104247104247104 0.12371134020618557 0.04633204633204633 0.05154639175257732
1 0.4305019305019305 0.12371134020618557 0.04247104247104247 0.061855670103092786
1 0.44787644787644787 0.19845360824742267 0.06177606177606178 0.08762886597938144
1 0.4189189189189189 0.2654639175257732 0.06563706563706563 0.08762886597938144
1 0.5308880308880309 0.41494845360824745 0.07335907335907337 0.10824742268041238
1 0.4575289575289575 0.4587628865979381 0.07335907335907337 0.09278350515463918
1 0.07722007722007722 0.7989690721649485 0.15444015444015444 0.3917525773195876