1 0.8736059479553904 0.8475935828877005 0.10408921933085502 0.12299465240641712
1 0.9702602230483272 0.8823529411764706 0.05204460966542751 0.053475935828877004
1 0.949814126394052 0.8475935828877005 0.055762081784386616 0.08021390374331551
1 0.949814126394052 0.767379679144385 0.07063197026022305 0.08021390374331551
1 0.9795539033457249 0.7834224598930482 0.03345724907063197 0.19786096256684493
1 0.9460966542750929 0.6951871657754011 0.10037174721189591 0.10695187165775401
1 0.8847583643122676 0.9197860962566845 0.10408921933085502 0.0427807486631016
1 0.7769516728624535 0.9064171122994652 0.05947955390334572 0.06951871657754011
1 0.7156133828996283 0.9117647058823529 0.048327137546468404 0.058823529411764705
1 0.6505576208178439 0.9064171122994652 0.07434944237918216 0.06951871657754011
1 0.70817843866171 0.7807486631016043 0.08550185873605948 0.0855614973262032
1 0.7323420074349443 0.6737967914438503 0.09665427509293681 0.0962566844919786
1 0.7992565055762082 0.7433155080213903 0.05947955390334572 0.0748663101604278
1 0.7657992565055762 0.5748663101604278 0.13382899628252787 0.11229946524064172
1 0.8085501858736059 0.6737967914438503 0.17472118959107807 0.18181818181818182
1 0.8568773234200744 0.5775401069518716 0.07063197026022305 0.20320855614973263
1 0.9312267657992565 0.3770053475935829 0.13011152416356878 0.2727272727272727
1 0.895910780669145 0.21390374331550802 0.16356877323420074 0.32085561497326204
1 0.8382899628252788 0.18983957219251338 0.16728624535315986 0.2192513368983957
1 0.9033457249070632 0.10160427807486631 0.06691449814126393 0.10695187165775401
1 0.775092936802974 0.06951871657754011 0.1449814126394052 0.12834224598930483
1 0.7026022304832714 0.2540106951871658 0.13382899628252787 0.24064171122994651
1 0.637546468401487 0.24331550802139038 0.15985130111524162 0.32620320855614976
1 0.13382899628252787 0.1711229946524064 0.17843866171003717 0.2994652406417112
1 0.1970260223048327 0.06951871657754011 0.10408921933085502 0.13903743315508021
1 0.07434944237918216 0.32085561497326204 0.07434944237918216 0.24598930481283424
1 0.020446096654275093 0.27807486631016043 0.040892193308550186 0.20320855614973263
1 0.08921933085501858 0.4919786096256685 0.1412639405204461 0.23529411764705882
1 0.14312267657992564 0.6149732620320856 0.10037174721189591 0.1497326203208556
1 0.06133828996282528 0.767379679144385 0.07806691449814127 0.25133689839572193
1 0.2379182156133829 0.7914438502673797 0.29739776951672864 0.1497326203208556
1 0.2955390334572491 0.8716577540106952 0.10037174721189591 0.10695187165775401
1 0.20631970260223048 0.8957219251336899 0.08550185873605948 0.10160427807486631
1 0.12639405204460966 0.9037433155080213 0.09665427509293681 0.0748663101604278
1 0.41821561338289964 0.8529411764705882 0.07806691449814127 0.1657754010695187
1 0.45539033457249073 0.7486631016042781 0.07806691449814127 0.0962566844919786
1 0.5464684014869888 0.7647058823529411 0.08178438661710037 0.13903743315508021
1 0.5743494423791822 0.8743315508021391 0.07806691449814127 0.12299465240641712
1 0.6784386617100372 0.732620320855615 0.1524163568773234 0.0962566844919786
1 0.6821561338289963 0.5133689839572193 0.09293680297397769 0.10695187165775401
1 0.7806691449814126 0.42513368983957217 0.20817843866171004 0.09090909090909091
1 0.3475836431226766 0.08021390374331551 0.15985130111524162 0.16042780748663102
1 0.4795539033457249 0.029411764705882353 0.08921933085501858 0.058823529411764705
1 0.41821561338289964 0.0855614973262032 0.048327137546468404 0.0962566844919786
1 0.46654275092936803 0.23529411764705882 0.137546468401487 0.37433155080213903
1 0.550185873605948 0.21122994652406418 0.06691449814126393 0.09090909090909091
1 0.550185873605948 0.11764705882352941 0.09665427509293681 0.0962566844919786
1 0.3736059479553903 0.17914438502673796 0.040892193308550186 0.08021390374331551
1 0.3513011152416357 0.25133689839572193 0.07063197026022305 0.1711229946524064
1 0.39776951672862454 0.37967914438502676 0.03717472118959108 0.16042780748663102
1 0.34572490706319703 0.40641711229946526 0.05947955390334572 0.11764705882352941
1 0.3141263940520446 0.45187165775401067 0.08550185873605948 0.2620320855614973
1 0.241635687732342 0.34759358288770054 0.17100371747211895 0.27807486631016043
1 0.23977695167286245 0.2700534759358289 0.07806691449814127 0.10160427807486631
1 0.24721189591078066 0.4197860962566845 0.048327137546468404 0.09090909090909091
1 0.21933085501858737 0.5748663101604278 0.09665427509293681 0.19786096256684493
1 0.25464684014869887 0.6684491978609626 0.137546468401487 0.0962566844919786
1 0.29739776951672864 0.5935828877005348 0.09665427509293681 0.12834224598930483
1 0.35687732342007433 0.713903743315508 0.08921933085501858 0.15508021390374332
1 0.39219330855018586 0.56951871657754 0.10037174721189591 0.1443850267379679
1 0.4349442379182156 0.6363636363636364 0.07434944237918216 0.10695187165775401
1 0.44981412639405205 0.46524064171123 0.08178438661710037 0.0748663101604278
1 0.5483271375464684 0.4572192513368984 0.08550185873605948 0.06951871657754011
1 0.5278810408921933 0.5828877005347594 0.15613382899628253 0.22459893048128343
1 0.654275092936803 0.5668449197860963 0.13382899628252787 0.22459893048128343
1 0.6319702602230484 0.058823529411764705 0.15613382899628253 0.11764705882352941
1 0.0055762081784386614 0.11497326203208556 0.011152416356877323 0.09090909090909091