1 0.7854545454545454 0.5896739130434783 0.28363636363636363 0.41847826086956524
1 0.6181818181818182 0.5788043478260869 0.1890909090909091 0.29891304347826086
1 0.6981818181818182 0.421195652173913 0.13090909090909092 0.14673913043478262
1 0.8472727272727273 0.35054347826086957 0.08 0.09239130434782608
1 0.66 0.3179347826086957 0.3381818181818182 0.2554347826086957
1 0.4036363636363636 0.6114130434782609 0.29818181818181816 0.46195652173913043
1 0.28545454545454546 0.4375 0.10545454545454545 0.23369565217391305
1 0.42 0.3070652173913043 0.15636363636363637 0.15760869565217392
1 0.6581818181818182 0.10869565217391304 0.43636363636363634 0.21739130434782608
1 0.6818181818181818 0.17391304347826086 0.2727272727272727 0.25
1 0.2545454545454545 0.38858695652173914 0.509090909090909 0.7771739130434783
1 0.26545454545454544 0.04891304347826087 0.18181818181818182 0.09782608695652174