1 0.6336032388663968 0.5514705882352942 0.5222672064777328 0.7303921568627451
1 0.8724696356275303 0.4019607843137255 0.12550607287449392 0.13725490196078433
1 0.9210526315789473 0.5269607843137255 0.13360323886639677 0.12254901960784313
1 0.6376518218623481 0.2622549019607843 0.1417004048582996 0.1323529411764706
1 0.5870445344129555 0.16666666666666666 0.06477732793522267 0.1568627450980392
1 0.5040485829959515 0.14460784313725492 0.10931174089068826 0.2107843137254902
1 0.52834008097166 0.25245098039215685 0.05263157894736842 0.07352941176470588
1 0.39473684210526316 0.13480392156862744 0.10121457489878542 0.15196078431372548
1 0.291497975708502 0.7205882352941176 0.1214574898785425 0.10784313725490197
1 0.2975708502024291 0.8333333333333334 0.13360323886639677 0.13725490196078433
1 0.4574898785425101 0.8480392156862745 0.08906882591093117 0.08823529411764706
1 0.2793522267206478 0.4387254901960784 0.5020242914979757 0.6813725490196079