1 0.6872727272727273 0.8442622950819673 0.3054545454545455 0.3005464480874317
1 0.92 0.8879781420765027 0.15272727272727274 0.21311475409836064
1 0.7981818181818182 0.6502732240437158 0.1781818181818182 0.28415300546448086
1 0.9 0.5382513661202186 0.19272727272727272 0.3442622950819672
1 0.6290909090909091 0.47540983606557374 0.32727272727272727 0.5027322404371585
1 0.8690909090909091 0.3224043715846995 0.20363636363636364 0.13114754098360656
1 0.4 0.7923497267759563 0.27636363636363637 0.40437158469945356
1 0.31272727272727274 0.9508196721311475 0.22545454545454546 0.08743169398907104
1 0.11454545454545455 0.8032786885245902 0.2290909090909091 0.3825136612021858
1 0.04909090909090909 0.9617486338797814 0.09818181818181818 0.06557377049180328
1 0.3 0.6202185792349727 0.22181818181818183 0.3114754098360656
1 0.3563636363636364 0.412568306010929 0.1890909090909091 0.21311475409836064
1 0.4490909090909091 0.5273224043715847 0.06909090909090909 0.18032786885245902
1 0.5018181818181818 0.33060109289617484 0.10181818181818182 0.15846994535519127
1 0.5290909090909091 0.18032786885245902 0.14181818181818182 0.17486338797814208
1 0.6945454545454546 0.24043715846994534 0.13090909090909092 0.15300546448087432
1 0.7509090909090909 0.1092896174863388 0.11272727272727273 0.17486338797814208
1 0.8527272727272728 0.19398907103825136 0.16363636363636364 0.11475409836065574
1 0.8545454545454545 0.28415300546448086 0.16727272727272727 0.15300546448087432
1 0.8345454545454546 0.06830601092896176 0.11272727272727273 0.1366120218579235
1 0.9509090909090909 0.07923497267759563 0.09090909090909091 0.15846994535519127
1 0.9818181818181818 0.22950819672131148 0.02909090909090909 0.14207650273224043
1 0.7381818181818182 0.02185792349726776 0.09454545454545454 0.04371584699453552
1 0.6381818181818182 0.04918032786885246 0.09818181818181818 0.09836065573770492
1 0.5672727272727273 0.14754098360655737 0.17454545454545456 0.2185792349726776
1 0.10181818181818182 0.505464480874317 0.20363636363636364 0.2896174863387978
1 0.2109090909090909 0.3469945355191257 0.17454545454545456 0.21311475409836064
1 0.37272727272727274 0.24863387978142076 0.16363636363636364 0.15846994535519127
1 0.4290909090909091 0.15300546448087432 0.08727272727272728 0.12021857923497267
1 0.32 0.1830601092896175 0.13090909090909092 0.16939890710382513
1 0.19454545454545455 0.19672131147540983 0.13454545454545455 0.09836065573770492
1 0.2672727272727273 0.07377049180327869 0.12727272727272726 0.1366120218579235
1 0.3327272727272727 0.04918032786885246 0.06181818181818182 0.09836065573770492
1 0.41818181818181815 0.07923497267759563 0.11636363636363636 0.07103825136612021
1 0.47454545454545455 0.040983606557377046 0.1709090909090909 0.08196721311475409