1 0.49818181818181817 0.5983606557377049 0.14545454545454545 0.3770491803278688
1 0.36363636363636365 0.6038251366120219 0.09454545454545454 0.3551912568306011
1 0.4218181818181818 0.6174863387978142 0.05090909090909091 0.31693989071038253
1 0.28363636363636363 0.6092896174863388 0.23272727272727273 0.4207650273224044
1 0.14909090909090908 0.7978142076502732 0.2109090909090909 0.32786885245901637
1 0.13454545454545455 0.5273224043715847 0.15272727272727274 0.3114754098360656
1 0.04 0.587431693989071 0.08 0.23497267759562843
1 0.02727272727272727 0.8524590163934426 0.05454545454545454 0.28415300546448086
1 0.6090909090909091 0.3224043715846995 0.11272727272727273 0.2185792349726776
1 0.7218181818181818 0.3114754098360656 0.12727272727272726 0.17486338797814208
1 0.7818181818181819 0.3907103825136612 0.17454545454545456 0.18032786885245902
1 0.4 0.6174863387978142 0.4581818181818182 0.7431693989071039