1 0.9410774410774411 0.8823529411764706 0.1111111111111111 0.2235294117647059
1 0.8316498316498316 0.9088235294117647 0.1414141414141414 0.17058823529411765
1 0.9057239057239057 0.75 0.12794612794612795 0.18235294117647058
1 0.9814814814814815 0.7470588235294118 0.030303030303030304 0.08235294117647059
1 0.9612794612794613 0.6058823529411764 0.0707070707070707 0.2
1 0.9191919191919192 0.4470588235294118 0.10101010101010101 0.2235294117647059
1 0.9747474747474747 0.43529411764705883 0.04377104377104377 0.16470588235294117
1 0.9528619528619529 0.27941176470588236 0.08754208754208755 0.18235294117647058
1 0.8619528619528619 0.21764705882352942 0.11447811447811448 0.18823529411764706
1 0.8855218855218855 0.09411764705882353 0.10774410774410774 0.17647058823529413
1 0.968013468013468 0.12058823529411765 0.05723905723905724 0.14705882352941177
1 0.7491582491582491 0.13529411764705881 0.1447811447811448 0.24705882352941178
1 0.7525252525252525 0.3764705882352941 0.11784511784511785 0.23529411764705882
1 0.6851851851851852 0.47352941176470587 0.07744107744107744 0.14705882352941177
1 0.7272727272727273 0.5911764705882353 0.12121212121212122 0.20588235294117646
1 0.7811447811447811 0.7294117647058823 0.12121212121212122 0.17647058823529413
1 0.7289562289562289 0.8529411764705882 0.12457912457912458 0.21176470588235294
1 0.6885521885521886 0.9411764705882353 0.11784511784511785 0.10588235294117647
1 0.6346801346801347 0.7205882352941176 0.1447811447811448 0.2411764705882353
1 0.6094276094276094 0.5176470588235295 0.11447811447811448 0.21176470588235294
1 0.632996632996633 0.3735294117647059 0.12121212121212122 0.08823529411764706
1 0.6212121212121212 0.2823529411764706 0.12457912457912458 0.21176470588235294
1 0.6313131313131313 0.12352941176470589 0.09764309764309764 0.17647058823529413
1 0.6582491582491582 0.026470588235294117 0.11784511784511785 0.052941176470588235
1 0.5774410774410774 0.09705882352941177 0.0707070707070707 0.18235294117647058
1 0.5454545454545454 0.029411764705882353 0.10101010101010101 0.058823529411764705
1 0.5404040404040404 0.1588235294117647 0.0707070707070707 0.11764705882352941
1 0.5185185185185185 0.26176470588235295 0.10774410774410774 0.14705882352941177
1 0.5151515151515151 0.42058823529411765 0.10774410774410774 0.17058823529411765
1 0.4478114478114478 0.5676470588235294 0.13468013468013468 0.22941176470588234
1 0.5387205387205387 0.6441176470588236 0.08080808080808081 0.18235294117647058
1 0.5252525252525253 0.5441176470588235 0.05387205387205387 0.08823529411764706
1 0.5202020202020202 0.7617647058823529 0.09764309764309764 0.17058823529411765
1 0.569023569023569 0.9 0.12794612794612795 0.18823529411764706
1 0.531986531986532 0.9676470588235294 0.12121212121212122 0.052941176470588235
1 0.6380471380471381 0.861764705882353 0.050505050505050504 0.052941176470588235
1 0.4511784511784512 0.8941176470588236 0.13468013468013468 0.2
1 0.4208754208754209 0.7323529411764705 0.12121212121212122 0.18235294117647058
1 0.3602693602693603 0.5676470588235294 0.06734006734006734 0.18235294117647058
1 0.4090909090909091 0.38235294117647056 0.1111111111111111 0.2
1 0.44276094276094274 0.2 0.12457912457912458 0.21176470588235294
1 0.46296296296296297 0.058823529411764705 0.10437710437710437 0.11764705882352941
1 0.37542087542087543 0.047058823529411764 0.1111111111111111 0.09411764705882353
1 0.3148148148148148 0.1 0.1447811447811448 0.2
1 0.31313131313131315 0.19117647058823528 0.08754208754208755 0.11176470588235295
1 0.37542087542087543 0.21176470588235294 0.06397306397306397 0.15294117647058825
1 0.2962962962962963 0.34411764705882353 0.12121212121212122 0.20588235294117646
1 0.21717171717171718 0.4470588235294118 0.12457912457912458 0.21176470588235294
1 0.2760942760942761 0.6558823529411765 0.12794612794612795 0.21764705882352942
1 0.32154882154882153 0.5 0.08417508417508418 0.09411764705882353
1 0.3434343434343434 0.8264705882352941 0.10101010101010101 0.22941176470588234
1 0.38047138047138046 0.9705882352941176 0.08080808080808081 0.047058823529411764
1 0.2760942760942761 0.888235294117647 0.12121212121212122 0.21176470588235294
1 0.16835016835016836 0.9323529411764706 0.1414141414141414 0.12352941176470589
1 0.1835016835016835 0.8676470588235294 0.07744107744107744 0.08823529411764706
1 0.21043771043771045 0.7705882352941177 0.13804713804713806 0.16470588235294117
1 0.09427609427609428 0.888235294117647 0.08754208754208755 0.16470588235294117
1 0.1447811447811448 0.8323529411764706 0.08080808080808081 0.1
1 0.10606060606060606 0.7058823529411765 0.12457912457912458 0.18823529411764706
1 0.19865319865319866 0.6264705882352941 0.08080808080808081 0.13529411764705881
1 0.14309764309764308 0.4823529411764706 0.10437710437710437 0.23529411764705882
1 0.11447811447811448 0.5882352941176471 0.09427609427609428 0.12941176470588237
1 0.06902356902356903 0.49117647058823527 0.06397306397306397 0.1588235294117647
1 0.07575757575757576 0.4088235294117647 0.08417508417508418 0.11176470588235295
1 0.17003367003367004 0.2911764705882353 0.10437710437710437 0.1588235294117647
1 0.23737373737373738 0.3029411764705882 0.04377104377104377 0.1
1 0.18181818181818182 0.11176470588235295 0.13468013468013468 0.2235294117647059
1 0.132996632996633 0.20294117647058824 0.037037037037037035 0.07647058823529412
1 0.08417508417508418 0.3 0.07407407407407407 0.10588235294117647
1 0.07407407407407407 0.17941176470588235 0.10101010101010101 0.17058823529411765
1 0.06734006734006734 0.1 0.08080808080808081 0.07058823529411765
1 0.06902356902356903 0.03235294117647059 0.09764309764309764 0.06470588235294118
1 0.015151515151515152 0.17647058823529413 0.030303030303030304 0.2
1 0.026936026936026935 0.3352941176470588 0.05387205387205387 0.11764705882352941
1 0.018518518518518517 0.45294117647058824 0.037037037037037035 0.17647058823529413
1 0.037037037037037035 0.5794117647058824 0.07407407407407407 0.1
1 0.030303030303030304 0.6911764705882353 0.06060606060606061 0.17058823529411765
1 0.04377104377104377 0.8352941176470589 0.08754208754208755 0.17647058823529413
1 0.030303030303030304 0.9588235294117647 0.06060606060606061 0.07058823529411765
1 0.4983164983164983 0.4970588235294118 0.9966329966329966 0.9941176470588236