1 0.46174863387978143 0.8636363636363636 0.2786885245901639 0.14909090909090908
1 0.5983606557377049 0.88 0.11475409836065574 0.13090909090909092
1 0.5 0.9309090909090909 0.09289617486338798 0.07272727272727272
1 0.5109289617486339 0.7781818181818182 0.16939890710382513 0.07272727272727272
1 0.6366120218579235 0.7854545454545454 0.09289617486338798 0.10909090909090909
1 0.5819672131147541 0.74 0.11475409836065574 0.04727272727272727
1 0.453551912568306 0.7327272727272728 0.2185792349726776 0.12727272727272726
1 0.3005464480874317 0.7454545454545455 0.15300546448087432 0.08
1 0.22131147540983606 0.8218181818181818 0.14754098360655737 0.08727272727272728
1 0.27595628415300544 0.8454545454545455 0.1366120218579235 0.09818181818181818
1 0.15027322404371585 0.7254545454545455 0.11475409836065574 0.11272727272727273
1 0.060109289617486336 0.7563636363636363 0.12021857923497267 0.15272727272727274
1 0.12295081967213115 0.8072727272727273 0.09289617486338798 0.04363636363636364
1 0.40437158469945356 0.05818181818181818 0.13114754098360656 0.08727272727272728
1 0.5327868852459017 0.05818181818181818 0.10382513661202186 0.07272727272727272
1 0.6338797814207651 0.07272727272727272 0.07650273224043716 0.07272727272727272
1 0.7185792349726776 0.09818181818181818 0.08196721311475409 0.08
1 0.8060109289617486 0.13272727272727272 0.12568306010928962 0.06181818181818182
1 0.8797814207650273 0.1709090909090909 0.1092896174863388 0.08
1 0.9480874316939891 0.21818181818181817 0.09289617486338798 0.08727272727272728
1 0.8524590163934426 0.22363636363636363 0.09836065573770492 0.09818181818181818
1 0.7568306010928961 0.15818181818181817 0.08196721311475409 0.04727272727272727
1 0.7158469945355191 0.22363636363636363 0.2185792349726776 0.08363636363636363
1 0.6639344262295082 0.15454545454545454 0.09289617486338798 0.08363636363636363
1 0.5846994535519126 0.13636363636363635 0.07650273224043716 0.07636363636363637
1 0.24043715846994534 0.05818181818181818 0.13114754098360656 0.08
1 0.3251366120218579 0.04909090909090909 0.04918032786885246 0.06909090909090909
1 0.36065573770491804 0.12 0.09836065573770492 0.07272727272727272
1 0.46994535519125685 0.12 0.08743169398907104 0.06545454545454546
1 0.5300546448087432 0.10181818181818182 0.07650273224043716 0.04363636363636364
1 0.13114754098360656 0.11818181818181818 0.19672131147540983 0.11272727272727273
1 0.030054644808743168 0.24545454545454545 0.060109289617486336 0.09090909090909091
1 0.04371584699453552 0.18181818181818182 0.06557377049180328 0.06545454545454546
1 0.10382513661202186 0.21818181818181817 0.13114754098360656 0.08727272727272728
1 0.13114754098360656 0.16545454545454547 0.14207650273224043 0.04
1 0.07103825136612021 0.6272727272727273 0.09836065573770492 0.08363636363636363
1 0.14754098360655737 0.6309090909090909 0.07650273224043716 0.08363636363636363
1 0.27595628415300544 0.6618181818181819 0.15846994535519127 0.09454545454545454
1 0.40710382513661203 0.6454545454545455 0.10382513661202186 0.09818181818181818
1 0.4972677595628415 0.6672727272727272 0.12021857923497267 0.08363636363636363
1 0.6666666666666666 0.6709090909090909 0.16393442622950818 0.09818181818181818
1 0.7595628415300546 0.6636363636363637 0.09836065573770492 0.09090909090909091
1 0.773224043715847 0.610909090909091 0.09289617486338798 0.07272727272727272
1 0.6775956284153005 0.5890909090909091 0.12021857923497267 0.08
1 0.6174863387978142 0.6309090909090909 0.06557377049180328 0.05454545454545454
1 0.5573770491803278 0.5781818181818181 0.13114754098360656 0.14545454545454545
1 0.3743169398907104 0.58 0.09289617486338798 0.09818181818181818
1 0.27049180327868855 0.5872727272727273 0.09289617486338798 0.08363636363636363
1 0.16939890710382513 0.5509090909090909 0.13114754098360656 0.11272727272727273
1 0.10382513661202186 0.54 0.08743169398907104 0.04727272727272727
1 0.03551912568306011 0.5672727272727273 0.07103825136612021 0.08727272727272728
1 0.16393442622950818 0.4490909090909091 0.15300546448087432 0.12
1 0.3005464480874317 0.49272727272727274 0.14207650273224043 0.12727272727272726
1 0.42896174863387976 0.45636363636363636 0.12568306010928962 0.08363636363636363
1 0.5136612021857924 0.4763636363636364 0.08743169398907104 0.08
1 0.6202185792349727 0.4381818181818182 0.18032786885245902 0.10545454545454545
1 0.6202185792349727 0.5272727272727272 0.10382513661202186 0.10909090909090909
1 0.7158469945355191 0.49454545454545457 0.13114754098360656 0.09454545454545454
1 0.7978142076502732 0.5381818181818182 0.12021857923497267 0.07272727272727272
1 0.8934426229508197 0.5054545454545455 0.12568306010928962 0.05818181818181818
1 0.7950819672131147 0.44363636363636366 0.09289617486338798 0.08727272727272728
1 0.8142076502732241 0.4036363636363636 0.06557377049180328 0.08
1 0.912568306010929 0.44363636363636366 0.13114754098360656 0.07272727272727272
1 0.9180327868852459 0.4 0.13114754098360656 0.05818181818181818
1 0.9480874316939891 0.3418181818181818 0.09289617486338798 0.08727272727272728
1 0.8934426229508197 0.29818181818181816 0.10382513661202186 0.05818181818181818
1 0.8278688524590164 0.29454545454545455 0.07103825136612021 0.04363636363636364
1 0.773224043715847 0.27090909090909093 0.09289617486338798 0.03272727272727273
1 0.7295081967213115 0.3145454545454546 0.18032786885245902 0.08363636363636363
1 0.7185792349726776 0.4 0.11475409836065574 0.08
1 0.8278688524590164 0.38545454545454544 0.060109289617486336 0.05090909090909091
1 0.5546448087431693 0.38181818181818183 0.1366120218579235 0.08
1 0.5655737704918032 0.3290909090909091 0.1912568306010929 0.08363636363636363
1 0.5437158469945356 0.2672727272727273 0.15846994535519127 0.07636363636363637
1 0.5519125683060109 0.2109090909090909 0.13114754098360656 0.05818181818181818
1 0.5 0.15636363636363637 0.08196721311475409 0.07272727272727272
1 0.5792349726775956 0.1509090909090909 0.06557377049180328 0.07636363636363637
1 0.40437158469945356 0.22 0.13114754098360656 0.08363636363636363
1 0.29508196721311475 0.3781818181818182 0.15300546448087432 0.12363636363636364
1 0.4344262295081967 0.37454545454545457 0.12568306010928962 0.07272727272727272
1 0.3989071038251366 0.29818181818181816 0.12021857923497267 0.08
1 0.36885245901639346 0.27454545454545454 0.08196721311475409 0.05454545454545454
1 0.2540983606557377 0.3109090909090909 0.10382513661202186 0.06181818181818182
1 0.24316939890710382 0.27090909090909093 0.09289617486338798 0.04727272727272727
1 0.24863387978142076 0.22 0.18032786885245902 0.07636363636363637
1 0.29508196721311475 0.15818181818181817 0.14207650273224043 0.08363636363636363
1 0.09836065573770492 0.2909090909090909 0.19672131147540983 0.10909090909090909
1 0.14207650273224043 0.36 0.15300546448087432 0.05818181818181818
1 0.04644808743169399 0.4672727272727273 0.09289617486338798 0.09090909090909091
1 0.05191256830601093 0.3890909090909091 0.10382513661202186 0.08
1 0.8989071038251366 0.6981818181818182 0.1912568306010929 0.5963636363636363