1 0.7876447876447876 0.49226804123711343 0.16988416988416988 0.2422680412371134
1 0.6640926640926641 0.2963917525773196 0.13127413127413126 0.18041237113402062
1 0.6177606177606177 0.41494845360824745 0.16988416988416988 0.15979381443298968
1 0.7027027027027027 0.6237113402061856 0.14671814671814673 0.25773195876288657
1 0.583011583011583 0.5798969072164949 0.23938223938223938 0.3247422680412371
1 0.4420849420849421 0.3402061855670103 0.18146718146718147 0.24742268041237114
1 0.41312741312741313 0.17010309278350516 0.16216216216216217 0.16494845360824742
1 0.2702702702702703 0.3015463917525773 0.19305019305019305 0.27319587628865977
1 0.0945945945945946 0.36855670103092786 0.1274131274131274 0.08762886597938144
1 0.1525096525096525 0.5077319587628866 0.28185328185328185 0.28350515463917525
1 0.35135135135135137 0.5309278350515464 0.13127413127413126 0.17525773195876287
1 0.2857142857142857 0.7216494845360825 0.2625482625482625 0.3402061855670103
1 0.4749034749034749 0.8505154639175257 0.23938223938223938 0.28865979381443296
1 0.6023166023166023 0.7809278350515464 0.08494208494208494 0.06701030927835051