1 0.5927272727272728 0.19672131147540983 0.02909090909090909 0.04371584699453552
1 0.5818181818181818 0.18032786885245902 0.02909090909090909 0.04371584699453552
1 0.5527272727272727 0.11475409836065574 0.02909090909090909 0.04371584699453552
1 0.5072727272727273 0.1366120218579235 0.025454545454545455 0.04371584699453552
1 0.5309090909090909 0.2540983606557377 0.02909090909090909 0.04918032786885246
1 0.32 0.20765027322404372 0.02909090909090909 0.04371584699453552
1 0.29454545454545455 0.15027322404371585 0.02909090909090909 0.04918032786885246
1 0.2672727272727273 0.20765027322404372 0.025454545454545455 0.04371584699453552
1 0.3018181818181818 0.2814207650273224 0.02909090909090909 0.04918032786885246
1 0.24181818181818182 0.14754098360655737 0.025454545454545455 0.04371584699453552
1 0.2581818181818182 0.5191256830601093 0.03636363636363636 0.08743169398907104
1 0.44545454545454544 0.5136612021857924 0.03272727272727273 0.0546448087431694
1 0.9727272727272728 0.73224043715847 0.04727272727272727 0.08743169398907104
1 0.8527272727272728 0.7103825136612022 0.03272727272727273 0.06557377049180328
1 0.9 0.7185792349726776 0.05454545454545454 0.060109289617486336
1 0.9018181818181819 0.6530054644808743 0.1890909090909091 0.09289617486338798
1 0.7509090909090909 0.6475409836065574 0.12 0.10382513661202186
1 0.6127272727272727 0.5846994535519126 0.14909090909090908 0.13114754098360656
1 0.9781818181818182 0.9672131147540983 0.03636363636363636 0.0546448087431694
1 0.9872727272727273 0.9043715846994536 0.01818181818181818 0.060109289617486336
1 0.9727272727272728 0.8715846994535519 0.04727272727272727 0.07103825136612021
1 0.9618181818181818 0.912568306010929 0.04 0.04371584699453552
1 0.9490909090909091 0.9480874316939891 0.02909090909090909 0.03825136612021858