1 0.9228395061728395 0.6 0.14814814814814814 0.34838709677419355
1 0.9320987654320988 0.896774193548387 0.12962962962962962 0.1935483870967742
1 0.9583333333333334 0.29354838709677417 0.07716049382716049 0.2645161290322581
1 0.8595679012345679 0.38387096774193546 0.15123456790123457 0.27741935483870966
1 0.9089506172839507 0.1935483870967742 0.08333333333333333 0.14193548387096774
1 0.8117283950617284 0.13548387096774195 0.1419753086419753 0.2709677419354839
1 0.7700617283950617 0.4935483870967742 0.1388888888888889 0.2645161290322581
1 0.8364197530864198 0.6580645161290323 0.07407407407407407 0.23225806451612904
1 0.7592592592592593 0.7451612903225806 0.13580246913580246 0.23870967741935484
1 0.6203703703703703 0.5870967741935483 0.12962962962962962 0.2709677419354839
1 0.7006172839506173 0.5903225806451613 0.043209876543209874 0.13548387096774195
1 0.6280864197530864 0.7645161290322581 0.13271604938271606 0.13548387096774195
1 0.4799382716049383 0.8387096774193549 0.22530864197530864 0.3096774193548387
1 0.7376543209876543 0.7903225806451613 0.3148148148148148 0.14838709677419354
1 0.7577160493827161 0.8806451612903226 0.4783950617283951 0.22580645161290322
1 0.5817901234567902 0.4258064516129032 0.4104938271604938 0.34838709677419355
1 0.6450617283950617 0.24193548387096775 0.11728395061728394 0.2129032258064516
1 0.6882716049382716 0.13548387096774195 0.20987654320987653 0.2709677419354839
1 0.5154320987654321 0.23548387096774193 0.19135802469135801 0.3548387096774194
1 0.46296296296296297 0.11935483870967742 0.2839506172839506 0.23870967741935484
1 0.21141975308641975 0.2838709677419355 0.39814814814814814 0.5290322580645161
1 0.3873456790123457 0.42258064516129035 0.1697530864197531 0.3161290322580645
1 0.23148148148148148 0.5161290322580645 0.11728395061728394 0.25806451612903225
1 0.35802469135802467 0.7935483870967742 0.1419753086419753 0.2967741935483871
1 0.08333333333333333 0.9483870967741935 0.16666666666666666 0.09032258064516129
1 0.20987654320987653 0.9225806451612903 0.3271604938271605 0.14193548387096774
1 0.041666666666666664 0.8903225806451613 0.08333333333333333 0.15483870967741936
1 0.24691358024691357 0.7709677419354839 0.11728395061728394 0.27741935483870966
1 0.1558641975308642 0.7419354838709677 0.10802469135802469 0.2064516129032258
1 0.11882716049382716 0.5225806451612903 0.11419753086419752 0.25806451612903225
1 0.05246913580246913 0.7451612903225806 0.10493827160493827 0.25161290322580643
1 0.2654320987654321 0.07419354838709677 0.10493827160493827 0.14838709677419354
1 0.035493827160493825 0.4838709677419355 0.07098765432098765 0.3870967741935484
1 0.013888888888888888 0.1935483870967742 0.027777777777777776 0.2064516129032258
1 0.046296296296296294 0.06774193548387097 0.09259259259259259 0.13548387096774195
1 0.10493827160493827 0.15483870967741936 0.043209876543209874 0.11612903225806452
1 0.1527777777777778 0.11935483870967742 0.05864197530864197 0.0967741935483871
1 0.16203703703703703 0.041935483870967745 0.046296296296296294 0.08387096774193549
1 0.19907407407407407 0.05161290322580645 0.027777777777777776 0.09032258064516129
1 0.10802469135802469 0.04838709677419355 0.043209876543209874 0.0967741935483871