1 0.3381818181818182 0.45901639344262296 0.10181818181818182 0.16393442622950818
1 0.38545454545454544 0.5355191256830601 0.11636363636363636 0.17486338797814208
1 0.3654545454545455 0.726775956284153 0.14181818181818182 0.19672131147540983
1 0.1709090909090909 0.5655737704918032 0.10181818181818182 0.21311475409836064
1 0.17272727272727273 0.5081967213114754 0.2 0.546448087431694
1 0.3472727272727273 0.25136612021857924 0.06181818181818182 0.07650273224043716
1 0.3 0.319672131147541 0.09090909090909091 0.04918032786885246
1 0.37272727272727274 0.33879781420765026 0.05454545454545454 0.07650273224043716
1 0.4218181818181818 0.2923497267759563 0.05090909090909091 0.09289617486338798
1 0.4781818181818182 0.4453551912568306 0.06909090909090909 0.07103825136612021
1 0.5 0.5382513661202186 0.04 0.09289617486338798