1 0.9726277372262774 0.904891304347826 0.04744525547445255 0.1358695652173913
1 0.9507299270072993 0.9565217391304348 0.09124087591240876 0.07608695652173914
1 0.9032846715328468 0.9130434782608695 0.08394160583941605 0.15217391304347827
1 0.9288321167883211 0.6739130434782609 0.12043795620437957 0.14130434782608695
1 0.9890510948905109 0.6711956521739131 0.014598540145985401 0.11413043478260869
1 0.9671532846715328 0.5679347826086957 0.058394160583941604 0.1358695652173913
1 0.9744525547445255 0.48097826086956524 0.043795620437956206 0.059782608695652176
1 0.9197080291970803 0.5489130434782609 0.072992700729927 0.11956521739130435
1 0.8941605839416058 0.5163043478260869 0.058394160583941604 0.09782608695652174
1 0.8467153284671532 0.6168478260869565 0.08029197080291971 0.14673913043478262
1 0.8375912408759124 0.4891304347826087 0.07664233576642336 0.10869565217391304
1 0.8594890510948905 0.3342391304347826 0.2737226277372263 0.4076086956521739
1 0.9215328467153284 0.11684782608695653 0.14963503649635038 0.23369565217391305
1 0.7846715328467153 0.0625 0.2846715328467153 0.125
1 0.7226277372262774 0.5570652173913043 0.16058394160583941 0.15760869565217392
1 0.6678832116788321 0.3695652173913043 0.18248175182481752 0.2608695652173913
1 0.5784671532846716 0.3532608695652174 0.07664233576642336 0.15217391304347827
1 0.531021897810219 0.5353260869565217 0.18613138686131386 0.23369565217391305
1 0.44525547445255476 0.36141304347826086 0.1897810218978102 0.16847826086956522
1 0.5018248175182481 0.25 0.16423357664233576 0.18478260869565216
1 0.3704379562043796 0.18478260869565216 0.14963503649635038 0.15217391304347827
1 0.34854014598540145 0.2826086956521739 0.13503649635036497 0.16304347826086957
1 0.26824817518248173 0.358695652173913 0.15693430656934307 0.07608695652173914
1 0.10036496350364964 0.7038043478260869 0.20072992700729927 0.33152173913043476
1 0.3448905109489051 0.9103260869565217 0.07664233576642336 0.1358695652173913
1 0.3740875912408759 0.9456521739130435 0.04744525547445255 0.07608695652173914
1 0.4197080291970803 0.9538043478260869 0.08759124087591241 0.08152173913043478
1 0.42883211678832117 0.8777173913043478 0.06934306569343066 0.07065217391304347
1 0.395985401459854 0.8342391304347826 0.08394160583941605 0.09239130434782608
1 0.3813868613138686 0.8043478260869565 0.032846715328467155 0.09782608695652174
1 0.28832116788321166 0.8559782608695652 0.08029197080291971 0.03804347826086957
1 0.6441605839416058 0.1358695652173913 0.4197080291970803 0.2717391304347826
1 0.7153284671532847 0.6195652173913043 0.12408759124087591 0.13043478260869565
1 0.7828467153284672 0.7472826086956522 0.07664233576642336 0.15760869565217392
1 0.7335766423357665 0.8152173913043478 0.11678832116788321 0.14130434782608695
1 0.7226277372262774 0.717391304347826 0.072992700729927 0.05434782608695652
1 0.6751824817518248 0.6630434782608695 0.0948905109489051 0.09782608695652174
1 0.6021897810218978 0.5978260869565217 0.0948905109489051 0.10869565217391304
1 0.5583941605839416 0.6739130434782609 0.10218978102189781 0.16304347826086957
1 0.6313868613138686 0.7336956521739131 0.13138686131386862 0.14130434782608695
1 0.6277372262773723 0.8478260869565217 0.10218978102189781 0.11956521739130435
1 0.6916058394160584 0.8641304347826086 0.04744525547445255 0.07608695652173914
1 0.5656934306569343 0.8505434782608695 0.08029197080291971 0.11413043478260869
1 0.5127737226277372 0.7961956521739131 0.09124087591240876 0.14673913043478262
1 0.4762773722627737 0.7255434782608695 0.07664233576642336 0.14673913043478262
1 0.5091240875912408 0.6331521739130435 0.09124087591240876 0.11413043478260869
1 0.145985401459854 0.3125 0.291970802919708 0.44021739130434784
1 0.1551094890510949 0.44021739130434784 0.24452554744525548 0.43478260869565216
1 0.0948905109489051 0.8668478260869565 0.08029197080291971 0.09239130434782608
1 0.03832116788321168 0.9211956521739131 0.04744525547445255 0.04891304347826087
1 0.1259124087591241 0.20108695652173914 0.2518248175182482 0.40217391304347827
1 0.3521897810218978 0.07608695652173914 0.20072992700729927 0.15217391304347827
1 0.22627737226277372 0.4701086956521739 0.16058394160583941 0.08152173913043478
1 0.3521897810218978 0.5244565217391305 0.12043795620437957 0.16847826086956522
1 0.18795620437956204 0.5353260869565217 0.21532846715328466 0.11413043478260869
1 0.23175182481751824 0.5978260869565217 0.28102189781021897 0.05434782608695652
1 0.23722627737226276 0.6467391304347826 0.1897810218978102 0.03260869565217391