1 0.8825622775800712 0.8296089385474861 0.17793594306049823 0.329608938547486
1 0.9822064056939501 0.8938547486033519 0.028469750889679714 0.2011173184357542
1 0.9430604982206405 0.6396648044692738 0.10676156583629894 0.29608938547486036
1 0.9199288256227758 0.3659217877094972 0.15302491103202848 0.329608938547486
1 0.8932384341637011 0.11173184357541899 0.20640569395017794 0.22346368715083798
1 0.7615658362989324 0.2541899441340782 0.16370106761565836 0.329608938547486
1 0.7544483985765125 0.5837988826815642 0.21352313167259787 0.31843575418994413
1 0.7064056939501779 0.8575418994413407 0.17437722419928825 0.2737430167597765
1 0.7064056939501779 0.061452513966480445 0.20284697508896798 0.12290502793296089
1 0.5800711743772242 0.2430167597765363 0.199288256227758 0.329608938547486
1 0.5427046263345195 0.5586592178770949 0.19572953736654805 0.3575418994413408
1 0.5355871886120996 0.8575418994413407 0.16725978647686832 0.2737430167597765
1 0.4679715302491103 0.9804469273743017 0.02491103202846975 0.027932960893854747
1 0.3594306049822064 0.8100558659217877 0.17793594306049823 0.3240223463687151
1 0.3718861209964413 0.9664804469273743 0.14590747330960854 0.055865921787709494
1 0.35587188612099646 0.505586592178771 0.17793594306049823 0.30726256983240224
1 0.38434163701067614 0.22625698324022347 0.17793594306049823 0.31843575418994413
1 0.47686832740213525 0.06424581005586592 0.19217081850533807 0.12849162011173185
1 0.29537366548042704 0.061452513966480445 0.1494661921708185 0.12290502793296089
1 0.11743772241992882 0.04189944134078212 0.18505338078291814 0.08379888268156424
1 0.2099644128113879 0.22346368715083798 0.18505338078291814 0.3128491620111732
1 0.1903914590747331 0.49441340782122906 0.16725978647686832 0.2849162011173184
1 0.20818505338078291 0.7653631284916201 0.1601423487544484 0.2905027932960894
1 0.21352313167259787 0.946927374301676 0.16370106761565836 0.09497206703910614
1 0.0693950177935943 0.9217877094972067 0.1387900355871886 0.1452513966480447
1 0.0693950177935943 0.7318435754189944 0.1387900355871886 0.3016759776536313
1 0.06227758007117438 0.46089385474860334 0.12455516014234876 0.2737430167597765
1 0.06227758007117438 0.16759776536312848 0.12455516014234876 0.3240223463687151