1 0.3010033444816054 0.49404761904761907 0.5618729096989966 0.6428571428571429
1 0.4280936454849498 0.37202380952380953 0.6220735785953178 0.31547619047619047
1 0.24581939799331104 0.44047619047619047 0.3110367892976589 0.34523809523809523
1 0.05518394648829431 0.4880952380952381 0.08361204013377926 0.2261904761904762
1 0.3511705685618729 0.8184523809523809 0.34782608695652173 0.35119047619047616
1 0.2491638795986622 0.7529761904761905 0.2709030100334448 0.39880952380952384
1 0.5284280936454849 0.6160714285714286 0.2809364548494983 0.4107142857142857
1 0.5886287625418061 0.8154761904761905 0.12040133779264214 0.16666666666666666
1 0.6588628762541806 0.8630952380952381 0.10033444816053512 0.16666666666666666
1 0.7424749163879598 0.9017857142857143 0.08695652173913043 0.16071428571428573
1 0.6672240802675585 0.9613095238095238 0.10367892976588629 0.06547619047619048
1 0.596989966555184 0.9583333333333334 0.08361204013377926 0.07142857142857142
1 0.6839464882943144 0.7946428571428571 0.06354515050167224 0.125
1 0.7725752508361204 0.7648809523809523 0.12040133779264214 0.19642857142857142
1 0.8277591973244147 0.8928571428571429 0.0903010033444816 0.14285714285714285
1 0.9063545150501672 0.8035714285714286 0.14046822742474915 0.19047619047619047
1 0.8260869565217391 0.6785714285714286 0.10033444816053512 0.13095238095238096
1 0.7073578595317725 0.6726190476190477 0.07692307692307693 0.11904761904761904
1 0.7474916387959866 0.6279761904761905 0.07023411371237458 0.08928571428571429
1 0.6889632107023411 0.6011904761904762 0.06020066889632107 0.07142857142857142
1 0.81438127090301 0.5773809523809523 0.11036789297658862 0.15476190476190477
1 0.8979933110367893 0.6607142857142857 0.07023411371237458 0.11904761904761904
1 0.9732441471571907 0.6488095238095238 0.046822742474916385 0.23809523809523808
1 0.9096989966555183 0.5565476190476191 0.07357859531772576 0.17261904761904762
1 0.9715719063545151 0.49702380952380953 0.05016722408026756 0.10119047619047619
1 0.7675585284280937 0.5327380952380952 0.056856187290969896 0.05357142857142857