1 0.9 0.4732142857142857 0.19333333333333333 0.49404761904761907
1 0.9516666666666667 0.8422619047619048 0.09 0.30357142857142855
1 0.895 0.9047619047619048 0.19666666666666666 0.17857142857142858
1 0.895 0.17261904761904762 0.20333333333333334 0.34523809523809523
1 0.815 0.5714285714285714 0.20333333333333334 0.6071428571428571
1 0.7116666666666667 0.6071428571428571 0.18333333333333332 0.7738095238095238
1 0.5916666666666667 0.6636904761904762 0.13 0.5416666666666666
1 0.5216666666666666 0.3333333333333333 0.11 0.36904761904761907
1 0.51 0.21726190476190477 0.07333333333333333 0.43452380952380953
1 0.5883333333333334 0.20833333333333334 0.07666666666666666 0.4166666666666667
1 0.6483333333333333 0.20535714285714285 0.13 0.4107142857142857
1 0.7433333333333333 0.19642857142857142 0.14 0.39285714285714285
1 0.465 0.6071428571428571 0.24333333333333335 0.4880952380952381
1 0.6383333333333333 0.9345238095238095 0.25 0.11904761904761904
1 0.37166666666666665 0.9017857142857143 0.24333333333333335 0.18452380952380953
1 0.25166666666666665 0.7886904761904762 0.19 0.4107142857142857
1 0.07666666666666666 0.8333333333333334 0.15333333333333332 0.32142857142857145
1 0.4 0.30952380952380953 0.12666666666666668 0.6190476190476191
1 0.44 0.17559523809523808 0.07333333333333333 0.35119047619047616
1 0.295 0.2976190476190476 0.12333333333333334 0.5952380952380952
1 0.23 0.13690476190476192 0.16 0.27380952380952384
1 0.10166666666666667 0.18452380952380953 0.12333333333333334 0.25
1 0.13333333333333333 0.125 0.16 0.25
1 0.056666666666666664 0.13392857142857142 0.11333333333333333 0.26785714285714285
1 0.025 0.2767857142857143 0.03 0.08928571428571429
1 0.028333333333333332 0.37797619047619047 0.056666666666666664 0.1130952380952381
1 0.065 0.37202380952380953 0.043333333333333335 0.125
1 0.10833333333333334 0.3601190476190476 0.06333333333333334 0.13690476190476192
1 0.08333333333333333 0.2857142857142857 0.03333333333333333 0.047619047619047616
1 0.13 0.27380952380952384 0.05333333333333334 0.10714285714285714
1 0.20833333333333334 0.33035714285714285 0.08333333333333333 0.10119047619047619
1 0.16166666666666665 0.39880952380952384 0.06333333333333334 0.13095238095238096
1 0.22333333333333333 0.4494047619047619 0.06666666666666667 0.1488095238095238
1 0.205 0.38392857142857145 0.023333333333333334 0.041666666666666664
1 0.20666666666666667 0.32142857142857145 0.09333333333333334 0.09523809523809523
1 0.195 0.24404761904761904 0.05 0.07142857142857142
1 0.24666666666666667 0.25892857142857145 0.06 0.08928571428571429
1 0.24333333333333335 0.19642857142857142 0.04 0.047619047619047616
1 0.11833333333333333 0.4791666666666667 0.09666666666666666 0.1130952380952381
1 0.16166666666666665 0.5059523809523809 0.056666666666666664 0.08333333333333333
1 0.14666666666666667 0.6101190476190477 0.07333333333333333 0.10119047619047619
1 0.10166666666666667 0.6517857142857143 0.08333333333333333 0.1130952380952381
1 0.135 0.7232142857142857 0.03 0.06547619047619048
1 0.028333333333333332 0.6190476190476191 0.056666666666666664 0.10714285714285714
1 0.08666666666666667 0.5505952380952381 0.09333333333333334 0.08928571428571429
1 0.03333333333333333 0.5089285714285714 0.06666666666666667 0.125