1 0.2963917525773196 0.20192307692307693 0.17010309278350516 0.12692307692307692
1 0.37371134020618557 0.3038461538461538 0.15979381443298968 0.12307692307692308
1 0.42010309278350516 0.4423076923076923 0.15979381443298968 0.1076923076923077
1 0.4484536082474227 0.5557692307692308 0.12371134020618557 0.09615384615384616
1 0.4639175257731959 0.6557692307692308 0.14432989690721648 0.10384615384615385
1 0.4896907216494845 0.7538461538461538 0.14432989690721648 0.1076923076923077
1 0.5128865979381443 0.85 0.14948453608247422 0.1
1 0.6082474226804123 0.8634615384615385 0.09278350515463918 0.11153846153846154
1 0.6881443298969072 0.8211538461538461 0.11855670103092783 0.08076923076923077
1 0.6855670103092784 0.7480769230769231 0.13402061855670103 0.09615384615384616
1 0.6288659793814433 0.6576923076923077 0.14432989690721648 0.11538461538461539
1 0.6108247422680413 0.573076923076923 0.13917525773195877 0.1
1 0.5876288659793815 0.47115384615384615 0.13402061855670103 0.12692307692307692
1 0.5360824742268041 0.3596153846153846 0.12371134020618557 0.10384615384615385
1 0.4793814432989691 0.2423076923076923 0.14432989690721648 0.1
1 0.44587628865979384 0.16346153846153846 0.03608247422680412 0.03461538461538462
1 0.4329896907216495 0.12307692307692308 0.05154639175257732 0.038461538461538464
1 0.42010309278350516 0.09807692307692308 0.05670103092783505 0.057692307692307696
1 0.4072164948453608 0.05961538461538462 0.05154639175257732 0.04230769230769231
1 0.9510309278350515 0.28846153846153844 0.04639175257731959 0.046153846153846156
1 0.9252577319587629 0.2230769230769231 0.04639175257731959 0.038461538461538464
1 0.7654639175257731 0.19423076923076923 0.05670103092783505 0.05
1 0.04896907216494845 0.2153846153846154 0.04639175257731959 0.038461538461538464
1 0.03865979381443299 0.17307692307692307 0.04639175257731959 0.046153846153846156
1 0.09536082474226804 0.1076923076923077 0.03608247422680412 0.023076923076923078
1 0.010309278350515464 0.27307692307692305 0.020618556701030927 0.03076923076923077
1 0.3170103092783505 0.6442307692307693 0.06701030927835051 0.08076923076923077
1 0.3943298969072165 0.6846153846153846 0.06701030927835051 0.09230769230769231
1 0.9716494845360825 0.5788461538461539 0.04639175257731959 0.057692307692307696