1 0.8861111111111111 0.9267857142857143 0.21666666666666667 0.1392857142857143
1 0.6638888888888889 0.9267857142857143 0.29444444444444445 0.1392857142857143
1 0.8583333333333333 0.7767857142857143 0.2722222222222222 0.2392857142857143
1 0.9472222222222222 0.7607142857142857 0.09444444444444444 0.1357142857142857
1 0.5277777777777778 0.7589285714285714 0.36666666666666664 0.275
1 0.5444444444444444 0.6071428571428571 0.4444444444444444 0.19285714285714287
1 0.9111111111111111 0.5517857142857143 0.16666666666666666 0.21785714285714286
1 0.825 0.6071428571428571 0.19444444444444445 0.12857142857142856
1 0.175 0.7803571428571429 0.35 0.26785714285714285
1 0.325 0.9232142857142858 0.42777777777777776 0.14642857142857144
1 0.06388888888888888 0.925 0.12777777777777777 0.14285714285714285
1 0.19722222222222222 0.6196428571428572 0.29444444444444445 0.11785714285714285
1 0.17222222222222222 0.5464285714285714 0.34444444444444444 0.17857142857142858
1 0.5833333333333334 0.4517857142857143 0.4666666666666667 0.225
1 0.8944444444444445 0.3607142857142857 0.2 0.18571428571428572
1 0.4638888888888889 0.3821428571428571 0.35 0.16428571428571428
1 0.7111111111111111 0.3196428571428571 0.34444444444444444 0.13214285714285715
1 0.8861111111111111 0.21071428571428572 0.21666666666666667 0.14285714285714285
1 0.7222222222222222 0.20892857142857144 0.17777777777777778 0.08928571428571429
1 0.35555555555555557 0.2625 0.3333333333333333 0.09642857142857143
1 0.1 0.29642857142857143 0.2 0.15714285714285714
1 0.030555555555555555 0.42142857142857143 0.06111111111111111 0.1
1 0.2111111111111111 0.39464285714285713 0.28888888888888886 0.15357142857142858
1 0.4083333333333333 0.16964285714285715 0.3055555555555556 0.1392857142857143
1 0.6555555555555556 0.10892857142857143 0.32222222222222224 0.11071428571428571
1 0.8916666666666667 0.07678571428571429 0.20555555555555555 0.11785714285714285
1 0.5944444444444444 0.20357142857142857 0.13333333333333333 0.12142857142857143
1 0.2861111111111111 0.07678571428571429 0.3055555555555556 0.15357142857142858
1 0.08055555555555556 0.14821428571428572 0.16111111111111112 0.10357142857142858
1 0.1361111111111111 0.18928571428571428 0.18333333333333332 0.05
1 0.06944444444444445 0.044642857142857144 0.1388888888888889 0.08928571428571429
1 0.5527777777777778 0.025 0.20555555555555555 0.05
1 0.7305555555555555 0.026785714285714284 0.15 0.05357142857142857