1 0.6945454545454546 0.5710382513661202 0.05090909090909091 0.07103825136612021
1 0.7345454545454545 0.5546448087431693 0.04363636363636364 0.08196721311475409
1 0.76 0.6038251366120219 0.05090909090909091 0.07103825136612021
1 0.7145454545454546 0.6202185792349727 0.05454545454545454 0.060109289617486336
1 0.6872727272727273 0.5163934426229508 0.04363636363636364 0.03825136612021858
1 0.6272727272727273 0.5382513661202186 0.06181818181818182 0.09289617486338798
1 0.6545454545454545 0.6065573770491803 0.06545454545454546 0.06557377049180328
1 0.6127272727272727 0.5983606557377049 0.03272727272727273 0.04918032786885246
1 0.6072727272727273 0.4672131147540984 0.11636363636363636 0.09289617486338798
1 0.5563636363636364 0.5846994535519126 0.07272727272727272 0.1092896174863388
1 0.49818181818181817 0.6065573770491803 0.09454545454545454 0.13114754098360656
1 0.42727272727272725 0.5601092896174863 0.10545454545454545 0.14754098360655737
1 0.4290909090909091 0.6502732240437158 0.04363636363636364 0.06557377049180328
1 0.3054545454545455 0.6010928961748634 0.21818181818181817 0.18579234972677597
1 0.14909090909090908 0.7759562841530054 0.06545454545454546 0.28415300546448086
1 0.43454545454545457 0.453551912568306 0.06181818181818182 0.06557377049180328
1 0.36 0.5 0.09454545454545454 0.08196721311475409
1 0.5854545454545454 0.40437158469945356 0.24727272727272728 0.16393442622950818
1 0.78 0.44808743169398907 0.31636363636363635 0.12021857923497267
1 0.7927272727272727 0.5327868852459017 0.09454545454545454 0.15846994535519127
1 0.6072727272727273 0.6666666666666666 0.15272727272727274 0.07650273224043716
1 0.49272727272727274 0.3633879781420765 0.2872727272727273 0.20218579234972678
1 0.1890909090909091 0.4644808743169399 0.32727272727272727 0.07650273224043716
1 0.14 0.505464480874317 0.16363636363636364 0.04918032786885246
1 0.2581818181818182 0.5109289617486339 0.28363636363636363 0.07103825136612021
1 0.1690909090909091 0.5655737704918032 0.08363636363636363 0.03825136612021858
1 0.23272727272727273 0.30327868852459017 0.3490909090909091 0.2568306010928962