1 0.3803088803088803 0.8737113402061856 0.305019305019305 0.2422680412371134
1 0.8513513513513513 0.12886597938144329 0.25096525096525096 0.23711340206185566
1 0.4189189189189189 0.17525773195876287 0.28185328185328185 0.28865979381443296
1 0.6312741312741312 0.17783505154639176 0.17374517374517376 0.23195876288659795
1 0.38223938223938225 0.5077319587628866 0.19305019305019305 0.28350515463917525
1 0.5714285714285714 0.5309278350515464 0.21621621621621623 0.2268041237113402
1 0.16023166023166024 0.35309278350515466 0.3127413127413127 0.23195876288659795
1 0.1640926640926641 0.5335051546391752 0.3127413127413127 0.18041237113402062
1 0.06756756756756757 0.7139175257731959 0.13513513513513514 0.13917525773195877
1 0.22393822393822393 0.6855670103092784 0.16988416988416988 0.14432989690721648
1 0.7355212355212355 0.6804123711340206 0.28957528957528955 0.16494845360824742
1 0.584942084942085 0.904639175257732 0.10424710424710425 0.18041237113402062
1 0.7606177606177607 0.8608247422680413 0.277992277992278 0.26804123711340205
1 0.7915057915057915 0.9690721649484536 0.08494208494208494 0.05154639175257732
1 0.8552123552123552 0.13402061855670103 0.28185328185328185 0.26804123711340205
1 0.8416988416988417 0.3943298969072165 0.3088803088803089 0.28350515463917525
1 0.5173745173745173 0.4484536082474227 0.46332046332046334 0.4536082474226804
1 0.527027027027027 0.18041237113402062 0.5135135135135135 0.36082474226804123
1 0.13706563706563707 0.1211340206185567 0.27413127413127414 0.17010309278350516
1 0.17953667953667954 0.36082474226804123 0.3590733590733591 0.29896907216494845
1 0.1833976833976834 0.5489690721649485 0.3667953667953668 0.27319587628865977
1 0.1718146718146718 0.7010309278350515 0.3436293436293436 0.1958762886597938
1 0.722007722007722 0.7654639175257731 0.4942084942084942 0.4587628865979381
1 0.13513513513513514 0.9407216494845361 0.2702702702702703 0.10824742268041238