1 0.916988416988417 0.9690721649484536 0.11196911196911197 0.05154639175257732
1 0.944015444015444 0.9149484536082474 0.10424710424710425 0.14948453608247422
1 0.9613899613899614 0.7809278350515464 0.0694980694980695 0.12886597938144329
1 0.9555984555984556 0.6391752577319587 0.08108108108108109 0.15463917525773196
1 0.9536679536679536 0.48195876288659795 0.08494208494208494 0.18041237113402062
1 0.9362934362934363 0.38144329896907214 0.08108108108108109 0.09278350515463918
1 0.9787644787644788 0.32216494845360827 0.03474903474903475 0.10824742268041238
1 0.9362934362934363 0.2963917525773196 0.07335907335907337 0.08762886597938144
1 0.974903474903475 0.23711340206185566 0.04247104247104247 0.05154639175257732
1 0.9227799227799228 0.20618556701030927 0.09266409266409266 0.10309278350515463
1 0.944015444015444 0.15979381443298968 0.08108108108108109 0.09278350515463918
1 0.944015444015444 0.1056701030927835 0.04247104247104247 0.04639175257731959
1 0.972972972972973 0.07216494845360824 0.04633204633204633 0.13402061855670103
1 0.918918918918919 0.03865979381443299 0.08494208494208494 0.07731958762886598
1 0.8938223938223938 0.04896907216494845 0.05791505791505792 0.06701030927835051
1 0.8494208494208494 0.015463917525773196 0.06177606177606178 0.030927835051546393
1 0.833976833976834 0.04896907216494845 0.06177606177606178 0.05670103092783505
1 0.8455598455598455 0.1056701030927835 0.06177606177606178 0.07731958762886598
1 0.8243243243243243 0.19329896907216496 0.09652509652509653 0.11855670103092783
1 0.859073359073359 0.29381443298969073 0.08108108108108109 0.1134020618556701
1 0.8474903474903475 0.327319587628866 0.08108108108108109 0.05670103092783505
1 0.8436293436293436 0.42010309278350516 0.11969111969111969 0.15979381443298968
1 0.8745173745173745 0.5438144329896907 0.11196911196911197 0.12886597938144329
1 0.8841698841698842 0.6701030927835051 0.10810810810810811 0.13402061855670103
1 0.8841698841698842 0.7835051546391752 0.08494208494208494 0.13402061855670103
1 0.806949806949807 0.8634020618556701 0.12355212355212356 0.15979381443298968
1 0.7934362934362934 0.9639175257731959 0.13513513513513514 0.061855670103092786
1 0.6853281853281853 0.8530927835051546 0.11196911196911197 0.18041237113402062
1 0.7857142857142857 0.7139175257731959 0.1274131274131274 0.14948453608247422
1 0.7799227799227799 0.5798969072164949 0.11583011583011583 0.13917525773195877
1 0.6833976833976834 0.6443298969072165 0.12355212355212356 0.15463917525773196
1 0.6486486486486487 0.5180412371134021 0.12355212355212356 0.12886597938144329
1 0.7142857142857143 0.43041237113402064 0.10810810810810811 0.13917525773195877
1 0.749034749034749 0.47680412371134023 0.08494208494208494 0.12886597938144329
1 0.750965250965251 0.3556701030927835 0.08108108108108109 0.07216494845360824
1 0.777992277992278 0.28350515463917525 0.07335907335907337 0.09278350515463918
1 0.7374517374517374 0.21391752577319587 0.0694980694980695 0.0979381443298969
1 0.7104247104247104 0.10309278350515463 0.08494208494208494 0.1134020618556701
1 0.7857142857142857 0.09020618556701031 0.06563706563706563 0.10824742268041238
1 0.7760617760617761 0.023195876288659795 0.08494208494208494 0.04639175257731959
1 0.7046332046332047 0.03865979381443299 0.09652509652509653 0.07731958762886598
1 0.61003861003861 0.05412371134020619 0.10038610038610038 0.10824742268041238
1 0.6177606177606177 0.12886597938144329 0.06177606177606178 0.07216494845360824
1 0.6602316602316602 0.1958762886597938 0.09266409266409266 0.13402061855670103
1 0.6351351351351351 0.28865979381443296 0.07335907335907337 0.12371134020618557
1 0.6872586872586872 0.3427835051546392 0.08494208494208494 0.0979381443298969
1 0.7104247104247104 0.28865979381443296 0.0694980694980695 0.05154639175257732
1 0.611969111969112 0.40463917525773196 0.0888030888030888 0.10824742268041238
1 0.5540540540540541 0.49226804123711343 0.08108108108108109 0.06701030927835051
1 0.5656370656370656 0.5850515463917526 0.10424710424710425 0.12886597938144329
1 0.5521235521235521 0.6958762886597938 0.12355212355212356 0.17525773195876287
1 0.5965250965250966 0.8118556701030928 0.08108108108108109 0.12886597938144329
1 0.6332046332046332 0.7139175257731959 0.04633204633204633 0.11855670103092783
1 0.584942084942085 0.9304123711340206 0.11196911196911197 0.12886597938144329
1 0.5019305019305019 0.8634020618556701 0.10810810810810811 0.211340206185567
1 0.5019305019305019 0.9742268041237113 0.05405405405405406 0.041237113402061855
1 0.4189189189189189 0.9664948453608248 0.11969111969111969 0.05670103092783505
1 0.38803088803088803 0.8711340206185567 0.1274131274131274 0.14432989690721648
1 0.39575289575289574 0.7396907216494846 0.10424710424710425 0.12886597938144329
1 0.4613899613899614 0.6829896907216495 0.07335907335907337 0.14948453608247422
1 0.3687258687258687 0.6262886597938144 0.08108108108108109 0.10824742268041238
1 0.3938223938223938 0.5257731958762887 0.08494208494208494 0.09278350515463918
1 0.4691119691119691 0.5438144329896907 0.0888030888030888 0.17010309278350516
1 0.5173745173745173 0.39948453608247425 0.10810810810810811 0.10824742268041238
1 0.5540540540540541 0.3015463917525773 0.0888030888030888 0.12886597938144329
1 0.527027027027027 0.25257731958762886 0.05019305019305019 0.05154639175257732
1 0.528957528957529 0.18556701030927836 0.07722007722007722 0.10309278350515463
1 0.5868725868725869 0.20876288659793815 0.05405405405405406 0.05670103092783505
1 0.49613899613899615 0.10824742268041238 0.05019305019305019 0.07216494845360824
1 0.5463320463320464 0.07989690721649484 0.06563706563706563 0.0979381443298969
1 0.48455598455598453 0.03350515463917526 0.05791505791505792 0.06701030927835051
1 0.5328185328185329 0.01288659793814433 0.03861003861003861 0.02577319587628866
1 0.4305019305019305 0.07216494845360824 0.05791505791505792 0.08247422680412371
1 0.38803088803088803 0.12371134020618557 0.06563706563706563 0.10309278350515463
1 0.4420849420849421 0.18298969072164947 0.08108108108108109 0.0979381443298969
1 0.4613899613899614 0.25 0.08108108108108109 0.07731958762886598
1 0.4691119691119691 0.31443298969072164 0.06563706563706563 0.10309278350515463
1 0.42277992277992277 0.4252577319587629 0.06563706563706563 0.0979381443298969
1 0.3918918918918919 0.3556701030927835 0.0888030888030888 0.12371134020618557
1 0.38996138996138996 0.2912371134020619 0.06177606177606178 0.07731958762886598
1 0.3687258687258687 0.2268041237113402 0.07335907335907337 0.09278350515463918
1 0.3223938223938224 0.18041237113402062 0.07335907335907337 0.10309278350515463
1 0.31467181467181465 0.0979381443298969 0.07335907335907337 0.1134020618556701
1 0.37258687258687256 0.03608247422680412 0.09652509652509653 0.07216494845360824
1 0.34942084942084944 0.44587628865979384 0.07335907335907337 0.0979381443298969
1 0.30115830115830117 0.5515463917525774 0.09266409266409266 0.12371134020618557
1 0.2915057915057915 0.6778350515463918 0.10424710424710425 0.13917525773195877
1 0.22972972972972974 0.865979381443299 0.10424710424710425 0.1134020618556701
1 0.2915057915057915 0.8144329896907216 0.09652509652509653 0.13402061855670103
1 0.22586872586872586 0.9458762886597938 0.11196911196911197 0.0979381443298969
1 0.31467181467181465 0.9510309278350515 0.0888030888030888 0.08762886597938144
1 0.18146718146718147 0.8505154639175257 0.11583011583011583 0.10309278350515463
1 0.1138996138996139 0.9329896907216495 0.11969111969111969 0.12371134020618557
1 0.02702702702702703 0.9510309278350515 0.05405405405405406 0.08762886597938144
1 0.05405405405405406 0.8350515463917526 0.10810810810810811 0.18556701030927836
1 0.10231660231660232 0.7783505154639175 0.07335907335907337 0.12371134020618557
1 0.1891891891891892 0.729381443298969 0.13127413127413126 0.15979381443298968
1 0.1969111969111969 0.6185567010309279 0.07722007722007722 0.07216494845360824
1 0.21235521235521235 0.5412371134020618 0.06177606177606178 0.08247422680412371
1 0.11583011583011583 0.5876288659793815 0.138996138996139 0.17525773195876287
1 0.06756756756756757 0.6778350515463918 0.0888030888030888 0.12886597938144329
1 0.011583011583011582 0.6778350515463918 0.023166023166023165 0.11855670103092783
1 0.015444015444015444 0.5798969072164949 0.03088803088803089 0.07731958762886598
1 0.04633204633204633 0.520618556701031 0.08494208494208494 0.1134020618556701
1 0.138996138996139 0.520618556701031 0.09266409266409266 0.08247422680412371
1 0.13706563706563707 0.42010309278350516 0.10424710424710425 0.12886597938144329
1 0.16795366795366795 0.37371134020618557 0.09652509652509653 0.0979381443298969
1 0.25675675675675674 0.43041237113402064 0.11196911196911197 0.12886597938144329
1 0.24903474903474904 0.3582474226804124 0.05019305019305019 0.03608247422680412
1 0.3108108108108108 0.33505154639175255 0.08108108108108109 0.1134020618556701
1 0.05791505791505792 0.3943298969072165 0.09266409266409266 0.11855670103092783
1 0.015444015444015444 0.45618556701030927 0.03088803088803089 0.0979381443298969
1 0.138996138996139 0.2757731958762887 0.10038610038610038 0.11855670103092783
1 0.1891891891891892 0.20103092783505155 0.09266409266409266 0.13402061855670103
1 0.2644787644787645 0.21391752577319587 0.07335907335907337 0.08762886597938144
1 0.23166023166023167 0.2963917525773196 0.07722007722007722 0.0979381443298969
1 0.3088803088803089 0.2757731958762887 0.08494208494208494 0.06701030927835051
1 0.24517374517374518 0.13402061855670103 0.05791505791505792 0.08247422680412371
1 0.2702702702702703 0.05154639175257732 0.08494208494208494 0.09278350515463918
1 0.19884169884169883 0.09020618556701031 0.06563706563706563 0.07731958762886598
1 0.1138996138996139 0.18556701030927836 0.07335907335907337 0.07216494845360824
1 0.06177606177606178 0.1958762886597938 0.05405405405405406 0.07216494845360824
1 0.03088803088803089 0.26804123711340205 0.06177606177606178 0.08247422680412371
1 0.07722007722007722 0.3170103092783505 0.06177606177606178 0.06701030927835051
1 0.017374517374517374 0.18298969072164947 0.03474903474903475 0.10824742268041238
1 0.02702702702702703 0.12628865979381443 0.05405405405405406 0.07731958762886598
1 0.03474903474903475 0.09536082474226804 0.04633204633204633 0.06701030927835051
1 0.1274131274131274 0.11597938144329897 0.06177606177606178 0.06701030927835051
1 0.12934362934362933 0.04381443298969072 0.06563706563706563 0.07731958762886598
1 0.18725868725868725 0.03608247422680412 0.05791505791505792 0.05154639175257732
1 0.0444015444015444 0.04639175257731959 0.04247104247104247 0.041237113402061855
1 0.09073359073359073 0.08762886597938144 0.03474903474903475 0.05154639175257732
1 0.08494208494208494 0.13144329896907217 0.03088803088803089 0.04639175257731959
1 0.08687258687258688 0.04896907216494845 0.04247104247104247 0.03608247422680412