1 0.9329710144927537 0.9508196721311475 0.12681159420289856 0.08743169398907104
1 0.9818840579710145 0.8961748633879781 0.028985507246376812 0.0546448087431694
1 0.9293478260869565 0.7868852459016393 0.13405797101449277 0.25136612021857924
1 0.8858695652173914 0.6010928961748634 0.09782608695652174 0.12021857923497267
1 0.9601449275362319 0.5846994535519126 0.07246376811594203 0.24043715846994534
1 0.7880434782608695 0.6557377049180327 0.14855072463768115 0.2185792349726776
1 0.7807971014492754 0.7486338797814208 0.20652173913043478 0.30601092896174864
1 0.6684782608695652 0.7213114754098361 0.14130434782608695 0.17486338797814208
1 0.7952898550724637 0.907103825136612 0.16304347826086957 0.17486338797814208
1 0.8170289855072463 0.9699453551912568 0.09057971014492754 0.04918032786885246
1 0.9003623188405797 0.48633879781420764 0.15579710144927536 0.18579234972677597
1 0.967391304347826 0.4371584699453552 0.057971014492753624 0.06557377049180328
1 0.9601449275362319 0.3879781420765027 0.07246376811594203 0.04371584699453552
1 0.9021739130434783 0.38524590163934425 0.036231884057971016 0.0273224043715847
1 0.9329710144927537 0.33060109289617484 0.05434782608695652 0.10382513661202186
1 0.9764492753623188 0.3224043715846995 0.03985507246376811 0.1092896174863388
1 0.8876811594202898 0.33060109289617484 0.06521739130434782 0.10382513661202186
1 0.8804347826086957 0.2568306010928962 0.06521739130434782 0.04371584699453552
1 0.9130434782608695 0.19672131147540983 0.09420289855072464 0.13114754098360656
1 0.9710144927536232 0.22404371584699453 0.050724637681159424 0.1092896174863388
1 0.927536231884058 0.2677595628415301 0.028985507246376812 0.03278688524590164
1 0.7898550724637681 0.19672131147540983 0.08695652173913043 0.19672131147540983
1 0.8278985507246377 0.3087431693989071 0.09782608695652174 0.11475409836065574
1 0.7844202898550725 0.505464480874317 0.18478260869565216 0.366120218579235
1 0.8170289855072463 0.505464480874317 0.03985507246376811 0.03825136612021858
1 0.8405797101449275 0.5409836065573771 0.036231884057971016 0.03278688524590164
1 0.9565217391304348 0.10109289617486339 0.07971014492753623 0.1366120218579235
1 0.980072463768116 0.01912568306010929 0.03260869565217391 0.03825136612021858
1 0.9257246376811594 0.03278688524590164 0.05434782608695652 0.06557377049180328
1 0.8206521739130435 0.01366120218579235 0.05434782608695652 0.0273224043715847
1 0.8442028985507246 0.00546448087431694 0.13768115942028986 0.01092896174863388
1 0.8315217391304348 0.04371584699453552 0.12681159420289856 0.06557377049180328
1 0.8822463768115942 0.11748633879781421 0.06884057971014493 0.09289617486338798
1 0.822463768115942 0.08743169398907104 0.043478260869565216 0.06557377049180328
1 0.855072463768116 0.08469945355191257 0.06521739130434782 0.1366120218579235
1 0.7336956521739131 0.03825136612021858 0.05434782608695652 0.07650273224043716
1 0.7862318840579711 0.20491803278688525 0.08695652173913043 0.20218579234972678
1 0.7735507246376812 0.22404371584699453 0.05434782608695652 0.14207650273224043
1 0.7916666666666666 0.23497267759562843 0.11231884057971014 0.08743169398907104
1 0.822463768115942 0.1830601092896175 0.050724637681159424 0.03825136612021858
1 0.802536231884058 0.1366120218579235 0.04710144927536232 0.04371584699453552
1 0.7083333333333334 0.4453551912568306 0.09782608695652174 0.16939890710382513
1 0.7753623188405797 0.3989071038251366 0.06521739130434782 0.07650273224043716
1 0.7391304347826086 0.3825136612021858 0.028985507246376812 0.04371584699453552
1 0.75 0.33879781420765026 0.057971014492753624 0.0546448087431694
1 0.7137681159420289 0.3087431693989071 0.050724637681159424 0.060109289617486336
1 0.7065217391304348 0.34972677595628415 0.028985507246376812 0.04371584699453552
1 0.7336956521739131 0.25136612021857924 0.05434782608695652 0.0546448087431694
1 0.7010869565217391 0.22404371584699453 0.03260869565217391 0.0546448087431694
1 0.6739130434782609 0.23224043715846995 0.028985507246376812 0.04918032786885246
1 0.6394927536231884 0.2185792349726776 0.025362318840579712 0.03278688524590164
1 0.6141304347826086 0.1912568306010929 0.025362318840579712 0.03278688524590164
1 0.6014492753623188 0.17486338797814208 0.028985507246376812 0.0546448087431694
1 0.6521739130434783 0.1284153005464481 0.10869565217391304 0.14754098360655737
1 0.7554347826086957 0.10655737704918032 0.09057971014492754 0.060109289617486336
1 0.7264492753623188 0.15300546448087432 0.03985507246376811 0.04371584699453552
1 0.7264492753623188 0.19672131147540983 0.03985507246376811 0.04371584699453552
1 0.6431159420289855 0.060109289617486336 0.14855072463768115 0.0546448087431694
1 0.5760869565217391 0.0273224043715847 0.07246376811594203 0.0546448087431694
1 0.6213768115942029 0.02459016393442623 0.09782608695652174 0.04918032786885246
1 0.6865942028985508 0.01092896174863388 0.03260869565217391 0.02185792349726776
1 0.6394927536231884 0.3224043715846995 0.09782608695652174 0.07650273224043716
1 0.6503623188405797 0.2650273224043716 0.03260869565217391 0.04918032786885246
1 0.5742753623188406 0.2459016393442623 0.11231884057971014 0.07650273224043716
1 0.6231884057971014 0.49453551912568305 0.15942028985507245 0.22404371584699453
1 0.5887681159420289 0.6284153005464481 0.11231884057971014 0.12021857923497267
1 0.6594202898550725 0.726775956284153 0.12318840579710146 0.15300546448087432
1 0.8097826086956522 0.8278688524590164 0.15579710144927536 0.1366120218579235
1 0.677536231884058 0.8087431693989071 0.11594202898550725 0.15300546448087432
1 0.6684782608695652 0.9644808743169399 0.14130434782608695 0.060109289617486336
1 0.6032608695652174 0.9262295081967213 0.09782608695652174 0.12568306010928962
1 0.6721014492753623 0.907103825136612 0.06159420289855073 0.06557377049180328
1 0.6123188405797102 0.825136612021858 0.050724637681159424 0.09836065573770492
1 0.5416666666666666 0.8060109289617486 0.15579710144927536 0.2896174863387978
1 0.5235507246376812 0.953551912568306 0.09057971014492754 0.08196721311475409
1 0.45108695652173914 0.8770491803278688 0.09782608695652174 0.23497267759562843
1 0.48007246376811596 0.76775956284153 0.03985507246376811 0.060109289617486336
1 0.5543478260869565 0.6830601092896175 0.07246376811594203 0.0546448087431694
1 0.5163043478260869 0.6420765027322405 0.03260869565217391 0.060109289617486336
1 0.5054347826086957 0.5491803278688525 0.08333333333333333 0.1366120218579235
1 0.5471014492753623 0.453551912568306 0.043478260869565216 0.12021857923497267
1 0.3423913043478261 0.9262295081967213 0.11956521739130435 0.1366120218579235
1 0.27717391304347827 0.9644808743169399 0.018115942028985508 0.060109289617486336
1 0.2753623188405797 0.8579234972677595 0.10869565217391304 0.15300546448087432
1 0.375 0.7978142076502732 0.10507246376811594 0.15300546448087432
1 0.44565217391304346 0.6994535519125683 0.10144927536231885 0.12021857923497267
1 0.463768115942029 0.6284153005464481 0.07246376811594203 0.09836065573770492
1 0.447463768115942 0.5737704918032787 0.03985507246376811 0.07650273224043716
1 0.38768115942028986 0.5163934426229508 0.08695652173913043 0.09289617486338798
1 0.3677536231884058 0.6065573770491803 0.12681159420289856 0.12021857923497267
1 0.322463768115942 0.7049180327868853 0.12318840579710146 0.16393442622950818
1 0.21557971014492755 0.9262295081967213 0.09782608695652174 0.1366120218579235
1 0.10144927536231885 0.9562841530054644 0.15217391304347827 0.07650273224043716
1 0.11956521739130435 0.8715846994535519 0.13043478260869565 0.18032786885245902
1 0.20471014492753623 0.7896174863387978 0.09782608695652174 0.14754098360655737
1 0.25181159420289856 0.6612021857923497 0.11956521739130435 0.18579234972677597
1 0.3079710144927536 0.5601092896174863 0.07971014492753623 0.08196721311475409
1 0.2391304347826087 0.5327868852459017 0.050724637681159424 0.08196721311475409
1 0.21557971014492755 0.5081967213114754 0.05434782608695652 0.0546448087431694
1 0.18840579710144928 0.4426229508196721 0.050724637681159424 0.08743169398907104
1 0.19927536231884058 0.43169398907103823 0.050724637681159424 0.0546448087431694
1 0.11231884057971014 0.5027322404371585 0.13043478260869565 0.14207650273224043
1 0.10507246376811594 0.6612021857923497 0.14492753623188406 0.20765027322404372
1 0.14492753623188406 0.6666666666666666 0.08695652173913043 0.14207650273224043
1 0.10869565217391304 0.76775956284153 0.10144927536231885 0.09289617486338798
1 0.028985507246376812 0.8989071038251366 0.057971014492753624 0.1366120218579235
1 0.014492753623188406 0.9781420765027322 0.028985507246376812 0.03278688524590164
1 0.034420289855072464 0.8142076502732241 0.06884057971014493 0.09836065573770492
1 0.025362318840579712 0.6557377049180327 0.050724637681159424 0.16393442622950818
1 0.057971014492753624 0.5819672131147541 0.028985507246376812 0.0273224043715847
1 0.028985507246376812 0.5245901639344263 0.057971014492753624 0.1092896174863388
1 0.08514492753623189 0.3224043715846995 0.17028985507246377 0.273224043715847
1 0.23731884057971014 0.2650273224043716 0.17028985507246377 0.09289617486338798
1 0.41847826086956524 0.19672131147540983 0.09057971014492754 0.06557377049180328
1 0.35507246376811596 0.13934426229508196 0.12318840579710146 0.23497267759562843
1 0.3713768115942029 0.35792349726775957 0.05434782608695652 0.14754098360655737
1 0.2898550724637681 0.40437158469945356 0.14492753623188406 0.2185792349726776
1 0.45108695652173914 0.42349726775956287 0.12681159420289856 0.1912568306010929
1 0.5452898550724637 0.4453551912568306 0.03985507246376811 0.09289617486338798
1 0.532608695652174 0.3524590163934426 0.09420289855072464 0.08196721311475409
1 0.5597826086956522 0.3087431693989071 0.04710144927536232 0.060109289617486336
1 0.5942028985507246 0.28415300546448086 0.07246376811594203 0.06557377049180328
1 0.5344202898550725 0.1912568306010929 0.03260869565217391 0.04371584699453552
1 0.5706521739130435 0.13387978142076504 0.03985507246376811 0.07103825136612021
1 0.5652173913043478 0.19398907103825136 0.028985507246376812 0.060109289617486336
1 0.447463768115942 0.10655737704918032 0.08333333333333333 0.12568306010928962
1 0.4945652173913043 0.19398907103825136 0.04710144927536232 0.09289617486338798
1 0.5253623188405797 0.12021857923497267 0.057971014492753624 0.09836065573770492
1 0.5615942028985508 0.08469945355191257 0.050724637681159424 0.04918032786885246
1 0.5018115942028986 0.040983606557377046 0.07608695652173914 0.08196721311475409
1 0.447463768115942 0.02185792349726776 0.06884057971014493 0.04371584699453552
1 0.15760869565217392 0.10109289617486339 0.09057971014492754 0.1366120218579235
1 0.22644927536231885 0.19398907103825136 0.06159420289855073 0.07103825136612021
1 0.1956521739130435 0.2540983606557377 0.057971014492753624 0.04918032786885246
1 0.26811594202898553 0.16393442622950818 0.06521739130434782 0.1092896174863388
1 0.22282608695652173 0.11202185792349727 0.05434782608695652 0.07103825136612021
1 0.24456521739130435 0.04371584699453552 0.19927536231884058 0.08743169398907104
1 0.3786231884057971 0.0273224043715847 0.08333333333333333 0.0546448087431694
1 0.1105072463768116 0.0273224043715847 0.11231884057971014 0.0546448087431694
1 0.06159420289855073 0.07923497267759563 0.07971014492753623 0.10382513661202186
1 0.057971014492753624 0.15027322404371585 0.11594202898550725 0.09289617486338798
1 0.09420289855072464 0.2978142076502732 0.18840579710144928 0.3005464480874317
1 0.19202898550724637 0.33879781420765026 0.043478260869565216 0.03278688524590164
1 0.20108695652173914 0.3770491803278688 0.06159420289855073 0.0546448087431694
1 0.49818840579710144 0.4972677595628415 0.9963768115942029 0.994535519125683