1 0.4981203007518797 0.4470899470899471 0.943609022556391 0.8835978835978836
1 0.7218045112781954 0.6111111111111112 0.48872180451127817 0.544973544973545
1 0.6221804511278195 0.46825396825396826 0.5451127819548872 0.5873015873015873
1 0.47368421052631576 0.3888888888888889 0.5714285714285714 0.6084656084656085
1 0.35902255639097747 0.26455026455026454 0.5827067669172933 0.5291005291005291
1 0.2819548872180451 0.22486772486772486 0.5263157894736842 0.4497354497354497
1 0.041353383458646614 0.6878306878306878 0.08270676691729323 0.47619047619047616
1 0.15225563909774437 0.7222222222222222 0.13909774436090225 0.4074074074074074
1 0.2857142857142857 0.798941798941799 0.12030075187969924 0.26455026455026454
1 0.37593984962406013 0.8042328042328042 0.05263157894736842 0.24338624338624337
1 0.4548872180451128 0.8465608465608465 0.09774436090225563 0.1693121693121693
1 0.518796992481203 0.873015873015873 0.022556390977443608 0.10582010582010581
1 0.768796992481203 0.9021164021164021 0.4548872180451128 0.047619047619047616
1 0.8984962406015038 0.7751322751322751 0.19548872180451127 0.20634920634920634
1 0.768796992481203 0.8412698412698413 0.06390977443609022 0.07407407407407407
1 0.7819548872180451 0.7804232804232805 0.03759398496240601 0.047619047619047616
1 0.7142857142857143 0.8650793650793651 0.045112781954887216 0.026455026455026454
1 0.7274436090225563 0.8386243386243386 0.018796992481203006 0.026455026455026454
1 0.6860902255639098 0.873015873015873 0.011278195488721804 0.010582010582010581
1 0.7575187969924813 0.798941798941799 0.018796992481203006 0.021164021164021163
1 0.7894736842105263 0.746031746031746 0.022556390977443608 0.021164021164021163
1 0.9642857142857143 0.6296296296296297 0.06390977443609022 0.08465608465608465
1 0.9849624060150376 0.291005291005291 0.022556390977443608 0.582010582010582
1 0.8759398496240601 0.07671957671957672 0.24060150375939848 0.15343915343915343
1 0.9473684210526315 0.24867724867724866 0.09774436090225563 0.17989417989417988
1 0.6973684210526315 0.03968253968253968 0.11654135338345864 0.07936507936507936
1 0.18233082706766918 0.037037037037037035 0.36466165413533835 0.07407407407407407
1 0.009398496240601503 0.2566137566137566 0.018796992481203006 0.37566137566137564
1 0.08458646616541353 0.14814814814814814 0.12406015037593984 0.13756613756613756
1 0.20864661654135339 0.1164021164021164 0.11654135338345864 0.07407407407407407
1 0.287593984962406 0.09259259259259259 0.041353383458646614 0.037037037037037035
1 0.16917293233082706 0.1746031746031746 0.045112781954887216 0.031746031746031744
1 0.04887218045112782 0.24338624338624337 0.05263157894736842 0.05291005291005291