1 0.6879699248120301 0.7751322751322751 0.6165413533834586 0.1111111111111111
1 0.7105263157894737 0.7063492063492064 0.5488721804511278 0.12169312169312169
1 0.8665413533834586 0.8994708994708994 0.2593984962406015 0.19047619047619047
1 0.6334586466165414 0.9126984126984127 0.24436090225563908 0.164021164021164
1 0.48120300751879697 0.9126984126984127 0.3007518796992481 0.164021164021164
1 0.31203007518796994 0.8201058201058201 0.20300751879699247 0.24338624338624337
1 0.18233082706766918 0.9285714285714286 0.36466165413533835 0.13227513227513227
1 0.12030075187969924 0.8148148148148148 0.24060150375939848 0.19047619047619047
1 0.15977443609022557 0.7116402116402116 0.018796992481203006 0.026455026455026454
1 0.08834586466165413 0.6851851851851852 0.11654135338345864 0.1111111111111111
1 0.18045112781954886 0.6296296296296297 0.12030075187969924 0.14814814814814814
1 0.24812030075187969 0.6640211640211641 0.15037593984962405 0.14285714285714285
1 0.37593984962406013 0.6693121693121693 0.22556390977443608 0.10052910052910052
1 0.36278195488721804 0.5925925925925926 0.08646616541353383 0.09523809523809523
1 0.4868421052631579 0.6005291005291006 0.17669172932330826 0.13227513227513227
1 0.6146616541353384 0.6190476190476191 0.07894736842105263 0.06349206349206349
1 0.7255639097744361 0.6375661375661376 0.12781954887218044 0.06878306878306878
1 0.8740601503759399 0.6613756613756614 0.24436090225563908 0.13756613756613756
1 0.9661654135338346 0.5608465608465608 0.06015037593984962 0.12698412698412698
1 0.8214285714285714 0.5608465608465608 0.22180451127819548 0.12698412698412698
1 0.6409774436090225 0.5423280423280423 0.14661654135338345 0.164021164021164
1 0.5300751879699248 0.43915343915343913 0.15037593984962405 0.20105820105820105
1 0.5921052631578947 0.455026455026455 0.05639097744360902 0.06349206349206349
1 0.6560150375939849 0.3994708994708995 0.10150375939849623 0.14285714285714285
1 0.013157894736842105 0.6878306878306878 0.02631578947368421 0.07407407407407407
1 0.05451127819548872 0.6031746031746031 0.10902255639097744 0.13756613756613756
1 0.20676691729323307 0.48677248677248675 0.18796992481203006 0.24338624338624337
1 0.11090225563909774 0.5211640211640212 0.13157894736842105 0.24867724867724866
1 0.2706766917293233 0.5238095238095238 0.18796992481203006 0.2328042328042328
1 0.41353383458646614 0.31216931216931215 0.24060150375939848 0.38095238095238093
1 0.7556390977443609 0.3386243386243386 0.10526315789473684 0.25396825396825395
1 0.8890977443609023 0.4126984126984127 0.21428571428571427 0.17989417989417988
1 0.9605263157894737 0.30687830687830686 0.07142857142857142 0.19047619047619047
1 0.599624060150376 0.28835978835978837 0.19924812030075187 0.14285714285714285
1 0.015037593984962405 0.5317460317460317 0.03007518796992481 0.07936507936507936
1 0.039473684210526314 0.4523809523809524 0.07894736842105263 0.15343915343915343
1 0.09774436090225563 0.3253968253968254 0.14285714285714285 0.21693121693121692
1 0.020676691729323307 0.3333333333333333 0.041353383458646614 0.10582010582010581
1 0.20676691729323307 0.31746031746031744 0.11278195488721804 0.1693121693121693
1 0.21052631578947367 0.20634920634920634 0.11278195488721804 0.10582010582010581
1 0.3082706766917293 0.2777777777777778 0.12781954887218044 0.1746031746031746
1 0.2725563909774436 0.12433862433862433 0.19172932330827067 0.13227513227513227
1 0.5 0.17724867724867724 0.24812030075187969 0.13227513227513227
1 0.7669172932330827 0.18783068783068782 0.3383458646616541 0.291005291005291