1 0.42938931297709926 0.7682291666666666 0.3320610687022901 0.2552083333333333
1 0.7022900763358778 0.71875 0.26717557251908397 0.3541666666666667
1 0.8816793893129771 0.7734375 0.22900763358778625 0.24479166666666666
1 0.8301526717557252 0.4661458333333333 0.3320610687022901 0.6197916666666666
1 0.7309160305343512 0.5182291666666666 0.13358778625954199 0.2552083333333333
1 0.5515267175572519 0.5494791666666666 0.2099236641221374 0.265625
1 0.12404580152671756 0.8020833333333334 0.2480916030534351 0.19791666666666666
1 0.21755725190839695 0.7942708333333334 0.07633587786259542 0.078125
1 0.23091603053435114 0.8697916666666666 0.04961832061068702 0.0625
1 0.2729007633587786 0.7265625 0.07251908396946564 0.08854166666666667
1 0.05916030534351145 0.5703125 0.1183206106870229 0.2864583333333333
1 0.18893129770992367 0.6119791666666666 0.31679389312977096 0.3489583333333333
1 0.08396946564885496 0.3958333333333333 0.16793893129770993 0.2916666666666667
1 0.10305343511450382 0.2604166666666667 0.20610687022900764 0.3645833333333333
1 0.20419847328244276 0.578125 0.4083969465648855 0.3958333333333333
1 0.12022900763358779 0.125 0.24045801526717558 0.25
1 0.33396946564885494 0.052083333333333336 0.16412213740458015 0.10416666666666667
1 0.44274809160305345 0.14583333333333334 0.16793893129770993 0.2916666666666667
1 0.5629770992366412 0.11197916666666667 0.14885496183206107 0.22395833333333334
1 0.6641221374045801 0.21875 0.183206106870229 0.28125
1 0.8568702290076335 0.17447916666666666 0.21755725190839695 0.21354166666666666
1 0.6202290076335878 0.3645833333333333 0.31679389312977096 0.2708333333333333
1 0.9713740458015268 0.1171875 0.04961832061068702 0.234375
1 0.8969465648854962 0.052083333333333336 0.1984732824427481 0.10416666666666667
1 0.7137404580152672 0.0546875 0.1984732824427481 0.109375
1 0.39122137404580154 0.5885416666666666 0.08015267175572519 0.10416666666666667
1 0.44274809160305345 0.5416666666666666 0.06870229007633588 0.08333333333333333
1 0.3988549618320611 0.4791666666666667 0.07251908396946564 0.10416666666666667
1 0.4351145038167939 0.4401041666666667 0.061068702290076333 0.09895833333333333
1 0.3320610687022901 0.53125 0.08396946564885496 0.10416666666666667
1 0.2919847328244275 0.4296875 0.07251908396946564 0.109375
1 0.3511450381679389 0.4088541666666667 0.06870229007633588 0.08854166666666667
1 0.3988549618320611 0.3723958333333333 0.05725190839694656 0.078125
1 0.2652671755725191 0.4661458333333333 0.05725190839694656 0.08854166666666667
1 0.22709923664122136 0.3776041666666667 0.03435114503816794 0.06770833333333333
1 0.2652671755725191 0.3411458333333333 0.08015267175572519 0.09895833333333333
1 0.3377862595419847 0.3072916666666667 0.07251908396946564 0.11458333333333333
1 0.3931297709923664 0.2916666666666667 0.061068702290076333 0.08333333333333333
1 0.3931297709923664 0.20833333333333334 0.061068702290076333 0.09375
1 0.33587786259541985 0.19791666666666666 0.06870229007633588 0.10416666666666667
1 0.33969465648854963 0.13802083333333334 0.05343511450381679 0.036458333333333336
1 0.31679389312977096 0.1171875 0.06870229007633588 0.078125
1 0.2652671755725191 0.1640625 0.08778625954198473 0.09895833333333333
1 0.24045801526717558 0.2421875 0.07633587786259542 0.08854166666666667
1 0.20419847328244276 0.1796875 0.05725190839694656 0.078125
1 0.1851145038167939 0.2682291666666667 0.08015267175572519 0.08854166666666667
1 0.13549618320610687 0.044270833333333336 0.0648854961832061 0.06770833333333333
1 0.1984732824427481 0.046875 0.05343511450381679 0.041666666666666664
1 0.22137404580152673 0.10416666666666667 0.06870229007633588 0.0625
1 0.49809160305343514 0.4505208333333333 0.9961832061068703 0.9010416666666666