1 0.8272727272727273 0.8142076502732241 0.3381818181818182 0.36065573770491804
1 0.9218181818181819 0.5901639344262295 0.06181818181818182 0.06557377049180328
1 0.8745454545454545 0.6147540983606558 0.06181818181818182 0.060109289617486336
1 0.92 0.6229508196721312 0.02909090909090909 0.04371584699453552
1 0.8109090909090909 0.5846994535519126 0.05818181818181818 0.15300546448087432
1 0.7763636363636364 0.6639344262295082 0.07636363636363637 0.060109289617486336
1 0.7418181818181818 0.6092896174863388 0.03636363636363636 0.07103825136612021
1 0.27454545454545454 0.6065573770491803 0.06181818181818182 0.06557377049180328
1 0.9472727272727273 0.2786885245901639 0.09818181818181818 0.2185792349726776
1 0.769090909090909 0.5573770491803278 0.06909090909090909 0.09836065573770492
1 0.8054545454545454 0.5163934426229508 0.04 0.04918032786885246
1 0.8709090909090909 0.505464480874317 0.09090909090909091 0.03825136612021858
1 0.8709090909090909 0.5546448087431693 0.09818181818181818 0.07103825136612021
1 0.7636363636363637 0.4918032786885246 0.03636363636363636 0.06557377049180328
1 0.8018181818181818 0.4808743169398907 0.04 0.03278688524590164
1 0.7218181818181818 0.5027322404371585 0.04727272727272727 0.0546448087431694
1 0.7363636363636363 0.453551912568306 0.03272727272727273 0.06557377049180328
1 0.76 0.4426229508196721 0.014545454545454545 0.03278688524590164
1 0.7290909090909091 0.38524590163934425 0.04 0.09289617486338798
1 0.6909090909090909 0.44808743169398907 0.05090909090909091 0.0546448087431694
1 0.6963636363636364 0.39617486338797814 0.025454545454545455 0.08196721311475409
1 0.66 0.36065573770491804 0.025454545454545455 0.02185792349726776
1 0.68 0.3797814207650273 0.014545454545454545 0.01639344262295082
1 0.6527272727272727 0.3989071038251366 0.04727272727272727 0.04371584699453552
1 0.6436363636363637 0.4344262295081967 0.05090909090909091 0.0273224043715847
1 0.9363636363636364 0.5628415300546448 0.12 0.24043715846994534
1 0.8654545454545455 0.28688524590163933 0.08 0.1912568306010929
1 0.74 0.18579234972677597 0.24363636363636362 0.37158469945355194
1 0.8181818181818182 0.42349726775956287 0.12363636363636364 0.12568306010928962
1 0.6 0.2185792349726776 0.10181818181818182 0.18579234972677597
1 0.5436363636363636 0.24863387978142076 0.08363636363636363 0.1366120218579235
1 0.5581818181818182 0.3743169398907104 0.12 0.12568306010928962
1 0.64 0.5710382513661202 0.18181818181818182 0.2568306010928962
1 0.42 0.5983606557377049 0.2509090909090909 0.2568306010928962
1 0.56 0.7814207650273224 0.32 0.4262295081967213
1 0.08363636363636363 0.5846994535519126 0.16727272727272727 0.17486338797814208
1 0.0890909090909091 0.226775956284153 0.1781818181818182 0.43169398907103823
1 0.3054545454545455 0.19672131147540983 0.2545454545454545 0.39344262295081966
1 0.4672727272727273 0.27595628415300544 0.05454545454545454 0.16939890710382513
1 0.14 0.48360655737704916 0.06181818181818182 0.09289617486338798
1 0.18 0.46174863387978143 0.05454545454545454 0.08196721311475409
1 0.27454545454545454 0.45901639344262296 0.05454545454545454 0.06557377049180328
1 0.22727272727272727 0.43989071038251365 0.04727272727272727 0.07103825136612021
1 0.28545454545454546 0.4262295081967213 0.05454545454545454 0.06557377049180328
1 0.32727272727272727 0.4262295081967213 0.02909090909090909 0.0546448087431694
1 0.37636363636363634 0.4098360655737705 0.04727272727272727 0.04371584699453552
1 0.4090909090909091 0.4016393442622951 0.025454545454545455 0.04918032786885246
1 0.43454545454545457 0.41530054644808745 0.025454545454545455 0.04371584699453552
1 0.3781818181818182 0.453551912568306 0.05090909090909091 0.04371584699453552
1 0.27090909090909093 0.5382513661202186 0.06909090909090909 0.060109289617486336
1 0.24909090909090909 0.5956284153005464 0.05454545454545454 0.06557377049180328
1 0.19090909090909092 0.5710382513661202 0.06909090909090909 0.07103825136612021
1 0.22363636363636363 0.5273224043715847 0.04727272727272727 0.060109289617486336
1 0.20727272727272728 0.8169398907103825 0.41454545454545455 0.3551912568306011