1 0.4980694980694981 0.10309278350515463 0.03088803088803089 0.05154639175257732
1 0.5328185328185329 0.1134020618556701 0.03088803088803089 0.041237113402061855
1 0.6003861003861004 0.1134020618556701 0.04247104247104247 0.05154639175257732
1 0.638996138996139 0.12886597938144329 0.04247104247104247 0.05154639175257732
1 0.694980694980695 0.23711340206185566 0.03088803088803089 0.05154639175257732
1 0.7316602316602316 0.21391752577319587 0.02702702702702703 0.04639175257731959
1 0.7297297297297297 0.2603092783505155 0.023166023166023165 0.02577319587628866
1 0.638996138996139 0.211340206185567 0.04247104247104247 0.07216494845360824
1 0.6081081081081081 0.16752577319587628 0.05019305019305019 0.04639175257731959
1 0.5444015444015444 0.14948453608247422 0.06177606177606178 0.041237113402061855
1 0.5656370656370656 0.18814432989690721 0.05019305019305019 0.07731958762886598
1 0.46332046332046334 0.1211340206185567 0.03861003861003861 0.03608247422680412
1 0.42857142857142855 0.12886597938144329 0.023166023166023165 0.020618556701030927
1 0.41505791505791506 0.20103092783505155 0.05019305019305019 0.08247422680412371
1 0.47876447876447875 0.17525773195876287 0.0694980694980695 0.061855670103092786
1 0.5212355212355212 0.22422680412371135 0.07722007722007722 0.06701030927835051
1 0.527027027027027 0.18556701030927836 0.02702702702702703 0.020618556701030927
1 0.5386100386100386 0.15206185567010308 0.05019305019305019 0.03608247422680412
1 0.5868725868725869 0.24742268041237114 0.05405405405405406 0.05154639175257732
1 0.6351351351351351 0.28350515463917525 0.04247104247104247 0.07216494845360824
1 0.583011583011583 0.2963917525773196 0.05405405405405406 0.03608247422680412
1 0.5675675675675675 0.31958762886597936 0.03088803088803089 0.020618556701030927
1 0.5791505791505791 0.3427835051546392 0.03861003861003861 0.04639175257731959
1 0.5463320463320464 0.32216494845360827 0.02702702702702703 0.02577319587628866
1 0.5444015444015444 0.36597938144329895 0.04633204633204633 0.05154639175257732
1 0.5077220077220077 0.3479381443298969 0.04247104247104247 0.03608247422680412
1 0.5366795366795367 0.2963917525773196 0.03088803088803089 0.04639175257731959
1 0.5077220077220077 0.2757731958762887 0.04247104247104247 0.04639175257731959
1 0.5482625482625483 0.27319587628865977 0.04633204633204633 0.030927835051546393
1 0.4671814671814672 0.3118556701030928 0.03861003861003861 0.03608247422680412
1 0.5 0.3118556701030928 0.03474903474903475 0.015463917525773196
1 0.4420849420849421 0.2757731958762887 0.05791505791505792 0.04639175257731959
1 0.4671814671814672 0.22164948453608246 0.04633204633204633 0.041237113402061855
1 0.416988416988417 0.32216494845360827 0.03088803088803089 0.02577319587628866
1 0.44015444015444016 0.38144329896907214 0.03088803088803089 0.041237113402061855
1 0.3918918918918919 0.2860824742268041 0.019305019305019305 0.015463917525773196
1 0.3667953667953668 0.4896907216494845 0.05405405405405406 0.05154639175257732
1 0.18532818532818532 0.23969072164948454 0.06177606177606178 0.05670103092783505
1 0.21042471042471042 0.2654639175257732 0.06563706563706563 0.05670103092783505
1 0.19498069498069498 0.30670103092783507 0.05019305019305019 0.02577319587628866
1 0.1525096525096525 0.3170103092783505 0.05019305019305019 0.06701030927835051
1 0.26833976833976836 0.2654639175257732 0.04247104247104247 0.05670103092783505
1 0.3030888030888031 0.23969072164948454 0.07335907335907337 0.0979381443298969
1 0.3552123552123552 0.2268041237113402 0.06177606177606178 0.041237113402061855
1 0.3918918918918919 0.2190721649484536 0.02702702702702703 0.04639175257731959
1 0.3841698841698842 0.2654639175257732 0.08108108108108109 0.05670103092783505
1 0.361003861003861 0.31443298969072164 0.04247104247104247 0.05154639175257732
1 0.3223938223938224 0.30927835051546393 0.03474903474903475 0.030927835051546393
1 0.3745173745173745 0.36082474226804123 0.03861003861003861 0.030927835051546393
1 0.15637065637065636 0.38402061855670105 0.06563706563706563 0.05670103092783505
1 0.2335907335907336 0.32216494845360827 0.03474903474903475 0.04639175257731959
1 0.10810810810810811 0.38402061855670105 0.03088803088803089 0.03608247422680412
1 0.09845559845559845 0.4948453608247423 0.04247104247104247 0.030927835051546393
1 0.13127413127413126 0.41494845360824745 0.06177606177606178 0.04639175257731959
1 0.15444015444015444 0.5 0.06177606177606178 0.10309278350515463
1 0.20656370656370657 0.44587628865979384 0.08108108108108109 0.08762886597938144
1 0.24517374517374518 0.4175257731958763 0.05791505791505792 0.08247422680412371
1 0.2644787644787645 0.3479381443298969 0.06563706563706563 0.08762886597938144
1 0.3166023166023166 0.4587628865979381 0.09266409266409266 0.07216494845360824
1 0.3359073359073359 0.38144329896907214 0.07722007722007722 0.08247422680412371
1 0.4015444015444015 0.41494845360824745 0.06177606177606178 0.06701030927835051
1 0.27606177606177607 0.4742268041237113 0.06563706563706563 0.07216494845360824
1 0.31467181467181465 0.5644329896907216 0.05019305019305019 0.0979381443298969
1 0.2799227799227799 0.5773195876288659 0.05019305019305019 0.10309278350515463
1 0.18725868725868725 0.5798969072164949 0.07335907335907337 0.06701030927835051
1 0.18532818532818532 0.6675257731958762 0.04633204633204633 0.07731958762886598
1 0.23552123552123552 0.6417525773195877 0.06177606177606178 0.07731958762886598
1 0.7200772200772201 0.2963917525773196 0.03474903474903475 0.03608247422680412
1 0.6911196911196911 0.33505154639175255 0.03088803088803089 0.030927835051546393
1 0.666023166023166 0.327319587628866 0.02702702702702703 0.03608247422680412
1 0.6216216216216216 0.3479381443298969 0.05405405405405406 0.05670103092783505
1 0.6447876447876448 0.36597938144329895 0.03088803088803089 0.030927835051546393
1 0.6737451737451737 0.3634020618556701 0.04247104247104247 0.04639175257731959
1 0.6776061776061776 0.38144329896907214 0.02702702702702703 0.020618556701030927
1 0.7046332046332047 0.36597938144329895 0.03474903474903475 0.05154639175257732
1 0.7567567567567568 0.3479381443298969 0.06177606177606178 0.04639175257731959
1 0.7741312741312741 0.3917525773195876 0.04247104247104247 0.05154639175257732
1 0.7992277992277992 0.4097938144329897 0.03088803088803089 0.03608247422680412
1 0.8455598455598455 0.41494845360824745 0.03861003861003861 0.05670103092783505
1 0.8166023166023166 0.5876288659793815 0.03474903474903475 0.041237113402061855
1 0.7876447876447876 0.5154639175257731 0.023166023166023165 0.030927835051546393
1 0.7702702702702703 0.5489690721649485 0.02702702702702703 0.03608247422680412
1 0.7818532818532818 0.5902061855670103 0.03474903474903475 0.03608247422680412
1 0.7413127413127413 0.5670103092783505 0.023166023166023165 0.020618556701030927
1 0.7432432432432432 0.5876288659793815 0.02702702702702703 0.020618556701030927
1 0.7451737451737451 0.6211340206185567 0.03088803088803089 0.02577319587628866
1 0.7548262548262549 0.6881443298969072 0.02702702702702703 0.04639175257731959
1 0.7027027027027027 0.5979381443298969 0.03088803088803089 0.041237113402061855
1 0.7162162162162162 0.6494845360824743 0.04247104247104247 0.041237113402061855
1 0.7374517374517374 0.7603092783505154 0.03861003861003861 0.03608247422680412
1 0.7258687258687259 0.6881443298969072 0.023166023166023165 0.04639175257731959
1 0.5772200772200772 0.3917525773195876 0.03474903474903475 0.041237113402061855
1 0.5772200772200772 0.42783505154639173 0.04247104247104247 0.041237113402061855
1 0.5501930501930502 0.4072164948453608 0.05019305019305019 0.041237113402061855
1 0.5675675675675675 0.45103092783505155 0.03861003861003861 0.03608247422680412
1 0.5386100386100386 0.46649484536082475 0.03474903474903475 0.03608247422680412
1 0.6081081081081081 0.4639175257731959 0.05019305019305019 0.041237113402061855
1 0.6274131274131274 0.4175257731958763 0.05791505791505792 0.061855670103092786
1 0.6621621621621622 0.4329896907216495 0.04247104247104247 0.041237113402061855
1 0.6312741312741312 0.4845360824742268 0.03474903474903475 0.041237113402061855
1 0.6505791505791506 0.47164948453608246 0.03474903474903475 0.03608247422680412
1 0.6718146718146718 0.4793814432989691 0.03088803088803089 0.05154639175257732
1 0.6872586872586872 0.4536082474226804 0.03088803088803089 0.05154639175257732
1 0.7065637065637066 0.48195876288659795 0.023166023166023165 0.02577319587628866
1 0.693050193050193 0.5180412371134021 0.03474903474903475 0.04639175257731959
1 0.6583011583011583 0.5412371134020618 0.04247104247104247 0.041237113402061855
1 0.6467181467181468 0.5257731958762887 0.03474903474903475 0.041237113402061855
1 0.6177606177606177 0.538659793814433 0.03088803088803089 0.04639175257731959
1 0.6254826254826255 0.5773195876288659 0.03088803088803089 0.041237113402061855
1 0.6525096525096525 0.5747422680412371 0.03088803088803089 0.03608247422680412
1 0.5965250965250966 0.5180412371134021 0.05019305019305019 0.06701030927835051
1 0.6698841698841699 0.6211340206185567 0.03474903474903475 0.04639175257731959
1 0.6351351351351351 0.6185567010309279 0.05019305019305019 0.041237113402061855
1 0.6332046332046332 0.6649484536082474 0.03088803088803089 0.05154639175257732
1 0.6640926640926641 0.6520618556701031 0.03861003861003861 0.03608247422680412
1 0.6872586872586872 0.6804123711340206 0.04633204633204633 0.05154639175257732
1 0.6988416988416989 0.711340206185567 0.03088803088803089 0.030927835051546393
1 0.6891891891891891 0.7422680412371134 0.03474903474903475 0.030927835051546393
1 0.6486486486486487 0.729381443298969 0.04633204633204633 0.04639175257731959
1 0.6158301158301158 0.7061855670103093 0.02702702702702703 0.030927835051546393
1 0.5926640926640927 0.6314432989690721 0.03474903474903475 0.04639175257731959
1 0.5868725868725869 0.6804123711340206 0.03861003861003861 0.030927835051546393
1 0.5926640926640927 0.711340206185567 0.03474903474903475 0.010309278350515464
1 0.5888030888030888 0.7577319587628866 0.03474903474903475 0.030927835051546393
1 0.5540540540540541 0.6804123711340206 0.019305019305019305 0.020618556701030927
1 0.555984555984556 0.6443298969072165 0.03088803088803089 0.020618556701030927
1 0.5579150579150579 0.6185567010309279 0.011583011583011582 0.020618556701030927
1 0.5733590733590733 0.5979381443298969 0.03474903474903475 0.05154639175257732
1 0.527027027027027 0.5670103092783505 0.019305019305019305 0.05154639175257732
1 0.5135135135135135 0.5051546391752577 0.03088803088803089 0.041237113402061855
1 0.4942084942084942 0.4742268041237113 0.03088803088803089 0.05154639175257732
1 0.47104247104247104 0.5644329896907216 0.04633204633204633 0.04639175257731959
1 0.5115830115830116 0.5695876288659794 0.04247104247104247 0.03608247422680412
1 0.4343629343629344 0.5541237113402062 0.02702702702702703 0.03608247422680412
1 0.4111969111969112 0.538659793814433 0.019305019305019305 0.03608247422680412
1 0.4691119691119691 0.44587628865979384 0.011583011583011582 0.02577319587628866
1 0.5096525096525096 0.44329896907216493 0.023166023166023165 0.041237113402061855
1 0.41505791505791506 0.6030927835051546 0.03474903474903475 0.05154639175257732
1 0.44787644787644787 0.6185567010309279 0.023166023166023165 0.05154639175257732
1 0.47876447876447875 0.6185567010309279 0.03861003861003861 0.061855670103092786
1 0.42857142857142855 0.6572164948453608 0.03088803088803089 0.03608247422680412
1 0.4613899613899614 0.6675257731958762 0.02702702702702703 0.02577319587628866
1 0.525096525096525 0.634020618556701 0.023166023166023165 0.030927835051546393
1 0.5077220077220077 0.6030927835051546 0.02702702702702703 0.020618556701030927
1 0.5424710424710425 0.6134020618556701 0.02702702702702703 0.030927835051546393
1 0.5019305019305019 0.6701030927835051 0.023166023166023165 0.030927835051546393
1 0.525096525096525 0.6829896907216495 0.023166023166023165 0.03608247422680412
1 0.3745173745173745 0.7396907216494846 0.05405405405405406 0.04639175257731959
1 0.3687258687258687 0.8247422680412371 0.03474903474903475 0.041237113402061855
1 0.40540540540540543 0.8170103092783505 0.03088803088803089 0.03608247422680412
1 0.39575289575289574 0.7757731958762887 0.03474903474903475 0.03608247422680412
1 0.42084942084942084 0.7835051546391752 0.023166023166023165 0.030927835051546393
1 0.40733590733590735 0.75 0.02702702702702703 0.03608247422680412
1 0.43822393822393824 0.7448453608247423 0.019305019305019305 0.02577319587628866
1 0.4343629343629344 0.6907216494845361 0.02702702702702703 0.030927835051546393
1 0.44594594594594594 0.7242268041237113 0.02702702702702703 0.02577319587628866
1 0.47104247104247104 0.7010309278350515 0.015444015444015444 0.020618556701030927
1 0.4922779922779923 0.7139175257731959 0.019305019305019305 0.02577319587628866
1 0.4575289575289575 0.7551546391752577 0.02702702702702703 0.04639175257731959
1 0.4922779922779923 0.7474226804123711 0.02702702702702703 0.041237113402061855
1 0.5173745173745173 0.7525773195876289 0.023166023166023165 0.030927835051546393
1 0.527027027027027 0.7268041237113402 0.03474903474903475 0.030927835051546393
1 0.5424710424710425 0.7525773195876289 0.019305019305019305 0.020618556701030927
1 0.5656370656370656 0.7551546391752577 0.019305019305019305 0.04639175257731959
1 0.5965250965250966 0.7989690721649485 0.03474903474903475 0.020618556701030927
1 0.6254826254826255 0.7938144329896907 0.015444015444015444 0.020618556701030927
1 0.6293436293436293 0.7577319587628866 0.03088803088803089 0.030927835051546393
1 0.6467181467181468 0.7835051546391752 0.03474903474903475 0.030927835051546393
1 0.666023166023166 0.770618556701031 0.03474903474903475 0.02577319587628866
1 0.5868725868725869 0.8221649484536082 0.023166023166023165 0.03608247422680412
1 0.5752895752895753 0.8479381443298969 0.03088803088803089 0.03608247422680412
1 0.6254826254826255 0.8324742268041238 0.023166023166023165 0.03608247422680412
1 0.5637065637065637 0.8324742268041238 0.03088803088803089 0.03608247422680412
1 0.6023166023166023 0.8891752577319587 0.023166023166023165 0.03608247422680412
1 0.5405405405405406 0.7938144329896907 0.03861003861003861 0.041237113402061855
1 0.5077220077220077 0.7963917525773195 0.02702702702702703 0.04639175257731959
1 0.5115830115830116 0.8402061855670103 0.05019305019305019 0.030927835051546393
1 0.5077220077220077 0.8711340206185567 0.03474903474903475 0.041237113402061855
1 0.4768339768339768 0.8505154639175257 0.02702702702702703 0.041237113402061855
1 0.444015444015444 0.8556701030927835 0.03088803088803089 0.030927835051546393
1 0.444015444015444 0.8221649484536082 0.023166023166023165 0.02577319587628866
1 0.4691119691119691 0.7938144329896907 0.05019305019305019 0.05154639175257732
1 0.416988416988417 0.5489690721649485 0.13127413127413126 0.2422680412371134