1 0.7857142857142857 0.5438144329896907 0.3436293436293436 0.23195876288659795
1 0.3185328185328185 0.18041237113402062 0.20463320463320464 0.20618556701030927
1 0.444015444015444 0.36855670103092786 0.10810810810810811 0.12886597938144329
1 0.4034749034749035 0.2860824742268041 0.13513513513513514 0.0979381443298969
1 0.30115830115830117 0.3118556701030928 0.10810810810810811 0.0979381443298969
1 0.35714285714285715 0.33762886597938147 0.05019305019305019 0.04639175257731959
1 0.24517374517374518 0.33505154639175255 0.09652509652509653 0.12371134020618557
1 0.2471042471042471 0.520618556701031 0.13127413127413126 0.1134020618556701
1 0.3204633204633205 0.5670103092783505 0.07722007722007722 0.08247422680412371
1 0.2702702702702703 0.6726804123711341 0.0694980694980695 0.11855670103092783
1 0.3532818532818533 0.5257731958762887 0.11196911196911197 0.1134020618556701
1 0.23938223938223938 0.4329896907216495 0.10038610038610038 0.07216494845360824
1 0.3223938223938224 0.03865979381443299 0.07335907335907337 0.07731958762886598
1 0.4826254826254826 0.4896907216494845 0.6795366795366795 0.9278350515463918
1 0.88996138996139 0.3711340206185567 0.0888030888030888 0.18556701030927836