1 0.750965250965251 0.5335051546391752 0.49034749034749037 0.7164948453608248
1 0.46525096525096526 0.6829896907216495 0.10424710424710425 0.10824742268041238
1 0.5135135135135135 0.75 0.07722007722007722 0.0979381443298969
1 0.5637065637065637 0.8067010309278351 0.05405405405405406 0.07731958762886598
1 0.528957528957529 0.8298969072164949 0.08494208494208494 0.07216494845360824
1 0.4092664092664093 0.7731958762886598 0.16988416988416988 0.13402061855670103
1 0.444015444015444 0.8582474226804123 0.11583011583011583 0.04639175257731959
1 0.2953667953667954 0.8427835051546392 0.18146718146718147 0.08762886597938144
1 0.35714285714285715 0.7190721649484536 0.11969111969111969 0.13917525773195877
1 0.35714285714285715 0.6649484536082474 0.16602316602316602 0.13402061855670103
1 0.22007722007722008 0.7938144329896907 0.16216216216216217 0.15463917525773196
1 0.1718146718146718 0.7628865979381443 0.13513513513513514 0.1958762886597938
1 0.2548262548262548 0.6701030927835051 0.10810810810810811 0.08247422680412371
1 0.32432432432432434 0.5025773195876289 0.2084942084942085 0.211340206185567
1 0.4517374517374517 0.47680412371134023 0.14671814671814673 0.14948453608247422
1 0.24324324324324326 0.5051546391752577 0.20077220077220076 0.1958762886597938
1 0.08687258687258688 0.5850515463917526 0.17374517374517376 0.17010309278350516
1 0.1718146718146718 0.6030927835051546 0.09652509652509653 0.061855670103092786
1 0.03861003861003861 0.7525773195876289 0.07722007722007722 0.15463917525773196
1 0.07142857142857142 0.7835051546391752 0.14285714285714285 0.2268041237113402
1 0.971042471042471 0.6649484536082474 0.05019305019305019 0.09278350515463918
1 0.7625482625482626 0.27835051546391754 0.05791505791505792 0.061855670103092786
1 0.6293436293436293 0.49742268041237114 0.0694980694980695 0.04639175257731959