1 0.8803088803088803 0.14690721649484537 0.23166023166023167 0.29381443298969073
1 0.693050193050193 0.13402061855670103 0.20463320463320464 0.25773195876288657
1 0.4942084942084942 0.4948453608247423 0.416988416988417 0.5773195876288659
1 0.5714285714285714 0.8814432989690721 0.21621621621621623 0.2268041237113402
1 0.5482625482625483 0.04639175257731959 0.12355212355212356 0.09278350515463918
1 0.5733590733590733 0.13917525773195877 0.13513513513513514 0.14432989690721648
1 0.3359073359073359 0.2809278350515464 0.10038610038610038 0.13917525773195877
1 0.4092664092664093 0.18298969072164947 0.10038610038610038 0.13917525773195877
1 0.4922779922779923 0.19329896907216496 0.06563706563706563 0.07731958762886598
1 0.47876447876447875 0.061855670103092786 0.09266409266409266 0.1134020618556701
1 0.44015444015444016 0.015463917525773196 0.07722007722007722 0.030927835051546393
1 0.41505791505791506 0.07989690721649484 0.08108108108108109 0.08762886597938144
1 0.3436293436293436 0.12886597938144329 0.09266409266409266 0.13402061855670103
1 0.34555984555984554 0.030927835051546393 0.10424710424710425 0.061855670103092786
1 0.2644787644787645 0.04639175257731959 0.0888030888030888 0.09278350515463918
1 0.25868725868725867 0.17010309278350516 0.10038610038610038 0.15463917525773196
1 0.2277992277992278 0.3118556701030928 0.10038610038610038 0.12886597938144329
1 0.1891891891891892 0.14948453608247422 0.09266409266409266 0.16494845360824742
1 0.13127413127413126 0.2551546391752577 0.10810810810810811 0.05670103092783505
1 0.16216216216216217 0.33762886597938147 0.09266409266409266 0.11855670103092783
1 0.09652509652509653 0.3711340206185567 0.10810810810810811 0.14432989690721648
1 0.04247104247104247 0.5180412371134021 0.08494208494208494 0.13917525773195877
1 0.13127413127413126 0.4896907216494845 0.08494208494208494 0.13402061855670103
1 0.22972972972972974 0.4793814432989691 0.10424710424710425 0.15463917525773196
1 0.29343629343629346 0.37371134020618557 0.07722007722007722 0.0979381443298969
1 0.19884169884169883 0.6108247422680413 0.10424710424710425 0.08762886597938144
1 0.10424710424710425 0.6288659793814433 0.09266409266409266 0.12371134020618557
1 0.0637065637065637 0.6829896907216495 0.06563706563706563 0.07731958762886598
1 0.14671814671814673 0.7216494845360825 0.07722007722007722 0.1134020618556701
1 0.28378378378378377 0.7010309278350515 0.09652509652509653 0.15463917525773196
1 0.38803088803088803 0.770618556701031 0.11969111969111969 0.11855670103092783
1 0.4691119691119691 0.8608247422680413 0.07335907335907337 0.1134020618556701
1 0.37065637065637064 0.8711340206185567 0.11583011583011583 0.15463917525773196
1 0.2953667953667954 0.8144329896907216 0.05019305019305019 0.08247422680412371
1 0.19884169884169883 0.7963917525773195 0.11969111969111969 0.10824742268041238
1 0.11583011583011583 0.8273195876288659 0.06177606177606178 0.13917525773195877
1 0.05405405405405406 0.9432989690721649 0.10038610038610038 0.10309278350515463
1 0.17567567567567569 0.9690721649484536 0.13513513513513514 0.05154639175257732
1 0.20077220077220076 0.9149484536082474 0.13127413127413126 0.10824742268041238
1 0.2972972972972973 0.9690721649484536 0.09266409266409266 0.05154639175257732
1 0.3918918918918919 0.9639175257731959 0.08108108108108109 0.061855670103092786