1 0.611969111969112 0.6804123711340206 0.38996138996138996 0.4948453608247423
1 0.8976833976833977 0.6237113402061856 0.1969111969111969 0.21649484536082475
1 0.8571428571428571 0.8479381443298969 0.277992277992278 0.29381443298969073
1 0.5366795366795367 0.9561855670103093 0.23938223938223938 0.07731958762886598
1 0.2702702702702703 0.8170103092783505 0.33204633204633205 0.3556701030927835
1 0.33976833976833976 0.5335051546391752 0.19305019305019305 0.26288659793814434
1 0.5656370656370656 0.36082474226804123 0.1583011583011583 0.18556701030927836
1 0.7972972972972973 0.422680412371134 0.3436293436293436 0.27835051546391754
1 0.8667953667953668 0.21391752577319587 0.16602316602316602 0.23195876288659795
1 0.7239382239382239 0.08247422680412371 0.17374517374517376 0.16494845360824742
1 0.6795366795366795 0.2345360824742268 0.13127413127413126 0.18041237113402062
1 0.7548262548262549 0.20876288659793815 0.0888030888030888 0.14948453608247422
1 0.6061776061776062 0.14175257731958762 0.13127413127413126 0.11855670103092783
1 0.5482625482625483 0.23969072164948454 0.11583011583011583 0.11855670103092783
1 0.46332046332046334 0.211340206185567 0.10810810810810811 0.16494845360824742
1 0.5038610038610039 0.15206185567010308 0.05791505791505792 0.0979381443298969
1 0.5424710424710425 0.12628865979381443 0.04247104247104247 0.05670103092783505
1 0.4420849420849421 0.1056701030927835 0.08108108108108109 0.07731958762886598
1 0.3590733590733591 0.19845360824742267 0.10038610038610038 0.12886597938144329
1 0.361003861003861 0.12371134020618557 0.08108108108108109 0.05154639175257732
1 0.19111969111969113 0.2706185567010309 0.13513513513513514 0.10824742268041238
1 0.28957528957528955 0.39690721649484534 0.4092664092664093 0.29896907216494845
1 0.14092664092664092 0.5695876288659794 0.22007722007722008 0.3247422680412371
1 0.059845559845559844 0.5876288659793815 0.11969111969111969 0.25773195876288657
1 0.07142857142857142 0.8195876288659794 0.14285714285714285 0.31958762886597936