1 0.18225806451612903 0.7055214723926381 0.08709677419354839 0.26993865030674846
1 0.27903225806451615 0.42024539877300615 0.08709677419354839 0.3128834355828221
1 0.17903225806451614 0.4233128834355828 0.0935483870967742 0.11042944785276074
1 0.15 0.4539877300613497 0.11290322580645161 0.2085889570552147
1 0.0935483870967742 0.5061349693251533 0.08387096774193549 0.20245398773006135
1 0.09193548387096774 0.7331288343558282 0.1 0.26380368098159507
1 0.4790322580645161 0.6656441717791411 0.1 0.12883435582822086
1 0.8661290322580645 0.401840490797546 0.06129032258064516 0.20245398773006135
1 0.9225806451612903 0.5429447852760736 0.05806451612903226 0.1656441717791411
1 0.8516129032258064 0.7177914110429447 0.12258064516129032 0.17177914110429449
1 0.7838709677419354 0.5337423312883436 0.1032258064516129 0.24539877300613497
1 0.7290322580645161 0.5797546012269938 0.06451612903225806 0.1411042944785276
1 0.7016129032258065 0.6196319018404908 0.054838709677419356 0.147239263803681
1 0.7354838709677419 0.42024539877300615 0.07096774193548387 0.15337423312883436
1 0.6564516129032258 0.46319018404907975 0.1064516129032258 0.3006134969325153
1 0.5774193548387097 0.44171779141104295 0.09032258064516129 0.39263803680981596
1 0.532258064516129 0.1687116564417178 0.08387096774193549 0.1901840490797546
1 0.09516129032258064 0.18404907975460122 0.14516129032258066 0.2331288343558282
1 0.49838709677419357 0.49693251533742333 0.9967741935483871 0.9938650306748467