1 0.6641221374045801 0.6640625 0.21374045801526717 0.265625
1 0.816793893129771 0.5208333333333334 0.35877862595419846 0.375
1 0.8759541984732825 0.2708333333333333 0.24045801526717558 0.3541666666666667
1 0.6965648854961832 0.21354166666666666 0.17938931297709923 0.2708333333333333
1 0.6145038167938931 0.3255208333333333 0.19083969465648856 0.22395833333333334
1 0.6087786259541985 0.34375 0.2786259541984733 0.3645833333333333
1 0.47900763358778625 0.53125 0.27099236641221375 0.3541666666666667
1 0.42366412213740456 0.7578125 0.20610687022900764 0.15104166666666666
1 0.1851145038167939 0.6432291666666666 0.27099236641221375 0.2864583333333333
1 0.3301526717557252 0.4296875 0.27099236641221375 0.3697916666666667
1 0.45610687022900764 0.171875 0.23282442748091603 0.2604166666666667
1 0.20229007633587787 0.22916666666666666 0.2748091603053435 0.2708333333333333
1 0.08396946564885496 0.4088541666666667 0.16793893129770993 0.296875
1 0.08206106870229007 0.1875 0.16412213740458015 0.22916666666666666