1 0.3938223938223938 0.36597938144329895 0.10038610038610038 0.18556701030927836
1 0.47876447876447875 0.29381443298969073 0.1776061776061776 0.1958762886597938
1 0.6023166023166023 0.32989690721649484 0.12355212355212356 0.16494845360824742
1 0.5926640926640927 0.5180412371134021 0.13513513513513514 0.18041237113402062
1 0.6428571428571429 0.5798969072164949 0.07335907335907337 0.14948453608247422
1 0.5579150579150579 0.6855670103092784 0.13513513513513514 0.12371134020618557
1 0.4517374517374517 0.6030927835051546 0.13127413127413126 0.12371134020618557
1 0.5038610038610039 0.46649484536082475 0.14285714285714285 0.18041237113402062
1 0.3667953667953668 0.4896907216494845 0.10810810810810811 0.16494845360824742
1 0.3552123552123552 0.5592783505154639 0.07722007722007722 0.08762886597938144
1 0.41312741312741313 0.6701030927835051 0.14671814671814673 0.14432989690721648
1 0.4980694980694981 0.4948453608247423 0.416988416988417 0.5979381443298969