1 0.8090909090909091 0.39344262295081966 0.12727272727272726 0.19672131147540983
1 0.6890909090909091 0.674863387978142 0.09818181818181818 0.23497267759562843
1 0.5636363636363636 0.5765027322404371 0.15272727272727274 0.16939890710382513
1 0.5163636363636364 0.8442622950819673 0.2109090909090909 0.3005464480874317
1 0.3981818181818182 0.15027322404371585 0.1709090909090909 0.3005464480874317
1 0.6545454545454545 0.22404371584699453 0.10909090909090909 0.16393442622950818
1 0.6654545454545454 0.31693989071038253 0.11636363636363636 0.17486338797814208
1 0.5763636363636364 0.15846994535519127 0.09818181818181818 0.18579234972677597
1 0.6818181818181818 0.09836065573770492 0.09090909090909091 0.18579234972677597
1 0.7581818181818182 0.15846994535519127 0.08363636363636363 0.17486338797814208
1 0.7418181818181818 0.04644808743169399 0.11636363636363636 0.09289617486338798
1 0.23272727272727273 0.4562841530054645 0.46545454545454545 0.8579234972677595