1 0.8496376811594203 0.773224043715847 0.11956521739130435 0.16939890710382513
1 0.8568840579710145 0.8852459016393442 0.06884057971014493 0.09836065573770492
1 0.75 0.8852459016393442 0.15217391304347827 0.16393442622950818
1 0.7137681159420289 0.7404371584699454 0.14492753623188406 0.15846994535519127
1 0.8297101449275363 0.6502732240437158 0.14492753623188406 0.17486338797814208
1 0.8532608695652174 0.5846994535519126 0.10507246376811594 0.07650273224043716
1 0.8605072463768116 0.4808743169398907 0.13405797101449277 0.13114754098360656
1 0.8858695652173914 0.37158469945355194 0.04710144927536232 0.09836065573770492
1 0.8043478260869565 0.3469945355191257 0.12318840579710146 0.15846994535519127
1 0.8532608695652174 0.2568306010928962 0.11956521739130435 0.14207650273224043
1 0.8532608695652174 0.11475409836065574 0.11956521739130435 0.14207650273224043
1 0.7427536231884058 0.09836065573770492 0.12318840579710146 0.14207650273224043
1 0.7626811594202898 0.18579234972677597 0.09782608695652174 0.07650273224043716
1 0.7463768115942029 0.26229508196721313 0.08695652173913043 0.12021857923497267
1 0.6829710144927537 0.3224043715846995 0.11956521739130435 0.12021857923497267
1 0.7137681159420289 0.4453551912568306 0.12318840579710146 0.1366120218579235
1 0.769927536231884 0.5273224043715847 0.04710144927536232 0.09289617486338798
1 0.717391304347826 0.587431693989071 0.11594202898550725 0.1366120218579235
1 0.6340579710144928 0.5792349726775956 0.09420289855072464 0.14207650273224043
1 0.6086956521739131 0.8169398907103825 0.13043478260869565 0.1366120218579235
1 0.6340579710144928 0.6967213114754098 0.07971014492753623 0.08196721311475409
1 0.5380434782608695 0.6939890710382514 0.11231884057971014 0.12021857923497267
1 0.4855072463768116 0.5245901639344263 0.2028985507246377 0.25136612021857924
1 0.6032608695652174 0.4726775956284153 0.09057971014492754 0.07103825136612021
1 0.6123188405797102 0.3907103825136612 0.10144927536231885 0.1366120218579235
1 0.5742753623188406 0.3005464480874317 0.10507246376811594 0.1092896174863388
1 0.6521739130434783 0.1994535519125683 0.13043478260869565 0.1366120218579235
1 0.5163043478260869 0.2103825136612022 0.12681159420289856 0.15846994535519127
1 0.6177536231884058 0.07377049180327869 0.11231884057971014 0.11475409836065574
1 0.4891304347826087 0.08469945355191257 0.13043478260869565 0.1366120218579235
1 0.3967391304347826 0.1721311475409836 0.11231884057971014 0.10382513661202186
1 0.3858695652173913 0.08196721311475409 0.08333333333333333 0.07650273224043716
1 0.302536231884058 0.10382513661202186 0.06884057971014493 0.1092896174863388
1 0.34601449275362317 0.14754098360655737 0.025362318840579712 0.07650273224043716
1 0.28804347826086957 0.22950819672131148 0.13405797101449277 0.13114754098360656
1 0.2427536231884058 0.11748633879781421 0.13768115942028986 0.1366120218579235
1 0.16666666666666666 0.09562841530054644 0.036231884057971016 0.04918032786885246
1 0.12681159420289856 0.15300546448087432 0.12318840579710146 0.13114754098360656
1 0.20471014492753623 0.22404371584699453 0.06159420289855073 0.09836065573770492
1 0.13043478260869565 0.2814207650273224 0.10869565217391304 0.1366120218579235
1 0.20833333333333334 0.34972677595628415 0.10507246376811594 0.12021857923497267
1 0.3170289855072464 0.33879781420765026 0.13405797101449277 0.14207650273224043
1 0.2916666666666667 0.22131147540983606 0.11231884057971014 0.12568306010928962
1 0.4257246376811594 0.2923497267759563 0.14130434782608695 0.12568306010928962
1 0.4257246376811594 0.3879781420765027 0.11231884057971014 0.09836065573770492
1 0.519927536231884 0.3907103825136612 0.08333333333333333 0.10382513661202186
1 0.24456521739130435 0.45901639344262296 0.11956521739130435 0.14207650273224043
1 0.14492753623188406 0.4808743169398907 0.12318840579710146 0.16393442622950818
1 0.1358695652173913 0.644808743169399 0.11231884057971014 0.14207650273224043
1 0.29347826086956524 0.6311475409836066 0.16666666666666666 0.16939890710382513
1 0.42391304347826086 0.7295081967213115 0.14492753623188406 0.18032786885245902
1 0.33152173913043476 0.8442622950819673 0.14855072463768115 0.18032786885245902
1 0.4673913043478261 0.8852459016393442 0.12318840579710146 0.14207650273224043
1 0.5742753623188406 0.8688524590163934 0.12681159420289856 0.17486338797814208
1 0.2391304347826087 0.773224043715847 0.13768115942028986 0.14754098360655737
1 0.20652173913043478 0.8934426229508197 0.12318840579710146 0.14754098360655737
1 0.13768115942028986 0.8114754098360656 0.13043478260869565 0.14754098360655737