1 0.5690909090909091 0.7934782608695652 0.36 0.2608695652173913
1 0.42363636363636364 0.7255434782608695 0.04 0.059782608695652176
1 0.38545454545454544 0.6929347826086957 0.05818181818181818 0.09239130434782608
1 0.3472727272727273 0.7282608695652174 0.04727272727272727 0.07608695652173914
1 0.37636363636363634 0.7744565217391305 0.06909090909090909 0.08152173913043478
1 0.37636363636363634 0.8668478260869565 0.09818181818181818 0.10326086956521739
1 0.6963636363636364 0.33695652173913043 0.07636363636363637 0.10869565217391304
1 0.6818181818181818 0.41847826086956524 0.09090909090909091 0.06521739130434782
1 0.62 0.41304347826086957 0.04 0.043478260869565216
1 0.6145454545454545 0.375 0.02909090909090909 0.03260869565217391
1 0.5818181818181818 0.39945652173913043 0.03636363636363636 0.04891304347826087
1 0.5654545454545454 0.4320652173913043 0.03272727272727273 0.016304347826086956
1 0.5454545454545454 0.41032608695652173 0.02909090909090909 0.03804347826086957
1 0.5636363636363636 0.37771739130434784 0.03636363636363636 0.02717391304347826
1 0.6527272727272727 0.26902173913043476 0.14181818181818182 0.19021739130434784
1 0.6818181818181818 0.2391304347826087 0.16363636363636364 0.22826086956521738
1 0.5818181818181818 0.266304347826087 0.09454545454545454 0.07608695652173914
1 0.5490909090909091 0.21195652173913043 0.04363636363636364 0.15217391304347827
1 0.5872727272727273 0.31521739130434784 0.06909090909090909 0.08695652173913043
1 0.5054545454545455 0.3451086956521739 0.10909090909090909 0.125
1 0.509090909090909 0.16304347826086957 0.19636363636363635 0.2391304347826087
1 0.42727272727272725 0.25271739130434784 0.09090909090909091 0.125
1 0.35454545454545455 0.29891304347826086 0.15636363636363637 0.16304347826086957
1 0.46 0.38858695652173914 0.09818181818181818 0.10326086956521739
1 0.4072727272727273 0.40217391304347827 0.05090909090909091 0.06521739130434782
1 0.3563636363636364 0.375 0.08 0.08695652173913043
1 0.33636363636363636 0.41304347826086957 0.08363636363636363 0.043478260869565216
1 0.3381818181818182 0.16304347826086957 0.03636363636363636 0.17391304347826086
1 0.3690909090909091 0.1875 0.025454545454545455 0.08152173913043478
1 0.32727272727272727 0.15760869565217392 0.02181818181818182 0.18478260869565216
1 0.32727272727272727 0.1983695652173913 0.04363636363636364 0.125
1 0.31272727272727274 0.21195652173913043 0.04363636363636364 0.10869565217391304
1 0.7963636363636364 0.42391304347826086 0.05818181818181818 0.1956521739130435
1 0.7890909090909091 0.6793478260869565 0.11636363636363636 0.1956521739130435
1 0.2509090909090909 0.6086956521739131 0.14545454545454545 0.2717391304347826
1 0.15636363636363637 0.7255434782608695 0.08727272727272728 0.16847826086956522
1 0.20727272727272728 0.47554347826086957 0.10909090909090909 0.29891304347826086
1 0.8618181818181818 0.6467391304347826 0.06545454545454546 0.2391304347826087
1 0.7890909090909091 0.7853260869565217 0.08727272727272728 0.08152173913043478
1 0.22545454545454546 0.4483695652173913 0.07272727272727272 0.08152173913043478
1 0.19818181818181818 0.296195652173913 0.06181818181818182 0.07065217391304347
1 0.52 0.5733695652173914 0.5018181818181818 0.29891304347826086