1 0.8709090909090909 0.5655737704918032 0.23636363636363636 0.7158469945355191
1 0.36363636363636365 0.8306010928961749 0.7272727272727273 0.32786885245901637
1 0.3890909090909091 0.639344262295082 0.7781818181818182 0.22950819672131148
1 0.4763636363636364 0.47540983606557374 0.6181818181818182 0.17486338797814208
1 0.09454545454545454 0.40710382513661203 0.1890909090909091 0.2568306010928962
1 0.5109090909090909 0.31420765027322406 0.5490909090909091 0.16939890710382513
1 0.5127272727272727 0.18579234972677597 0.4072727272727273 0.16393442622950818
1 0.5890909090909091 0.05737704918032787 0.5672727272727273 0.11475409836065574
1 0.15454545454545454 0.13934426229508196 0.3090909090909091 0.09289617486338798
1 0.15272727272727274 0.26229508196721313 0.3054545454545455 0.19672131147540983
1 0.11090909090909092 0.04918032786885246 0.22181818181818183 0.09836065573770492