1 0.5394736842105263 0.12894736842105264 0.07894736842105263 0.11052631578947368
1 0.5206766917293233 0.05789473684210526 0.04887218045112782 0.07368421052631578
1 0.4793233082706767 0.11052631578947368 0.07142857142857142 0.10526315789473684
1 0.35150375939849626 0.12105263157894737 0.10902255639097744 0.12631578947368421
1 0.29699248120300753 0.08947368421052632 0.09774436090225563 0.12631578947368421
1 0.6447368421052632 0.1631578947368421 0.06390977443609022 0.05263157894736842
1 0.6954887218045113 0.12631578947368421 0.05263157894736842 0.07368421052631578
1 0.6616541353383458 0.1 0.05263157894736842 0.05263157894736842
1 0.6466165413533834 0.11842105263157894 0.045112781954887216 0.04736842105263158
1 0.7368421052631579 0.07105263157894737 0.10526315789473684 0.1
1 0.8383458646616542 0.14473684210526316 0.06766917293233082 0.06842105263157895
1 0.8327067669172933 0.09210526315789473 0.03383458646616541 0.04736842105263158
1 0.8703007518796992 0.13157894736842105 0.041353383458646614 0.06315789473684211
1 0.8627819548872181 0.06842105263157895 0.03383458646616541 0.07368421052631578
1 0.9097744360902256 0.11842105263157894 0.05263157894736842 0.1
1 0.9473684210526315 0.12105263157894737 0.03007518796992481 0.06315789473684211
1 0.17669172932330826 0.11578947368421053 0.05263157894736842 0.09473684210526316
1 0.10714285714285714 0.0868421052631579 0.15413533834586465 0.08947368421052632
1 0.10150375939849623 0.14473684210526316 0.08270676691729323 0.07894736842105263
1 0.8966165413533834 0.39473684210526316 0.13909774436090225 0.17894736842105263
1 0.8740601503759399 0.36578947368421055 0.10150375939849623 0.11052631578947368
1 0.8853383458646616 0.39473684210526316 0.10150375939849623 0.10526315789473684
1 0.900375939849624 0.41842105263157897 0.08646616541353383 0.12105263157894737
1 0.9398496240601504 0.41842105263157897 0.05263157894736842 0.14210526315789473
1 0.7180451127819549 0.4 0.18045112781954886 0.14736842105263157
1 0.6973684210526315 0.4236842105263158 0.02631578947368421 0.1
1 0.518796992481203 0.4026315789473684 0.17293233082706766 0.13157894736842105
1 0.5939849624060151 0.4236842105263158 0.022556390977443608 0.04736842105263158
1 0.5695488721804511 0.4342105263157895 0.018796992481203006 0.03684210526315789
1 0.5789473684210527 0.4 0.022556390977443608 0.021052631578947368
1 0.5263157894736842 0.36578947368421055 0.03007518796992481 0.03684210526315789
1 0.5507518796992481 0.3815789473684211 0.018796992481203006 0.02631578947368421
1 0.575187969924812 0.3763157894736842 0.022556390977443608 0.02631578947368421
1 0.518796992481203 0.4368421052631579 0.03007518796992481 0.042105263157894736
1 0.5488721804511278 0.4263157894736842 0.022556390977443608 0.042105263157894736
1 0.5244360902255639 0.4052631578947368 0.018796992481203006 0.031578947368421054
1 0.4868421052631579 0.38421052631578945 0.018796992481203006 0.05263157894736842
1 0.5093984962406015 0.3736842105263158 0.018796992481203006 0.031578947368421054
1 0.4755639097744361 0.43157894736842106 0.02631578947368421 0.042105263157894736
1 0.45112781954887216 0.4342105263157895 0.022556390977443608 0.05789473684210526
1 0.4642857142857143 0.3815789473684211 0.018796992481203006 0.03684210526315789
1 0.3233082706766917 0.3973684210526316 0.12781954887218044 0.15263157894736842
1 0.16353383458646617 0.40789473684210525 0.08646616541353383 0.13157894736842105
1 0.08270676691729323 0.4105263157894737 0.07518796992481203 0.11578947368421053
1 0.13345864661654136 0.5447368421052632 0.15413533834586465 0.07894736842105263
1 0.12406015037593984 0.5947368421052631 0.16541353383458646 0.09473684210526316
1 0.12030075187969924 0.5921052631578947 0.16541353383458646 0.11052631578947368
1 0.5 0.5710526315789474 0.12030075187969924 0.12105263157894737
1 0.5319548872180451 0.5868421052631579 0.10902255639097744 0.12105263157894737
1 0.543233082706767 0.5973684210526315 0.16165413533834586 0.07894736842105263
1 0.31954887218045114 0.5868421052631579 0.12030075187969924 0.15263157894736842
1 0.7086466165413534 0.5789473684210527 0.10902255639097744 0.15789473684210525
1 0.9060150375939849 0.6026315789473684 0.12030075187969924 0.11052631578947368
1 0.8646616541353384 0.5710526315789474 0.12781954887218044 0.11052631578947368
1 0.8834586466165414 0.8631578947368421 0.09774436090225563 0.12631578947368421
1 0.9135338345864662 0.9105263157894737 0.10526315789473684 0.07368421052631578
1 0.5864661654135338 0.8868421052631579 0.09022556390977443 0.1631578947368421
1 0.24060150375939848 0.8842105263157894 0.11278195488721804 0.14736842105263157
1 0.08834586466165413 0.8763157894736842 0.11654135338345864 0.1631578947368421
1 0.4191729323308271 0.8894736842105263 0.17669172932330826 0.16842105263157894
1 0.7424812030075187 0.8763157894736842 0.14661654135338345 0.1631578947368421