1 0.918918918918919 0.3015463917525773 0.0694980694980695 0.37628865979381443
1 0.861003861003861 0.2963917525773196 0.06177606177606178 0.3865979381443299
1 0.7953667953667953 0.3015463917525773 0.0694980694980695 0.4072164948453608
1 0.7239382239382239 0.25 0.08108108108108109 0.31443298969072164
1 0.6621621621621622 0.25 0.0888030888030888 0.30412371134020616
1 0.5579150579150579 0.2190721649484536 0.06563706563706563 0.25257731958762886
1 0.5888030888030888 0.26288659793814434 0.07335907335907337 0.28865979381443296
1 0.5193050193050193 0.25773195876288657 0.08108108108108109 0.31958762886597936
1 0.4749034749034749 0.20876288659793815 0.10038610038610038 0.27319587628865977
1 0.41505791505791506 0.19329896907216496 0.0888030888030888 0.20103092783505155
1 0.3532818532818533 0.2345360824742268 0.09652509652509653 0.22164948453608246
1 0.29922779922779924 0.2551546391752577 0.11969111969111969 0.2422680412371134
1 0.23938223938223938 0.24484536082474226 0.14671814671814673 0.25257731958762886
1 0.1833976833976834 0.30412371134020616 0.15057915057915058 0.35051546391752575
1 0.11776061776061776 0.24484536082474226 0.11969111969111969 0.211340206185567
1 0.12162162162162163 0.4690721649484536 0.07335907335907337 0.26804123711340205
1 0.19111969111969113 0.5 0.07335907335907337 0.29896907216494845
1 0.2471042471042471 0.4381443298969072 0.09266409266409266 0.18556701030927836
1 0.3030888030888031 0.43556701030927836 0.08108108108108109 0.20103092783505155
1 0.36486486486486486 0.3247422680412371 0.0888030888030888 0.3711340206185567
1 0.444015444015444 0.2860824742268041 0.11583011583011583 0.31443298969072164
1 0.4420849420849421 0.42783505154639173 0.09652509652509653 0.16494845360824742
1 0.5212355212355212 0.46134020618556704 0.09266409266409266 0.26288659793814434
1 0.583011583011583 0.48711340206185566 0.06177606177606178 0.211340206185567
1 0.640926640926641 0.4690721649484536 0.0694980694980695 0.25773195876288657
1 0.694980694980695 0.4793814432989691 0.0694980694980695 0.2268041237113402
1 0.7683397683397684 0.46649484536082475 0.07722007722007722 0.19072164948453607
1 0.8455598455598455 0.538659793814433 0.09266409266409266 0.28350515463917525
1 0.9054054054054054 0.5438144329896907 0.06563706563706563 0.2422680412371134
1 0.10038610038610038 0.6288659793814433 0.10810810810810811 0.12371134020618557
1 0.13127413127413126 0.6597938144329897 0.10810810810810811 0.12371134020618557
1 0.15637065637065636 0.6778350515463918 0.1274131274131274 0.18041237113402062
1 0.25868725868725867 0.6778350515463918 0.08494208494208494 0.17010309278350516
1 0.27413127413127414 0.5670103092783505 0.09266409266409266 0.12371134020618557
1 0.3301158301158301 0.6907216494845361 0.07335907335907337 0.20618556701030927
1 0.3436293436293436 0.5592783505154639 0.05405405405405406 0.15979381443298968
1 0.39575289575289574 0.5773195876288659 0.05019305019305019 0.18556701030927836
1 0.38996138996138996 0.7371134020618557 0.09266409266409266 0.14432989690721648
1 0.444015444015444 0.6288659793814433 0.0694980694980695 0.27835051546391754
1 0.4980694980694981 0.654639175257732 0.07722007722007722 0.25773195876288657
1 0.5714285714285714 0.634020618556701 0.06177606177606178 0.20618556701030927
1 0.640926640926641 0.6520618556701031 0.05405405405405406 0.18041237113402062
1 0.693050193050193 0.6623711340206185 0.04247104247104247 0.15979381443298968
1 0.7548262548262549 0.6469072164948454 0.07335907335907337 0.22164948453608246
1 0.833976833976834 0.6391752577319587 0.0694980694980695 0.1958762886597938
1 0.9034749034749034 0.7216494845360825 0.0694980694980695 0.17525773195876287
1 0.8648648648648649 0.7989690721649485 0.0694980694980695 0.17525773195876287
1 0.7915057915057915 0.8041237113402062 0.07722007722007722 0.20618556701030927
1 0.7142857142857143 0.8170103092783505 0.08494208494208494 0.18041237113402062
1 0.6756756756756757 0.8041237113402062 0.0694980694980695 0.15463917525773196
1 0.6138996138996139 0.8067010309278351 0.0694980694980695 0.14948453608247422
1 0.5637065637065637 0.7989690721649485 0.07722007722007722 0.16494845360824742
1 0.5096525096525096 0.8092783505154639 0.07722007722007722 0.14432989690721648
1 0.44015444015444016 0.8195876288659794 0.10038610038610038 0.13402061855670103
1 0.35135135135135137 0.8298969072164949 0.10038610038610038 0.12371134020618557
1 0.2953667953667954 0.8144329896907216 0.07335907335907337 0.13402061855670103
1 0.23938223938223938 0.8144329896907216 0.07722007722007722 0.13402061855670103
1 0.19498069498069498 0.7989690721649485 0.09652509652509653 0.14432989690721648
1 0.14092664092664092 0.7835051546391752 0.06563706563706563 0.1134020618556701
1 0.5154440154440154 0.47680412371134023 0.8532818532818532 0.6855670103092784