1 0.9382716049382716 0.25120772946859904 0.11522633744855967 0.2222222222222222
1 0.9835390946502057 0.38405797101449274 0.024691358024691357 0.1111111111111111
1 0.8518518518518519 0.14492753623188406 0.1728395061728395 0.14492753623188406
1 0.8909465020576132 0.0748792270531401 0.20987654320987653 0.1497584541062802
1 0.5925925925925926 0.18115942028985507 0.04938271604938271 0.05314009661835749
1 0.6337448559670782 0.14251207729468598 0.06584362139917696 0.043478260869565216
1 0.6460905349794238 0.1859903381642512 0.04938271604938271 0.06280193236714976
1 0.6851851851851852 0.18840579710144928 0.06172839506172839 0.08695652173913043
1 0.668724279835391 0.24396135265700483 0.053497942386831275 0.05314009661835749
1 0.6131687242798354 0.24154589371980675 0.05761316872427984 0.057971014492753624
1 0.6399176954732511 0.20048309178743962 0.13580246913580246 0.1497584541062802
1 0.7098765432098766 0.39371980676328505 0.08641975308641975 0.09178743961352658
1 0.8209876543209876 0.5869565217391305 0.09465020576131687 0.1111111111111111
1 0.7551440329218106 0.6884057971014492 0.06172839506172839 0.06280193236714976
1 0.8189300411522634 0.678743961352657 0.09876543209876543 0.05314009661835749
1 0.8518518518518519 0.7077294685990339 0.12345679012345678 0.0821256038647343
1 0.8415637860082305 0.7729468599033816 0.06172839506172839 0.04830917874396135
1 0.8868312757201646 0.7536231884057971 0.07818930041152264 0.07729468599033816
1 0.8127572016460906 0.7222222222222222 0.2345679012345679 0.2463768115942029
1 0.8641975308641975 0.8188405797101449 0.05761316872427984 0.043478260869565216
1 0.8353909465020576 0.8405797101449275 0.0411522633744856 0.03864734299516908
1 0.7880658436213992 0.7971014492753623 0.037037037037037035 0.01932367149758454
1 0.7983539094650206 0.821256038647343 0.0411522633744856 0.028985507246376812
1 0.757201646090535 0.782608695652174 0.05761316872427984 0.057971014492753624
1 0.5987654320987654 0.785024154589372 0.07818930041152264 0.09178743961352658
1 0.448559670781893 0.6352657004830918 0.0411522633744856 0.12077294685990338
1 0.49794238683127573 0.6570048309178744 0.09053497942386832 0.10628019323671498
1 0.49794238683127573 0.5990338164251208 0.0411522633744856 0.06763285024154589
1 0.4794238683127572 0.6159420289855072 0.16049382716049382 0.15942028985507245
1 0.49588477366255146 0.34299516908212563 0.04526748971193416 0.057971014492753624
1 0.51440329218107 0.34541062801932365 0.024691358024691357 0.07246376811594203
1 0.522633744855967 0.3719806763285024 0.03292181069958848 0.04830917874396135
1 0.5 0.39855072463768115 0.02880658436213992 0.06280193236714976
1 0.4588477366255144 0.427536231884058 0.053497942386831275 0.05314009661835749
1 0.4547325102880658 0.37922705314009664 0.04526748971193416 0.05314009661835749
1 0.44650205761316875 0.3357487922705314 0.04526748971193416 0.05314009661835749
1 0.41358024691358025 0.3164251207729469 0.02880658436213992 0.043478260869565216
1 0.4074074074074074 0.3695652173913043 0.03292181069958848 0.06280193236714976
1 0.43415637860082307 0.42995169082125606 0.037037037037037035 0.04830917874396135
1 0.46502057613168724 0.37681159420289856 0.14814814814814814 0.15458937198067632
1 0.5370370370370371 0.1473429951690821 0.053497942386831275 0.14009661835748793
1 0.46296296296296297 0.0748792270531401 0.13580246913580246 0.10144927536231885
1 0.3497942386831276 0.07729468599033816 0.0823045267489712 0.15458937198067632
1 0.42592592592592593 0.15458937198067632 0.11934156378600823 0.13526570048309178
1 0.3004115226337449 0.10628019323671498 0.10699588477366255 0.14492753623188406
1 0.29218106995884774 0.17632850241545894 0.09876543209876543 0.12077294685990338
1 0.3436213991769547 0.20772946859903382 0.09465020576131687 0.057971014492753624
1 0.3436213991769547 0.8623188405797102 0.42386831275720166 0.26570048309178745
1 0.4897119341563786 0.9396135265700483 0.15637860082304528 0.1111111111111111
1 0.34156378600823045 0.9323671497584541 0.09053497942386832 0.12560386473429952
1 0.2716049382716049 0.9323671497584541 0.06584362139917696 0.10628019323671498
1 0.3724279835390947 0.9420289855072463 0.09465020576131687 0.08695652173913043
1 0.41975308641975306 0.8454106280193237 0.09876543209876543 0.08695652173913043
1 0.31069958847736623 0.8164251207729468 0.08641975308641975 0.06763285024154589
1 0.2448559670781893 0.857487922705314 0.08641975308641975 0.09178743961352658
1 0.18930041152263374 0.9202898550724637 0.07407407407407407 0.0821256038647343
1 0.22633744855967078 0.9541062801932367 0.10699588477366255 0.0821256038647343
1 0.36213991769547327 0.8357487922705314 0.07407407407407407 0.07729468599033816
1 0.48559670781893005 0.8647342995169082 0.09053497942386832 0.08695652173913043
1 0.5123456790123457 0.9541062801932367 0.06995884773662552 0.0821256038647343
1 0.4444444444444444 0.966183574879227 0.0411522633744856 0.057971014492753624
1 0.345679012345679 0.7681159420289855 0.07407407407407407 0.06763285024154589
1 0.41975308641975306 0.7946859903381642 0.07407407407407407 0.06280193236714976
1 0.26954732510288065 0.7705314009661836 0.07818930041152264 0.06280193236714976
1 0.2366255144032922 0.8236714975845411 0.08641975308641975 0.07246376811594203
1 0.18106995884773663 0.8333333333333334 0.06584362139917696 0.06280193236714976
1 0.17078189300411523 0.8864734299516909 0.08641975308641975 0.0821256038647343
1 0.10082304526748971 0.35507246376811596 0.20164609053497942 0.2946859903381642
1 0.23868312757201646 0.3647342995169082 0.13991769547325103 0.13043478260869565
1 0.27983539094650206 0.4323671497584541 0.0823045267489712 0.13043478260869565
1 0.2777777777777778 0.5410628019323671 0.053497942386831275 0.18357487922705315
1 0.2139917695473251 0.49033816425120774 0.09876543209876543 0.16908212560386474
1 0.22633744855967078 0.5917874396135265 0.0823045267489712 0.1497584541062802
1 0.1728395061728395 0.6376811594202898 0.07407407407407407 0.17391304347826086
1 0.12757201646090535 0.6183574879227053 0.10699588477366255 0.1932367149758454
1 0.0823045267489712 0.6231884057971014 0.07407407407407407 0.17391304347826086
1 0.09259259259259259 0.5531400966183575 0.18518518518518517 0.26570048309178745
1 0.5473251028806584 0.3502415458937198 0.2139917695473251 0.178743961352657
1 0.3683127572016461 0.24879227053140096 0.1111111111111111 0.12077294685990338