1 0.5618181818181818 0.5601092896174863 0.3090909090909091 0.4426229508196721
1 0.20545454545454545 0.49453551912568305 0.4109090909090909 0.9890710382513661
1 0.7072727272727273 0.8852459016393442 0.5781818181818181 0.2185792349726776
1 0.8563636363636363 0.3879781420765027 0.28 0.7759562841530054
1 0.5672727272727273 0.17486338797814208 0.3054545454545455 0.34972677595628415
1 0.6854545454545454 0.3743169398907104 0.06181818181818182 0.07103825136612021
1 0.7018181818181818 0.43989071038251365 0.02909090909090909 0.04918032786885246
1 0.6945454545454546 0.7377049180327869 0.04363636363636364 0.07650273224043716
1 0.7036363636363636 0.674863387978142 0.025454545454545455 0.04918032786885246
1 0.6581818181818182 0.7540983606557377 0.03636363636363636 0.04371584699453552
1 0.4490909090909091 0.7404371584699454 0.07636363636363637 0.07103825136612021
1 0.5072727272727273 0.7568306010928961 0.03272727272727273 0.0273224043715847
1 0.42363636363636364 0.6693989071038251 0.01818181818181818 0.04918032786885246
1 0.42363636363636364 0.3743169398907104 0.03272727272727273 0.07103825136612021
1 0.45636363636363636 0.35792349726775957 0.025454545454545455 0.03825136612021858
1 0.4163636363636364 0.4371584699453552 0.01818181818181818 0.03278688524590164