1 0.5733590733590733 0.22938144329896906 0.444015444015444 0.4587628865979381
1 0.4575289575289575 0.3556701030927835 0.5366795366795367 0.30927835051546393
1 0.4015444015444015 0.49226804123711343 0.16988416988416988 0.0979381443298969
1 0.5521235521235521 0.5850515463917526 0.5096525096525096 0.211340206185567
1 0.584942084942085 0.7061855670103093 0.3204633204633205 0.12371134020618557
1 0.4517374517374517 0.7628865979381443 0.32432432432432434 0.17525773195876287
1 0.14285714285714285 0.13659793814432988 0.2857142857142857 0.27319587628865977
1 0.37258687258687256 0.11082474226804123 0.16602316602316602 0.22164948453608246
1 0.6525096525096525 0.17010309278350516 0.33976833976833976 0.3402061855670103
1 0.8976833976833977 0.37628865979381443 0.1969111969111969 0.7525773195876289
1 0.7857142857142857 0.6391752577319587 0.07335907335907337 0.26804123711340205
1 0.42084942084942084 0.8376288659793815 0.3783783783783784 0.17010309278350516
1 0.666023166023166 0.8247422680412371 0.11196911196911197 0.13402061855670103
1 0.26640926640926643 0.6494845360824743 0.14671814671814673 0.26804123711340205
1 0.09652509652509653 0.5902061855670103 0.19305019305019305 0.8092783505154639
1 0.2606177606177606 0.4690721649484536 0.1583011583011583 0.15463917525773196
1 0.3474903474903475 0.18298969072164947 0.11583011583011583 0.10824742268041238
1 0.4305019305019305 0.2551546391752577 0.11196911196911197 0.07731958762886598
1 0.38803088803088803 0.9278350515463918 0.4671814671814672 0.13402061855670103
1 0.21814671814671815 0.7938144329896907 0.05791505791505792 0.14432989690721648
1 0.8976833976833977 0.7474226804123711 0.1969111969111969 0.32989690721649484
1 0.7586872586872587 0.845360824742268 0.09652509652509653 0.17525773195876287
1 0.6911196911196911 0.8814432989690721 0.05405405405405406 0.16494845360824742
1 0.6428571428571429 0.9381443298969072 0.04247104247104247 0.09278350515463918