1 0.745 0.2619047619047619 0.25666666666666665 0.32142857142857145
1 0.595 0.37797619047619047 0.09 0.1488095238095238
1 0.6033333333333334 0.2767857142857143 0.05333333333333334 0.06547619047619048
1 0.24166666666666667 0.22916666666666666 0.20333333333333334 0.2916666666666667
1 0.36333333333333334 0.25297619047619047 0.06666666666666667 0.07738095238095238
1 0.37 0.2857142857142857 0.03333333333333333 0.03571428571428571
1 0.49166666666666664 0.2708333333333333 0.20333333333333334 0.10119047619047619
1 0.5166666666666667 0.29464285714285715 0.12 0.05357142857142857
1 0.505 0.3244047619047619 0.14333333333333334 0.08928571428571429
1 0.5166666666666667 0.4226190476190476 0.11333333333333333 0.27380952380952384
1 0.6566666666666666 0.5148809523809523 0.08 0.07738095238095238
1 0.8066666666666666 0.46726190476190477 0.08 0.1130952380952381
1 0.885 0.5565476190476191 0.10333333333333333 0.30357142857142855
1 0.75 0.6101190476190477 0.18666666666666668 0.26785714285714285
1 0.7083333333333334 0.7232142857142857 0.09 0.125
1 0.5866666666666667 0.6190476190476191 0.06 0.11904761904761904
1 0.635 0.6130952380952381 0.056666666666666664 0.11904761904761904
1 0.7683333333333333 0.4494047619047619 0.31666666666666665 0.39880952380952384
1 0.7833333333333333 0.3630952380952381 0.4266666666666667 0.30952380952380953
1 0.6166666666666667 0.7053571428571429 0.08 0.08928571428571429
1 0.5433333333333333 0.6428571428571429 0.04666666666666667 0.08333333333333333
1 0.5466666666666666 0.5892857142857143 0.02 0.047619047619047616
1 0.5583333333333333 0.7023809523809523 0.043333333333333335 0.05952380952380952
1 0.5966666666666667 0.7053571428571429 0.04 0.06547619047619048
1 0.465 0.6488095238095238 0.2633333333333333 0.19047619047619047
1 0.5 0.6696428571428571 0.08 0.10119047619047619
1 0.43166666666666664 0.6696428571428571 0.056666666666666664 0.07738095238095238
1 0.42833333333333334 0.5148809523809523 0.21666666666666667 0.25595238095238093
1 0.043333333333333335 0.4255952380952381 0.08666666666666667 0.24404761904761904
1 0.16 0.4107142857142857 0.14 0.13095238095238096
1 0.045 0.5952380952380952 0.09 0.25
1 0.11833333333333333 0.5386904761904762 0.05 0.07738095238095238
1 0.31666666666666665 0.3869047619047619 0.24 0.17857142857142858
1 0.28 0.5595238095238095 0.09333333333333334 0.10714285714285714
1 0.29 0.49404761904761907 0.06 0.09523809523809523
1 0.23333333333333334 0.5029761904761905 0.06 0.08928571428571429
1 0.23333333333333334 0.6458333333333334 0.08 0.18452380952380953
1 0.24 0.6220238095238095 0.21333333333333335 0.07738095238095238
1 0.375 0.7172619047619048 0.07 0.05357142857142857
1 0.215 0.6815476190476191 0.05 0.10119047619047619
1 0.18 0.6845238095238095 0.06 0.11904761904761904
1 0.30333333333333334 0.6994047619047619 0.08 0.08928571428571429