1 0.8170103092783505 0.7181467181467182 0.19072164948453607 0.2084942084942085
1 0.9407216494845361 0.6081081081081081 0.10824742268041238 0.17374517374517376
1 0.5283505154639175 0.8648648648648649 0.33505154639175255 0.2471042471042471
1 0.36855670103092786 0.8841698841698842 0.03608247422680412 0.03088803088803089
1 0.2422680412371134 0.9613899613899614 0.05154639175257732 0.03861003861003861
1 0.15206185567010308 0.9247104247104247 0.02577319587628866 0.02702702702702703
1 0.1211340206185567 0.9247104247104247 0.03608247422680412 0.02702702702702703
1 0.10051546391752578 0.9073359073359073 0.02577319587628866 0.03088803088803089
1 0.07474226804123711 0.918918918918919 0.03608247422680412 0.03088803088803089
1 0.10824742268041238 0.9536679536679536 0.030927835051546393 0.023166023166023165
1 0.03865979381443299 0.8783783783783784 0.04639175257731959 0.02702702702702703
1 0.04896907216494845 0.8455598455598455 0.04639175257731959 0.03088803088803089
1 0.04896907216494845 0.8223938223938224 0.03608247422680412 0.023166023166023165
1 0.14175257731958762 0.7857142857142857 0.03608247422680412 0.03474903474903475
1 0.20876288659793815 0.8378378378378378 0.03608247422680412 0.023166023166023165
1 0.26804123711340205 0.803088803088803 0.041237113402061855 0.015444015444015444
1 0.2654639175257732 0.832046332046332 0.02577319587628866 0.019305019305019305
1 0.05154639175257732 0.666023166023166 0.10309278350515463 0.1891891891891892
1 0.26288659793814434 0.6621621621621622 0.35051546391752575 0.26640926640926643
1 0.5876288659793815 0.6872586872586872 0.21649484536082475 0.138996138996139
1 0.6752577319587629 0.48455598455598453 0.4329896907216495 0.3127413127413127
1 0.9097938144329897 0.42857142857142855 0.17010309278350516 0.14671814671814673
1 0.8814432989690721 0.33783783783783783 0.1958762886597938 0.11969111969111969
1 0.9329896907216495 0.30694980694980695 0.12371134020618557 0.06563706563706563
1 0.8788659793814433 0.222007722007722 0.23195876288659795 0.11969111969111969
1 0.8041237113402062 0.11583011583011583 0.38144329896907214 0.08494208494208494
1 0.4948453608247423 0.1274131274131274 0.2268041237113402 0.15444015444015444
1 0.6108247422680413 0.2644787644787645 0.39690721649484534 0.25096525096525096
1 0.27319587628865977 0.416988416988417 0.38144329896907214 0.2548262548262548
1 0.14690721649484537 0.5656370656370656 0.13917525773195877 0.11196911196911197
1 0.04896907216494845 0.47297297297297297 0.0979381443298969 0.16602316602316602
1 0.06958762886597938 0.3532818532818533 0.13917525773195877 0.10424710424710425
1 0.27319587628865977 0.2335907335907336 0.30927835051546393 0.16602316602316602
1 0.47680412371134023 0.6872586872586872 0.12886597938144329 0.08494208494208494
1 0.422680412371134 0.7567567567567568 0.14432989690721648 0.09266409266409266