1 0.7491638795986622 0.8273809523809523 0.2140468227424749 0.3333333333333333
1 0.8461538461538461 0.8601190476190477 0.07357859531772576 0.26785714285714285
1 0.8946488294314381 0.8303571428571429 0.043478260869565216 0.3273809523809524
1 0.8561872909698997 0.5089285714285714 0.11371237458193979 0.4107142857142857
1 0.7993311036789298 0.19940476190476192 0.22742474916387959 0.39880952380952384
1 0.8678929765886287 0.31547619047619047 0.09698996655518395 0.23809523809523808
1 0.8127090301003345 0.28869047619047616 0.20066889632107024 0.23214285714285715
1 0.7959866220735786 0.11904761904761904 0.23411371237458195 0.23809523809523808
1 0.7157190635451505 0.1130952380952381 0.3076923076923077 0.2261904761904762
1 0.7040133779264214 0.03869047619047619 0.11036789297658862 0.07738095238095238
1 0.6538461538461539 0.011904761904761904 0.09698996655518395 0.023809523809523808
1 0.6438127090301003 0.6875 0.431438127090301 0.6130952380952381
1 0.6404682274247492 0.9553571428571429 0.05016722408026756 0.07738095238095238
1 0.49665551839464883 0.6785714285714286 0.43812709030100333 0.6309523809523809
1 0.43812709030100333 0.5773809523809523 0.5418060200668896 0.8333333333333334
1 0.33277591973244147 0.5773809523809523 0.5117056856187291 0.8333333333333334
1 0.15551839464882944 0.6845238095238095 0.16387959866220736 0.27380952380952384
1 0.16387959866220736 0.9047619047619048 0.1806020066889632 0.17857142857142858
1 0.36454849498327757 0.31845238095238093 0.5752508361204013 0.6369047619047619
1 0.2508361204013378 0.27380952380952384 0.34782608695652173 0.25
1 0.33277591973244147 0.07738095238095238 0.5117056856187291 0.15476190476190477
1 0.14381270903010032 0.03273809523809524 0.13377926421404682 0.06547619047619048