1 0.861003861003861 0.6469072164948454 0.0694980694980695 0.0979381443298969
1 0.8166023166023166 0.5103092783505154 0.1583011583011583 0.1958762886597938
1 0.750965250965251 0.23969072164948454 0.25868725868725867 0.39690721649484534
1 0.6003861003861004 0.15721649484536082 0.20463320463320464 0.28350515463917525
1 0.5617760617760618 0.08762886597938144 0.15057915057915058 0.17525773195876287
1 0.6602316602316602 0.32216494845360827 0.10810810810810811 0.12886597938144329
1 0.6911196911196911 0.39690721649484534 0.09266409266409266 0.12371134020618557
1 0.6891891891891891 0.5231958762886598 0.10424710424710425 0.13917525773195877
1 0.747104247104247 0.43556701030927836 0.02702702702702703 0.06701030927835051
1 0.7934362934362934 0.6623711340206185 0.05791505791505792 0.0979381443298969
1 0.8146718146718147 0.7396907216494846 0.08494208494208494 0.0979381443298969
1 0.7355212355212355 0.6701030927835051 0.06563706563706563 0.12371134020618557
1 0.6911196911196911 0.6391752577319587 0.10038610038610038 0.10309278350515463
1 0.7065637065637066 0.7577319587628866 0.08494208494208494 0.1134020618556701
1 0.7335907335907336 0.8376288659793815 0.10810810810810811 0.13917525773195877
1 0.6467181467181468 0.8144329896907216 0.08108108108108109 0.09278350515463918
1 0.637065637065637 0.7371134020618557 0.09266409266409266 0.12371134020618557
1 0.6061776061776062 0.6211340206185567 0.08494208494208494 0.11855670103092783
1 0.5733590733590733 0.4639175257731959 0.14285714285714285 0.27835051546391754
1 0.5135135135135135 0.3118556701030928 0.14671814671814673 0.20103092783505155
1 0.4671814671814672 0.13659793814432988 0.05405405405405406 0.211340206185567
1 0.3861003861003861 0.15206185567010308 0.12355212355212356 0.30412371134020616
1 0.3416988416988417 0.13659793814432988 0.09652509652509653 0.19072164948453607
1 0.2722007722007722 0.13917525773195877 0.06563706563706563 0.07216494845360824
1 0.22972972972972974 0.15206185567010308 0.05019305019305019 0.015463917525773196
1 0.23745173745173745 0.2345360824742268 0.17374517374517376 0.13917525773195877
1 0.28957528957528955 0.3556701030927835 0.15444015444015444 0.1958762886597938
1 0.13127413127413126 0.38917525773195877 0.16988416988416988 0.23195876288659795
1 0.21428571428571427 0.49742268041237114 0.13513513513513514 0.17010309278350516
1 0.12355212355212356 0.5979381443298969 0.11583011583011583 0.16494845360824742
1 0.1969111969111969 0.711340206185567 0.19305019305019305 0.25773195876288657
1 0.3552123552123552 0.8324742268041238 0.16988416988416988 0.2422680412371134
1 0.44787644787644787 0.9432989690721649 0.07722007722007722 0.10309278350515463
1 0.528957528957529 0.9278350515463918 0.08494208494208494 0.13402061855670103
1 0.555984555984556 0.7963917525773195 0.12355212355212356 0.12886597938144329
1 0.555984555984556 0.6829896907216495 0.0694980694980695 0.0979381443298969
1 0.4942084942084942 0.7010309278350515 0.0694980694980695 0.09278350515463918
1 0.45366795366795365 0.7525773195876289 0.07335907335907337 0.10309278350515463
1 0.46525096525096526 0.8479381443298969 0.06563706563706563 0.08762886597938144
1 0.3918918918918919 0.6958762886597938 0.07335907335907337 0.061855670103092786
1 0.4305019305019305 0.6417525773195877 0.06563706563706563 0.08762886597938144
1 0.3223938223938224 0.6649484536082474 0.07335907335907337 0.08247422680412371
1 0.2722007722007722 0.595360824742268 0.04247104247104247 0.05670103092783505
1 0.3590733590733591 0.6134020618556701 0.07722007722007722 0.1134020618556701
1 0.4034749034749035 0.5644329896907216 0.07335907335907337 0.05670103092783505
1 0.49034749034749037 0.6211340206185567 0.04633204633204633 0.05670103092783505
1 0.5135135135135135 0.5721649484536082 0.04633204633204633 0.05154639175257732
1 0.4671814671814672 0.5644329896907216 0.04633204633204633 0.04639175257731959
1 0.2972972972972973 0.5438144329896907 0.03861003861003861 0.04639175257731959
1 0.3030888030888031 0.4742268041237113 0.04247104247104247 0.05154639175257732
1 0.3359073359073359 0.5154639175257731 0.06177606177606178 0.05154639175257732
1 0.361003861003861 0.4742268041237113 0.05019305019305019 0.041237113402061855
1 0.38803088803088803 0.4639175257731959 0.03474903474903475 0.041237113402061855
1 0.41312741312741313 0.3865979381443299 0.05405405405405406 0.08247422680412371
1 0.4305019305019305 0.4484536082474227 0.04247104247104247 0.041237113402061855
1 0.4749034749034749 0.43041237113402064 0.06177606177606178 0.0979381443298969
1 0.43822393822393824 0.4948453608247423 0.05791505791505792 0.041237113402061855
1 0.4922779922779923 0.5154639175257731 0.05019305019305019 0.05154639175257732
1 0.3918918918918919 0.5231958762886598 0.05019305019305019 0.03608247422680412
1 0.40540540540540543 0.30927835051546393 0.05405405405405406 0.07216494845360824