1 0.8378378378378378 0.5618556701030928 0.3166023166023166 0.4948453608247423
1 0.8397683397683398 0.8556701030927835 0.3127413127413127 0.27835051546391754
1 0.46525096525096526 0.8943298969072165 0.444015444015444 0.20103092783505155
1 0.5057915057915058 0.5979381443298969 0.4092664092664093 0.5360824742268041
1 0.12355212355212356 0.8891752577319587 0.2471042471042471 0.211340206185567
1 0.17567567567567569 0.5644329896907216 0.35135135135135137 0.5
1 0.2277992277992278 0.15721649484536082 0.277992277992278 0.31443298969072164
1 0.5347490347490348 0.16494845360824742 0.3436293436293436 0.32989690721649484
1 0.8185328185328186 0.15979381443298968 0.3552123552123552 0.31958762886597936
1 0.07915057915057915 0.15979381443298968 0.1583011583011583 0.31958762886597936
1 0.4980694980694981 0.49742268041237114 0.9961389961389961 0.9948453608247423