1 0.6916666666666667 0.8363095238095238 0.07 0.1130952380952381
1 0.73 0.8988095238095238 0.06666666666666667 0.10714285714285714
1 0.845 0.9255952380952381 0.30333333333333334 0.13690476190476192
1 0.9566666666666667 0.8839285714285714 0.06666666666666667 0.125
1 0.805 0.8839285714285714 0.05 0.07738095238095238
1 0.7283333333333334 0.6428571428571429 0.14333333333333334 0.15476190476190477
1 0.9083333333333333 0.5773809523809523 0.17666666666666667 0.23809523809523808
1 0.9033333333333333 0.6696428571428571 0.18666666666666668 0.20833333333333334
1 0.8416666666666667 0.6696428571428571 0.056666666666666664 0.06547619047619048
1 0.79 0.3125 0.22666666666666666 0.30357142857142855
1 0.635 0.19345238095238096 0.15 0.2916666666666667
1 0.7116666666666667 0.25595238095238093 0.05 0.15476190476190477
1 0.5616666666666666 0.1636904761904762 0.13666666666666666 0.3273809523809524
1 0.5216666666666666 0.30952380952380953 0.07666666666666666 0.08333333333333333
1 0.5083333333333333 0.125 0.09666666666666666 0.25
1 0.3983333333333333 0.1488095238095238 0.13666666666666666 0.2261904761904762
1 0.4033333333333333 0.2976190476190476 0.15333333333333332 0.17857142857142858
1 0.5983333333333334 0.7053571428571429 0.13 0.18452380952380953
1 0.5466666666666666 0.8452380952380952 0.19333333333333333 0.21428571428571427
1 0.625 0.8035714285714286 0.07666666666666666 0.09523809523809523
1 0.5866666666666667 0.9523809523809523 0.09333333333333334 0.08333333333333333
1 0.4716666666666667 0.9613095238095238 0.11 0.06547619047619048
1 0.3466666666666667 0.8779761904761905 0.38 0.23214285714285715
1 0.3283333333333333 0.7440476190476191 0.23666666666666666 0.2619047619047619
1 0.3016666666666667 0.6577380952380952 0.29 0.18452380952380953
1 0.12166666666666667 0.6011904761904762 0.03666666666666667 0.07142857142857142
1 0.1 0.6547619047619048 0.03333333333333333 0.05952380952380952
1 0.14 0.6666666666666666 0.03333333333333333 0.05952380952380952
1 0.11 0.7351190476190477 0.02666666666666667 0.07738095238095238
1 0.07833333333333334 0.7261904761904762 0.03 0.07142857142857142
1 0.051666666666666666 0.6815476190476191 0.03666666666666667 0.07738095238095238
1 0.075 0.6547619047619048 0.023333333333333334 0.05952380952380952
1 0.018333333333333333 0.7291666666666666 0.03 0.08928571428571429
1 0.04833333333333333 0.7738095238095238 0.03 0.07142857142857142
1 0.08833333333333333 0.7976190476190477 0.043333333333333335 0.08333333333333333
1 0.04833333333333333 0.8571428571428571 0.09666666666666666 0.13095238095238096
1 0.025 0.9226190476190477 0.05 0.11904761904761904
1 0.02666666666666667 0.6130952380952381 0.05333333333333334 0.14285714285714285
1 0.075 0.5982142857142857 0.03 0.07738095238095238
1 0.23666666666666666 0.10714285714285714 0.08666666666666667 0.21428571428571427
1 0.205 0.22023809523809523 0.13666666666666666 0.32142857142857145
1 0.30833333333333335 0.17261904761904762 0.06333333333333334 0.2976190476190476
1 0.7466666666666667 0.5803571428571429 0.18666666666666668 0.2916666666666667
1 0.17333333333333334 0.35119047619047616 0.12 0.5595238095238095
1 0.09833333333333333 0.3125 0.09 0.49404761904761907