1 0.7845659163987139 0.5524691358024691 0.13504823151125403 0.25308641975308643
1 0.7620578778135049 0.7685185185185185 0.15434083601286175 0.29012345679012347
1 0.8569131832797428 0.8641975308641975 0.1189710610932476 0.09876543209876543
1 0.7138263665594855 0.8734567901234568 0.05787781350482315 0.10493827160493827
1 0.662379421221865 0.8672839506172839 0.04501607717041801 0.10493827160493827
1 0.572347266881029 0.7839506172839507 0.1607717041800643 0.2345679012345679
1 0.4646302250803859 0.6358024691358025 0.13183279742765272 0.24691358024691357
1 0.3536977491961415 0.33024691358024694 0.16720257234726688 0.22839506172839505
1 0.4180064308681672 0.8055555555555556 0.21864951768488747 0.24074074074074073
1 0.2861736334405145 0.904320987654321 0.14790996784565916 0.08024691358024691
1 0.2620578778135048 0.7932098765432098 0.08681672025723473 0.17901234567901234
1 0.1945337620578778 0.8641975308641975 0.06752411575562701 0.08641975308641975
1 0.13183279742765272 0.8271604938271605 0.1157556270096463 0.16049382716049382
1 0.05466237942122187 0.8518518518518519 0.05144694533762058 0.06172839506172839
1 0.6511254019292605 0.6265432098765432 0.09967845659163987 0.19135802469135801
1 0.5916398713826366 0.6604938271604939 0.04501607717041801 0.08641975308641975
1 0.5514469453376206 0.5432098765432098 0.11254019292604502 0.2222222222222222
1 0.45980707395498394 0.4722222222222222 0.04501607717041801 0.08024691358024691
1 0.5144694533762058 0.4351851851851852 0.05144694533762058 0.08024691358024691
1 0.5916398713826366 0.4228395061728395 0.07717041800643087 0.11728395061728394
1 0.6511254019292605 0.49691358024691357 0.04823151125401929 0.08024691358024691
1 0.12057877813504823 0.32407407407407407 0.1639871382636656 0.2777777777777778
1 0.17845659163987138 0.31790123456790126 0.05466237942122187 0.1419753086419753
1 0.1607717041800643 0.23765432098765432 0.09003215434083602 0.09259259259259259
1 0.02572347266881029 0.2962962962962963 0.03215434083601286 0.1111111111111111
1 0.3102893890675241 0.17592592592592593 0.06109324758842444 0.09259259259259259
1 0.4292604501607717 0.23148148148148148 0.07395498392282958 0.10493827160493827
1 0.4678456591639871 0.09876543209876543 0.06752411575562701 0.08641975308641975
1 0.5562700964630225 0.12962962962962962 0.05787781350482315 0.07407407407407407
1 0.5996784565916399 0.25 0.08038585209003216 0.11728395061728394
1 0.46141479099678456 0.23765432098765432 0.35691318327974275 0.36419753086419754
1 0.6688102893890675 0.4845679012345679 0.0707395498392283 0.10493827160493827
1 0.7234726688102894 0.2839506172839506 0.2572347266881029 0.3950617283950617