1 0.5345454545454545 0.5382513661202186 0.9236363636363636 0.8579234972677595
1 0.5890909090909091 0.5546448087431693 0.8145454545454546 0.4644808743169399
1 0.7018181818181818 0.39617486338797814 0.5527272727272727 0.20218579234972678
1 0.19272727272727272 0.3879781420765027 0.19636363636363635 0.1092896174863388
1 0.6454545454545455 0.30327868852459017 0.7018181818181818 0.2459016393442623
1 0.6018181818181818 0.2540983606557377 0.7890909090909091 0.2896174863387978
1 0.13272727272727272 0.49453551912568305 0.12727272727272726 0.1912568306010929
1 0.3472727272727273 0.4972677595628415 0.3236363636363636 0.273224043715847
1 0.44181818181818183 0.6202185792349727 0.18545454545454546 0.2677595628415301
1 0.30727272727272725 0.8852459016393442 0.12 0.15300546448087432
1 0.21454545454545454 0.8360655737704918 0.22545454545454546 0.26229508196721313
1 0.18181818181818182 0.6775956284153005 0.28363636363636363 0.19672131147540983