1 0.9654545454545455 0.8852459016393442 0.06181818181818182 0.14207650273224043
1 0.9636363636363636 0.9726775956284153 0.06545454545454546 0.04371584699453552
1 0.8927272727272727 0.8825136612021858 0.08363636363636363 0.12568306010928962
1 0.8909090909090909 0.9672131147540983 0.08727272727272728 0.0546448087431694
1 0.8163636363636364 0.9289617486338798 0.07636363636363637 0.13114754098360656
1 0.7981818181818182 0.7103825136612022 0.21454545454545454 0.32786885245901637
1 0.9436363636363636 0.6420765027322405 0.10545454545454545 0.3224043715846995
1 0.6890909090909091 0.907103825136612 0.1781818181818182 0.17486338797814208
1 0.5236363636363637 0.9180327868852459 0.16 0.15300546448087432
1 0.3709090909090909 0.6775956284153005 0.24 0.39344262295081966
1 0.3618181818181818 0.7923497267759563 0.16363636363636364 0.40437158469945356
1 0.3054545454545455 0.7978142076502732 0.16727272727272727 0.39344262295081966
1 0.24909090909090909 0.7978142076502732 0.09818181818181818 0.39344262295081966
1 0.11272727272727273 0.46994535519125685 0.09454545454545454 0.15300546448087432
1 0.15454545454545454 0.4890710382513661 0.08363636363636363 0.18032786885245902
1 0.08545454545454545 0.592896174863388 0.11272727272727273 0.1366120218579235
1 0.1618181818181818 0.644808743169399 0.06909090909090909 0.1092896174863388
1 0.12363636363636364 0.7295081967213115 0.13818181818181818 0.15846994535519127
1 0.18727272727272729 0.7841530054644809 0.06909090909090909 0.09289617486338798
1 0.19454545454545455 0.8989071038251366 0.09090909090909091 0.18032786885245902
1 0.10909090909090909 0.8688524590163934 0.08727272727272728 0.14207650273224043
1 0.12727272727272726 0.9644808743169399 0.07272727272727272 0.060109289617486336
1 0.03090909090909091 0.9153005464480874 0.06181818181818182 0.14754098360655737
1 0.03090909090909091 0.7513661202185792 0.06181818181818182 0.1912568306010929
1 0.012727272727272728 0.6092896174863388 0.025454545454545455 0.11475409836065574
1 0.03272727272727273 0.46994535519125685 0.06545454545454546 0.13114754098360656
1 0.02 0.3879781420765027 0.04 0.04371584699453552
1 0.08545454545454545 0.39617486338797814 0.07636363636363637 0.07103825136612021
1 0.48 0.6693989071038251 0.2690909090909091 0.2677595628415301
1 0.4072727272727273 0.5081967213114754 0.22545454545454546 0.14207650273224043
1 0.4090909090909091 0.4371584699453552 0.3236363636363636 0.14207650273224043
1 0.5309090909090909 0.40437158469945356 0.33454545454545453 0.25136612021857924
1 0.5436363636363636 0.5300546448087432 0.2727272727272727 0.33879781420765026
1 0.5745454545454546 0.6338797814207651 0.24 0.36065573770491804
1 0.64 0.6092896174863388 0.3054545454545455 0.48633879781420764
1 0.6309090909090909 0.8333333333333334 0.07636363636363637 0.22404371584699453
1 0.8727272727272727 0.4207650273224044 0.17454545454545456 0.25136612021857924
1 0.9709090909090909 0.39344262295081966 0.05090909090909091 0.20765027322404372
1 0.9163636363636364 0.16393442622950818 0.16 0.32786885245901637
1 0.7290909090909091 0.33879781420765026 0.12727272727272726 0.19672131147540983
1 0.7290909090909091 0.2459016393442623 0.06181818181818182 0.09836065573770492
1 0.8072727272727273 0.20765027322404372 0.06545454545454546 0.08743169398907104
1 0.7836363636363637 0.19672131147540983 0.04727272727272727 0.08743169398907104
1 0.7272727272727273 0.16120218579234974 0.03636363636363636 0.060109289617486336
1 0.6854545454545454 0.20491803278688525 0.07636363636363637 0.10382513661202186
1 0.8072727272727273 0.1284153005464481 0.06545454545454546 0.09289617486338798
1 0.7527272727272727 0.08196721311475409 0.05090909090909091 0.09836065573770492
1 0.7854545454545454 0.06284153005464481 0.03636363636363636 0.03825136612021858
1 0.7127272727272728 0.07103825136612021 0.04363636363636364 0.09836065573770492
1 0.6745454545454546 0.10382513661202186 0.06181818181818182 0.08743169398907104
1 0.14 0.30327868852459017 0.28 0.6065573770491803
1 0.27636363636363637 0.226775956284153 0.16727272727272727 0.2568306010928962
1 0.43454545454545457 0.27595628415300544 0.1709090909090909 0.2677595628415301
1 0.5781818181818181 0.1994535519125683 0.16 0.2568306010928962
1 0.6509090909090909 0.07650273224043716 0.05090909090909091 0.08743169398907104
1 0.7054545454545454 0.03278688524590164 0.07272727272727272 0.06557377049180328
1 0.6709090909090909 0.01366120218579235 0.05454545454545454 0.0273224043715847
1 0.7218181818181818 0.00819672131147541 0.04727272727272727 0.01639344262295082
1 0.6309090909090909 0.0273224043715847 0.06181818181818182 0.0546448087431694
1 0.6090909090909091 0.060109289617486336 0.04 0.06557377049180328
1 0.6509090909090909 0.06284153005464481 0.04363636363636364 0.03825136612021858
1 0.5218181818181818 0.04918032786885246 0.15636363636363637 0.09836065573770492
1 0.3618181818181818 0.07103825136612021 0.15636363636363637 0.14207650273224043