1 0.8634615384615385 0.7512953367875648 0.11923076923076924 0.15544041450777202
1 0.8692307692307693 0.6373056994818653 0.06923076923076923 0.08290155440414508
1 0.9019230769230769 0.655440414507772 0.019230769230769232 0.015544041450777202
1 0.9076923076923077 0.6865284974093264 0.03076923076923077 0.03626943005181347
1 0.7961538461538461 0.6580310880829016 0.1076923076923077 0.12435233160621761
1 0.7692307692307693 0.7642487046632125 0.03076923076923077 0.03626943005181347
1 0.7865384615384615 0.7616580310880829 0.03461538461538462 0.031088082901554404
1 0.7826923076923077 0.727979274611399 0.03461538461538462 0.015544041450777202
1 0.7903846153846154 0.805699481865285 0.04230769230769231 0.03626943005181347
1 0.7673076923076924 0.810880829015544 0.026923076923076925 0.03626943005181347
1 0.7442307692307693 0.8367875647668394 0.04230769230769231 0.025906735751295335
1 0.698076923076923 0.7590673575129534 0.12692307692307692 0.19170984455958548
1 0.8 0.6010362694300518 0.11538461538461539 0.12435233160621761
1 0.875 0.5621761658031088 0.07307692307692308 0.046632124352331605
1 0.9173076923076923 0.5595854922279793 0.057692307692307696 0.09326424870466321
1 0.7826923076923077 0.5051813471502591 0.29615384615384616 0.13989637305699482
1 0.6211538461538462 0.7357512953367875 0.09615384615384616 0.12435233160621761
1 0.5596153846153846 0.8160621761658031 0.11923076923076924 0.12953367875647667
1 0.45 0.8367875647668394 0.2076923076923077 0.046632124352331605
1 0.5 0.7823834196891192 0.1 0.09326424870466321
1 0.42115384615384616 0.7927461139896373 0.06538461538461539 0.05181347150259067
1 0.375 0.7694300518134715 0.08076923076923077 0.10880829015544041
1 0.4153846153846154 0.694300518134715 0.11538461538461539 0.16580310880829016
1 0.4673076923076923 0.6139896373056994 0.06538461538461539 0.12953367875647667
1 0.5038461538461538 0.616580310880829 0.06153846153846154 0.12435233160621761
1 0.5480769230769231 0.6113989637305699 0.07307692307692308 0.06217616580310881
1 0.5423076923076923 0.6580310880829016 0.03076923076923077 0.06217616580310881
1 0.5769230769230769 0.5544041450777202 0.11538461538461539 0.12435233160621761
1 0.5788461538461539 0.46632124352331605 0.08846153846153847 0.11398963730569948
1 0.676923076923077 0.6062176165803109 0.06153846153846154 0.14507772020725387
1 0.8461538461538461 0.15544041450777202 0.12307692307692308 0.12435233160621761
1 0.8826923076923077 0.2538860103626943 0.10384615384615385 0.14507772020725387
1 0.8846153846153846 0.41450777202072536 0.06153846153846154 0.17616580310880828
1 0.8076923076923077 0.34196891191709844 0.12307692307692308 0.16580310880829016
1 0.7615384615384615 0.11398963730569948 0.08461538461538462 0.12435233160621761
1 0.7846153846153846 0.22279792746113988 0.13846153846153847 0.10362694300518134
1 0.8115384615384615 0.32124352331606215 0.1076923076923077 0.10362694300518134
1 0.8038461538461539 0.3756476683937824 0.1076923076923077 0.08808290155440414
1 0.7653846153846153 0.40932642487046633 0.15384615384615385 0.15544041450777202
1 0.6615384615384615 0.19948186528497408 0.14615384615384616 0.21243523316062177
1 0.6653846153846154 0.35233160621761656 0.05384615384615385 0.11398963730569948
1 0.6557692307692308 0.09067357512953368 0.07307692307692308 0.13989637305699482
1 0.6076923076923076 0.07512953367875648 0.12307692307692308 0.07772020725388601
1 0.5480769230769231 0.10880829015544041 0.1346153846153846 0.09326424870466321
1 0.46153846153846156 0.13730569948186527 0.14615384615384616 0.09844559585492228
1 0.5423076923076923 0.15284974093264247 0.038461538461538464 0.046632124352331605
1 0.4403846153846154 0.06735751295336788 0.04230769230769231 0.06217616580310881
1 0.49038461538461536 0.27461139896373055 0.11153846153846154 0.20725388601036268
1 0.5288461538461539 0.27979274611398963 0.057692307692307696 0.06217616580310881
1 0.5 0.3704663212435233 0.038461538461538464 0.07772020725388601
1 0.573076923076923 0.38341968911917096 0.11538461538461539 0.12435233160621761
1 0.5865384615384616 0.2849740932642487 0.06538461538461539 0.09326424870466321
1 0.45576923076923076 0.4740932642487047 0.1346153846153846 0.17098445595854922
1 0.4461538461538462 0.43005181347150256 0.19230769230769232 0.27979274611398963
1 0.2980769230769231 0.44559585492227977 0.1346153846153846 0.13471502590673576
1 0.3596153846153846 0.3860103626943005 0.07307692307692308 0.09844559585492228
1 0.3173076923076923 0.3316062176165803 0.019230769230769232 0.031088082901554404
1 0.38461538461538464 0.2823834196891192 0.08461538461538462 0.06735751295336788
1 0.3576923076923077 0.5103626943005182 0.07692307692307693 0.12953367875647667
1 0.32884615384615384 0.6398963730569949 0.06538461538461539 0.12953367875647667
1 0.3096153846153846 0.7020725388601037 0.09615384615384616 0.10880829015544041
1 0.3038461538461538 0.7875647668393783 0.06923076923076923 0.10362694300518134
1 0.23461538461538461 0.7694300518134715 0.07692307692307693 0.13989637305699482
1 0.17115384615384616 0.7979274611398963 0.05 0.06217616580310881
1 0.17884615384615385 0.7409326424870466 0.09615384615384616 0.07253886010362694
1 0.1519230769230769 0.689119170984456 0.057692307692307696 0.05181347150259067
1 0.15576923076923077 0.6321243523316062 0.057692307692307696 0.10362694300518134
1 0.19230769230769232 0.6787564766839378 0.038461538461538464 0.08290155440414508
1 0.2 0.5984455958549223 0.046153846153846156 0.17098445595854922
1 0.24807692307692308 0.6424870466321243 0.057692307692307696 0.10362694300518134
1 0.275 0.5673575129533679 0.08846153846153847 0.09844559585492228
1 0.225 0.5103626943005182 0.04230769230769231 0.08808290155440414
1 0.26153846153846155 0.35233160621761656 0.17692307692307693 0.23834196891191708
1 0.38269230769230766 0.2823834196891192 0.07307692307692308 0.06735751295336788
1 0.4115384615384615 0.21761658031088082 0.1 0.11398963730569948
1 0.38653846153846155 0.15803108808290156 0.05 0.046632124352331605
1 0.3596153846153846 0.15544041450777202 0.057692307692307696 0.15544041450777202
1 0.35192307692307695 0.11398963730569948 0.10384615384615385 0.12435233160621761
1 0.2865384615384615 0.16062176165803108 0.08846153846153847 0.11398963730569948
1 0.27307692307692305 0.07512953367875648 0.08461538461538462 0.05699481865284974
1 0.2326923076923077 0.09585492227979274 0.03461538461538462 0.06735751295336788
1 0.19038461538461537 0.09326424870466321 0.05 0.10362694300518134
1 0.175 0.15284974093264247 0.09615384615384616 0.17098445595854922
1 0.2326923076923077 0.21243523316062177 0.057692307692307696 0.08290155440414508
1 0.1 0.3134715025906736 0.12307692307692308 0.15025906735751296
1 0.09807692307692308 0.45595854922279794 0.04230769230769231 0.16580310880829016
1 0.07884615384615384 0.45595854922279794 0.026923076923076925 0.17616580310880828
1 0.1076923076923077 0.5880829015544041 0.07692307692307693 0.08808290155440414
1 0.12307692307692308 0.7253886010362695 0.08461538461538462 0.18652849740932642
1 0.1576923076923077 0.538860103626943 0.038461538461538464 0.06217616580310881
1 0.17307692307692307 0.48704663212435234 0.046153846153846156 0.06217616580310881
1 0.12307692307692308 0.4689119170984456 0.05384615384615385 0.09844559585492228
1 0.18653846153846154 0.3601036269430052 0.11153846153846154 0.19170984455958548
1 0.12307692307692308 0.16839378238341968 0.1076923076923077 0.10880829015544041
1 0.12307692307692308 0.11139896373056994 0.09230769230769231 0.09844559585492228