1 0.9476534296028881 0.8489010989010989 0.07581227436823104 0.1043956043956044
1 0.9819494584837545 0.8131868131868132 0.02888086642599278 0.12087912087912088
1 0.983754512635379 0.7225274725274725 0.02527075812274368 0.07142857142857142
1 0.9638989169675091 0.6868131868131868 0.06498194945848375 0.06593406593406594
1 0.9115523465703971 0.7252747252747253 0.039711191335740074 0.054945054945054944
1 0.944043321299639 0.7527472527472527 0.06859205776173286 0.06593406593406594
1 0.9422382671480144 0.7912087912087912 0.05776173285198556 0.054945054945054944
1 0.9765342960288809 0.8901098901098901 0.039711191335740074 0.054945054945054944
1 0.983754512635379 0.9423076923076923 0.02527075812274368 0.06043956043956044
1 0.9350180505415162 0.9642857142857143 0.04332129963898917 0.06043956043956044
1 0.9566787003610109 0.9532967032967034 0.02888086642599278 0.06043956043956044
1 0.9259927797833934 0.9065934065934066 0.05415162454873646 0.054945054945054944
1 0.8971119133574007 0.9258241758241759 0.039711191335740074 0.06043956043956044
1 0.8754512635379061 0.967032967032967 0.061371841155234655 0.054945054945054944
1 0.8935018050541517 0.8626373626373627 0.039711191335740074 0.054945054945054944
1 0.8700361010830325 0.8104395604395604 0.05776173285198556 0.04945054945054945
1 0.8989169675090253 0.7747252747252747 0.021660649819494584 0.04395604395604396
1 0.8537906137184116 0.771978021978022 0.07581227436823104 0.09340659340659341
1 0.796028880866426 0.8159340659340659 0.061371841155234655 0.09340659340659341
1 0.8285198555956679 0.8516483516483516 0.039711191335740074 0.06593406593406594
1 0.8574007220216606 0.8901098901098901 0.05415162454873646 0.07692307692307693
1 0.8375451263537906 0.9285714285714286 0.04332129963898917 0.06593406593406594
1 0.8032490974729242 0.9010989010989011 0.05415162454873646 0.06593406593406594
1 0.7346570397111913 0.8818681318681318 0.061371841155234655 0.06043956043956044
1 0.7563176895306859 0.9340659340659341 0.039711191335740074 0.06593406593406594
1 0.7870036101083032 0.9615384615384616 0.05776173285198556 0.06593406593406594
1 0.7454873646209387 0.7939560439560439 0.032490974729241874 0.038461538461538464
1 0.7057761732851986 0.8131868131868132 0.04693140794223827 0.054945054945054944
1 0.7274368231046932 0.8379120879120879 0.06859205776173286 0.04945054945054945
1 0.6949458483754513 0.8763736263736264 0.02527075812274368 0.04945054945054945
1 0.6696750902527075 0.8598901098901099 0.032490974729241874 0.07142857142857142
1 0.6299638989169675 0.8461538461538461 0.04693140794223827 0.08791208791208792
1 0.6083032490974729 0.8873626373626373 0.04693140794223827 0.07142857142857142
1 0.644404332129964 0.9203296703296703 0.02527075812274368 0.06043956043956044
1 0.6805054151624549 0.9258241758241759 0.039711191335740074 0.06043956043956044
1 0.7075812274368231 0.9478021978021978 0.04332129963898917 0.06043956043956044
1 0.7310469314079422 0.9752747252747253 0.04693140794223827 0.038461538461538464
1 0.6732851985559567 0.9807692307692307 0.05415162454873646 0.027472527472527472
1 0.6570397111913358 0.9697802197802198 0.036101083032490974 0.04945054945054945
1 0.628158844765343 0.9395604395604396 0.036101083032490974 0.04395604395604396
1 0.648014440433213 0.9148351648351648 0.02527075812274368 0.038461538461538464
1 0.5794223826714802 0.9340659340659341 0.05415162454873646 0.054945054945054944
1 0.5776173285198556 0.967032967032967 0.036101083032490974 0.054945054945054944
1 0.6137184115523465 0.9752747252747253 0.04332129963898917 0.038461538461538464
1 0.5397111913357401 0.978021978021978 0.02527075812274368 0.03296703296703297
1 0.5270758122743683 0.9862637362637363 0.02888086642599278 0.016483516483516484
1 0.4963898916967509 0.9862637362637363 0.018050541516245487 0.016483516483516484
1 0.9620938628158845 0.5439560439560439 0.06859205776173286 0.0989010989010989
1 0.9729241877256317 0.3956043956043956 0.039711191335740074 0.054945054945054944
1 0.9494584837545126 0.42857142857142855 0.04332129963898917 0.04395604395604396
1 0.9638989169675091 0.4697802197802198 0.02888086642599278 0.04945054945054945
1 0.9909747292418772 0.4697802197802198 0.010830324909747292 0.04945054945054945
1 0.9259927797833934 0.45879120879120877 0.04693140794223827 0.04945054945054945
1 0.9025270758122743 0.4340659340659341 0.021660649819494584 0.04395604395604396
1 0.9043321299638989 0.49725274725274726 0.039711191335740074 0.04945054945054945
1 0.8285198555956679 0.44505494505494503 0.05415162454873646 0.0989010989010989
1 0.8393501805054152 0.5164835164835165 0.04693140794223827 0.06593406593406594
1 0.8772563176895307 0.5274725274725275 0.02888086642599278 0.04395604395604396
1 0.8592057761732852 0.5686813186813187 0.04332129963898917 0.038461538461538464
1 0.8068592057761733 0.5521978021978022 0.061371841155234655 0.08241758241758242
1 0.7888086642599278 0.49725274725274726 0.039711191335740074 0.06043956043956044
1 0.776173285198556 0.4230769230769231 0.05054151624548736 0.07692307692307693
1 0.7328519855595668 0.45604395604395603 0.06498194945848375 0.0989010989010989
1 0.6750902527075813 0.46703296703296704 0.05776173285198556 0.0989010989010989
1 0.7454873646209387 0.5467032967032966 0.05415162454873646 0.07142857142857142
1 0.7256317689530686 0.5274725274725275 0.05776173285198556 0.07692307692307693
1 0.7545126353790613 0.6236263736263736 0.05776173285198556 0.09340659340659341
1 0.8086642599277978 0.6126373626373627 0.04332129963898917 0.038461538461538464
1 0.6877256317689531 0.5714285714285714 0.032490974729241874 0.03296703296703297
1 0.6768953068592057 0.6373626373626373 0.06859205776173286 0.0989010989010989
1 0.7166064981949458 0.6236263736263736 0.018050541516245487 0.08241758241758242
1 0.648014440433213 0.5576923076923077 0.039711191335740074 0.06043956043956044
1 0.6101083032490975 0.5054945054945055 0.06498194945848375 0.08791208791208792
1 0.5685920577617328 0.5439560439560439 0.08303249097472924 0.0989010989010989
1 0.6191335740072202 0.6016483516483516 0.04693140794223827 0.08241758241758242
1 0.5595667870036101 0.6593406593406593 0.09386281588447654 0.13186813186813187
1 0.6263537906137184 0.6868131868131868 0.04693140794223827 0.08791208791208792
1 0.6010830324909747 0.7445054945054945 0.09025270758122744 0.09340659340659341
1 0.5090252707581228 0.5961538461538461 0.04332129963898917 0.1043956043956044
1 0.4891696750902527 0.5357142857142857 0.04693140794223827 0.08241758241758242
1 0.4620938628158845 0.6263736263736264 0.06498194945848375 0.10989010989010989
1 0.4548736462093863 0.717032967032967 0.07220216606498195 0.1043956043956044
1 0.42057761732851984 0.7445054945054945 0.07581227436823104 0.07142857142857142
1 0.4296028880866426 0.8159340659340659 0.08664259927797834 0.12637362637362637
1 0.5072202166064982 0.8131868131868132 0.08303249097472924 0.12087912087912088
1 0.5397111913357401 0.8763736263736264 0.039711191335740074 0.04945054945054945
1 0.5830324909747292 0.8461538461538461 0.05415162454873646 0.054945054945054944
1 0.4548736462093863 0.9148351648351648 0.08664259927797834 0.08241758241758242
1 0.3844765342960289 0.8681318681318682 0.06859205776173286 0.0989010989010989
1 0.3483754512635379 0.804945054945055 0.07581227436823104 0.09340659340659341
1 0.315884476534296 0.7637362637362637 0.05415162454873646 0.10989010989010989
1 0.36462093862815886 0.717032967032967 0.05776173285198556 0.1043956043956044
1 0.33935018050541516 0.6785714285714286 0.05054151624548736 0.08241758241758242
1 0.3971119133574007 0.6483516483516484 0.06498194945848375 0.13186813186813187
1 0.44223826714801445 0.5631868131868132 0.05415162454873646 0.038461538461538464
1 0.5108303249097473 0.728021978021978 0.039711191335740074 0.06043956043956044
1 0.5613718411552346 0.47802197802197804 0.04693140794223827 0.04395604395604396
1 0.6046931407942239 0.42857142857142855 0.032490974729241874 0.054945054945054944
1 0.628158844765343 0.4478021978021978 0.036101083032490974 0.06043956043956044
1 0.6462093862815884 0.37362637362637363 0.02888086642599278 0.04395604395604396
1 0.6624548736462094 0.3983516483516483 0.039711191335740074 0.04945054945054945
1 0.7166064981949458 0.3791208791208791 0.05415162454873646 0.07692307692307693
1 0.927797833935018 0.29395604395604397 0.05054151624548736 0.038461538461538464
1 0.9620938628158845 0.25824175824175827 0.039711191335740074 0.04395604395604396
1 0.8321299638989169 0.21428571428571427 0.07581227436823104 0.054945054945054944
1 0.9007220216606499 0.21703296703296704 0.032490974729241874 0.027472527472527472
1 0.8989169675090253 0.24725274725274726 0.07942238267148015 0.054945054945054944
1 0.8212996389891697 0.26373626373626374 0.08303249097472924 0.06593406593406594
1 0.7707581227436823 0.31043956043956045 0.061371841155234655 0.06043956043956044
1 0.7689530685920578 0.26373626373626374 0.021660649819494584 0.04395604395604396
1 0.723826714801444 0.3076923076923077 0.039711191335740074 0.054945054945054944
1 0.8501805054151624 0.28846153846153844 0.05415162454873646 0.038461538461538464
1 0.34296028880866425 0.5769230769230769 0.1588447653429603 0.10989010989010989
1 0.36101083032490977 0.5054945054945055 0.02888086642599278 0.07692307692307693
1 0.34296028880866425 0.45879120879120877 0.02888086642599278 0.04945054945054945
1 0.27978339350180503 0.5302197802197802 0.09747292418772563 0.09340659340659341
1 0.26895306859205775 0.5824175824175825 0.13357400722021662 0.07692307692307693
1 0.2075812274368231 0.6401098901098901 0.061371841155234655 0.07142857142857142
1 0.2364620938628159 0.6510989010989011 0.09025270758122744 0.07142857142857142
1 0.22021660649819494 0.717032967032967 0.11552346570397112 0.08241758241758242
1 0.315884476534296 0.6593406593406593 0.09025270758122744 0.07692307692307693
1 0.48736462093862815 0.4340659340659341 0.1299638989169675 0.06593406593406594
1 0.5505415162454874 0.3873626373626374 0.11913357400722022 0.08241758241758242
1 0.6155234657039711 0.3516483516483517 0.04693140794223827 0.10989010989010989
1 0.5541516245487365 0.3131868131868132 0.08303249097472924 0.08791208791208792
1 0.49097472924187724 0.3076923076923077 0.07220216606498195 0.07692307692307693
1 0.4602888086642599 0.38186813186813184 0.11191335740072202 0.1043956043956044
1 0.3935018050541516 0.4423076923076923 0.05054151624548736 0.07142857142857142
1 0.40794223826714804 0.489010989010989 0.05776173285198556 0.07692307692307693
1 0.4891696750902527 0.4642857142857143 0.10469314079422383 0.04945054945054945
1 0.3628158844765343 0.4340659340659341 0.04693140794223827 0.06593406593406594
1 0.3989169675090253 0.36813186813186816 0.032490974729241874 0.07692307692307693
1 0.4332129963898917 0.31043956043956045 0.036101083032490974 0.06043956043956044
1 0.6046931407942239 0.22802197802197802 0.10469314079422383 0.13736263736263737
1 0.648014440433213 0.32142857142857145 0.04693140794223827 0.08241758241758242
1 0.3700361010830325 0.17307692307692307 0.061371841155234655 0.07142857142857142
1 0.5884476534296029 0.14560439560439561 0.26714801444043323 0.2802197802197802
1 0.38086642599277976 0.17582417582417584 0.17689530685920576 0.1978021978021978
1 0.3267148014440433 0.41483516483516486 0.13357400722021662 0.12637362637362637
1 0.20938628158844766 0.5 0.12274368231046931 0.08791208791208792
1 0.1371841155234657 0.5467032967032966 0.06498194945848375 0.06043956043956044
1 0.29061371841155237 0.33791208791208793 0.18411552346570398 0.1043956043956044
1 0.15162454873646208 0.43131868131868134 0.08664259927797834 0.04945054945054945
1 0.1588447653429603 0.3516483516483517 0.05776173285198556 0.04395604395604396
1 0.11552346570397112 0.38186813186813184 0.04332129963898917 0.04945054945054945
1 0.0740072202166065 0.40934065934065933 0.05415162454873646 0.04945054945054945
1 0.2924187725631769 0.12362637362637363 0.16606498194945848 0.17032967032967034
1 0.2184115523465704 0.14560439560439561 0.13357400722021662 0.09340659340659341
1 0.12093862815884476 0.24175824175824176 0.06859205776173286 0.06593406593406594
1 0.2328519855595668 0.2087912087912088 0.11913357400722022 0.06593406593406594
1 0.052346570397111915 0.3159340659340659 0.10469314079422383 0.12637362637362637
1 0.26534296028880866 0.23626373626373626 0.06859205776173286 0.054945054945054944
1 0.2292418772563177 0.2774725274725275 0.061371841155234655 0.06043956043956044
1 0.2779783393501805 0.2664835164835165 0.02888086642599278 0.04945054945054945
1 0.18592057761732853 0.28846153846153844 0.039711191335740074 0.04945054945054945