1 0.8933333333333333 0.3244047619047619 0.12 0.375
1 0.9433333333333334 0.37202380952380953 0.10666666666666667 0.2916666666666667
1 0.9366666666666666 0.4880952380952381 0.12 0.11904761904761904
1 0.84 0.5238095238095238 0.08 0.13095238095238096
1 0.8833333333333333 0.6101190476190477 0.06666666666666667 0.10119047619047619
1 0.8416666666666667 0.625 0.06333333333333334 0.08333333333333333
1 0.7866666666666666 0.5595238095238095 0.06666666666666667 0.11904761904761904
1 0.745 0.5357142857142857 0.043333333333333335 0.07142857142857142
1 0.8066666666666666 0.125 0.3 0.25
1 0.8516666666666667 0.3541666666666667 0.06333333333333334 0.25595238095238093
1 0.7816666666666666 0.30952380952380953 0.11 0.23809523809523808
1 0.8316666666666667 0.36607142857142855 0.056666666666666664 0.07738095238095238
1 0.8166666666666667 0.4494047619047619 0.1 0.10119047619047619
1 0.7933333333333333 0.6428571428571429 0.03333333333333333 0.047619047619047616
1 0.7466666666666667 0.6190476190476191 0.06666666666666667 0.10714285714285714
1 0.7033333333333334 0.5625 0.06 0.08928571428571429
1 0.66 0.5833333333333334 0.06666666666666667 0.07142857142857142
1 0.665 0.6279761904761905 0.06333333333333334 0.07738095238095238
1 0.7066666666666667 0.6517857142857143 0.02666666666666667 0.02976190476190476
1 0.6083333333333333 0.6339285714285714 0.05 0.06547619047619048
1 0.5983333333333334 0.5833333333333334 0.056666666666666664 0.07142857142857142
1 0.5816666666666667 0.49404761904761907 0.07666666666666666 0.10714285714285714
1 0.5316666666666666 0.5595238095238095 0.08333333333333333 0.09523809523809523
1 0.54 0.6398809523809523 0.08 0.125
1 0.5133333333333333 0.7291666666666666 0.07333333333333333 0.08928571428571429
1 0.49 0.6696428571428571 0.04666666666666667 0.10119047619047619
1 0.7566666666666667 0.6964285714285714 0.38666666666666666 0.08333333333333333
1 0.745 0.7678571428571429 0.4633333333333333 0.10714285714285714
1 0.6866666666666666 0.8273809523809523 0.42 0.09523809523809523
1 0.6983333333333334 0.9047619047619048 0.4766666666666667 0.17857142857142858
1 0.25333333333333335 0.7083333333333334 0.4266666666666667 0.11904761904761904
1 0.405 0.7619047619047619 0.14333333333333334 0.05952380952380952
1 0.32666666666666666 0.7916666666666666 0.4533333333333333 0.05952380952380952
1 0.2833333333333333 0.8630952380952381 0.32 0.07142857142857142
1 0.41833333333333333 0.5773809523809523 0.2633333333333333 0.17857142857142858
1 0.33 0.5863095238095238 0.08 0.10119047619047619
1 0.42 0.5416666666666666 0.13333333333333333 0.14285714285714285
1 0.5 0.4494047619047619 0.09333333333333334 0.125
1 0.465 0.35714285714285715 0.25 0.17857142857142858
1 0.555 0.2916666666666667 0.13 0.15476190476190477
1 0.6233333333333333 0.25 0.05333333333333334 0.10714285714285714
1 0.68 0.25892857142857145 0.09333333333333334 0.16071428571428573
1 0.7416666666666667 0.2708333333333333 0.03666666666666667 0.05357142857142857
1 0.7433333333333333 0.34226190476190477 0.07333333333333333 0.10119047619047619
1 0.5766666666666667 0.14285714285714285 0.08666666666666667 0.10714285714285714
1 0.6333333333333333 0.12202380952380952 0.06 0.08928571428571429
1 0.6566666666666666 0.07738095238095238 0.04 0.047619047619047616
1 0.5433333333333333 0.08333333333333333 0.05333333333333334 0.05952380952380952
1 0.49666666666666665 0.13095238095238096 0.07333333333333333 0.09523809523809523
1 0.345 0.08928571428571429 0.29 0.17857142857142858
1 0.4116666666666667 0.14285714285714285 0.09 0.11904761904761904
1 0.455 0.23214285714285715 0.09666666666666666 0.10714285714285714
1 0.30666666666666664 0.23511904761904762 0.20666666666666667 0.24404761904761904
1 0.10666666666666667 0.33035714285714285 0.21333333333333335 0.6011904761904762
1 0.135 0.4255952380952381 0.13 0.22023809523809523
1 0.22166666666666668 0.5892857142857143 0.15 0.23809523809523808
1 0.08 0.6101190476190477 0.14 0.23214285714285715
1 0.37666666666666665 0.41964285714285715 0.14 0.17261904761904762
1 0.26666666666666666 0.35119047619047616 0.12 0.11904761904761904
1 0.3383333333333333 0.35714285714285715 0.07666666666666666 0.10714285714285714
1 0.275 0.4494047619047619 0.09 0.125