1 0.8975694444444444 0.5428571428571428 0.1701388888888889 0.8571428571428571
1 0.9288194444444444 0.32857142857142857 0.1076388888888889 0.4057142857142857
1 0.8802083333333334 0.7485714285714286 0.08680555555555555 0.4685714285714286
1 0.8576388888888888 0.12285714285714286 0.04861111111111111 0.10857142857142857
1 0.8472222222222222 0.04857142857142857 0.0625 0.06285714285714286
1 0.9010416666666666 0.07428571428571429 0.052083333333333336 0.09142857142857143
1 0.9427083333333334 0.15428571428571428 0.059027777777777776 0.11428571428571428
1 0.953125 0.06857142857142857 0.052083333333333336 0.10285714285714286
1 0.7309027777777778 0.054285714285714284 0.12152777777777778 0.08571428571428572
1 0.7239583333333334 0.19714285714285715 0.09375 0.2342857142857143
1 0.6059027777777778 0.07142857142857142 0.08680555555555555 0.12
1 0.5329861111111112 0.07142857142857142 0.07291666666666667 0.12
1 0.4670138888888889 0.12285714285714286 0.08680555555555555 0.22285714285714286
1 0.4045138888888889 0.07142857142857142 0.08680555555555555 0.13142857142857142
1 0.2690972222222222 0.13428571428571429 0.14930555555555555 0.24571428571428572
1 0.1736111111111111 0.18571428571428572 0.13194444444444445 0.26857142857142857
1 0.7378472222222222 0.6371428571428571 0.1076388888888889 0.6571428571428571
1 0.6336805555555556 0.5057142857142857 0.1076388888888889 0.7714285714285715
1 0.5434027777777778 0.49142857142857144 0.10069444444444445 0.72
1 0.4444444444444444 0.5828571428571429 0.1111111111111111 0.7314285714285714
1 0.3454861111111111 0.5257142857142857 0.14930555555555555 0.8228571428571428
1 0.2361111111111111 0.6142857142857143 0.09027777777777778 0.7371428571428571
1 0.14930555555555555 0.6514285714285715 0.09027777777777778 0.6628571428571428
1 0.3038194444444444 0.9514285714285714 0.052083333333333336 0.05142857142857143
1 0.3767361111111111 0.8657142857142858 0.12152777777777778 0.22285714285714286
1 0.4756944444444444 0.8314285714285714 0.0763888888888889 0.2914285714285714
1 0.5381944444444444 0.8885714285714286 0.0763888888888889 0.1657142857142857
1 0.6302083333333334 0.8771428571428571 0.09375 0.2
1 0.7065972222222222 0.84 0.059027777777777776 0.2742857142857143
1 0.0798611111111111 0.5485714285714286 0.1527777777777778 0.8457142857142858