1 0.6081081081081081 0.6030927835051546 0.13513513513513514 0.10309278350515463
1 0.611969111969112 0.5283505154639175 0.10424710424710425 0.10824742268041238
1 0.6196911196911197 0.7912371134020618 0.11969111969111969 0.15979381443298968
1 0.7104247104247104 0.7448453608247423 0.08494208494208494 0.11855670103092783
1 0.7895752895752896 0.7139175257731959 0.08108108108108109 0.0979381443298969
1 0.7876447876447876 0.7860824742268041 0.06177606177606178 0.05670103092783505
1 0.7258687258687259 0.6572164948453608 0.09266409266409266 0.06701030927835051
1 0.7934362934362934 0.6082474226804123 0.07335907335907337 0.09278350515463918
1 0.7181467181467182 0.5850515463917526 0.09266409266409266 0.08762886597938144
1 0.7895752895752896 0.5412371134020618 0.07335907335907337 0.10309278350515463
1 0.7104247104247104 0.49226804123711343 0.07722007722007722 0.08762886597938144
1 0.7972972972972973 0.4536082474226804 0.0888030888030888 0.09278350515463918
1 0.7799227799227799 0.3402061855670103 0.0694980694980695 0.1134020618556701
1 0.750965250965251 0.22422680412371135 0.17374517374517376 0.23195876288659795
1 0.6447876447876448 0.18041237113402062 0.08494208494208494 0.14432989690721648
1 0.6312741312741312 0.29896907216494845 0.0888030888030888 0.09278350515463918
1 0.555984555984556 0.30927835051546393 0.08494208494208494 0.09278350515463918
1 0.5617760617760618 0.19072164948453607 0.09652509652509653 0.14432989690721648
1 0.5482625482625483 0.37628865979381443 0.3474903474903475 0.07216494845360824
1 0.6544401544401545 0.42010309278350516 0.17374517374517376 0.11855670103092783
1 0.45366795366795365 0.45618556701030927 0.2277992277992278 0.07731958762886598
1 0.3552123552123552 0.48711340206185566 0.138996138996139 0.07731958762886598
1 0.4864864864864865 0.5231958762886598 0.12355212355212356 0.05670103092783505
1 0.4034749034749035 0.5592783505154639 0.21235521235521235 0.10824742268041238
1 0.44594594594594594 0.6082474226804123 0.1583011583011583 0.061855670103092786
1 0.3590733590733591 0.7757731958762887 0 0.005154639175257732
1 0.4749034749034749 0.7010309278350515 0.18532818532818532 0.28865979381443296
1 0.2876447876447876 0.6881443298969072 0.18146718146718147 0.25257731958762886
1 0.3552123552123552 0.37628865979381443 0.05405405405405406 0.08247422680412371
1 0.43243243243243246 0.3247422680412371 0.10038610038610038 0.13402061855670103
1 0.4498069498069498 0.20876288659793815 0.08108108108108109 0.13917525773195877
1 0.3764478764478765 0.18814432989690721 0.0888030888030888 0.10824742268041238
1 0.3474903474903475 0.2345360824742268 0.07722007722007722 0.10824742268041238
1 0.3667953667953668 0.2963917525773196 0.06177606177606178 0.0979381443298969
1 0.27413127413127414 0.3788659793814433 0.03861003861003861 0.06701030927835051
1 0.2799227799227799 0.29381443298969073 0.05019305019305019 0.10309278350515463
1 0.26833976833976836 0.18298969072164947 0.06563706563706563 0.0979381443298969
1 0.32432432432432434 0.17783505154639176 0.06177606177606178 0.08762886597938144
1 0.1833976833976834 0.49226804123711343 0.07335907335907337 0.7577319587628866
1 0.23938223938223938 0.41494845360824745 0.05405405405405406 0.4896907216494845
1 0.29922779922779924 0.42783505154639173 0.08108108108108109 0.32989690721649484
1 0.3223938223938224 0.6726804123711341 0.10424710424710425 0.18041237113402062
1 0.3667953667953668 0.2809278350515464 0.29343629343629346 0.33505154639175255
1 0.7567567567567568 0.6211340206185567 0.16988416988416988 0.4484536082474227