1 0.8592057761732852 0.4065934065934066 0.2743682310469314 0.4835164835164835
1 0.9205776173285198 0.8076923076923077 0.15162454873646208 0.37362637362637363
1 0.7689530685920578 0.8434065934065934 0.3176895306859206 0.3021978021978022
1 0.5685920577617328 0.9478021978021978 0.21299638989169675 0.09340659340659341
1 0.296028880866426 0.8543956043956044 0.33935018050541516 0.2802197802197802
1 0.4314079422382672 0.7060439560439561 0.23465703971119134 0.3021978021978022
1 0.6534296028880866 0.5851648351648352 0.24548736462093862 0.4010989010989011
1 0.47833935018050544 0.35714285714285715 0.3140794223826715 0.5164835164835165
1 0.15703971119133575 0.5741758241758241 0.3140794223826715 0.46703296703296704
1 0.22563176895306858 0.18406593406593408 0.26353790613718414 0.36813186813186816
1 0.04151624548736462 0.3434065934065934 0.08303249097472924 0.19230769230769232
1 0.3212996389891697 0.46703296703296704 0.07942238267148015 0.21978021978021978
1 0.3592057761732852 0.054945054945054944 0.18411552346570398 0.10989010989010989
1 0.4223826714801444 0.12912087912087913 0.12274368231046931 0.14835164835164835
1 0.5866425992779783 0.06868131868131869 0.20577617328519857 0.13736263736263737
1 0.7490974729241877 0.10989010989010989 0.1552346570397112 0.21978021978021978
1 0.6913357400722022 0.29120879120879123 0.09025270758122744 0.2087912087912088
1 0.9422382671480144 0.06868131868131869 0.10830324909747292 0.13736263736263737