1 0.8211206896551724 0.3986175115207373 0.21120689655172414 0.17972350230414746
1 0.7241379310344828 0.576036866359447 0.4482758620689655 0.10138248847926268
1 0.8189655172413793 0.7857142857142857 0.22413793103448276 0.2626728110599078
1 0.5969827586206896 0.836405529953917 0.15086206896551724 0.15207373271889402
1 0.3599137931034483 0.6290322580645161 0.2025862068965517 0.2903225806451613
1 0.1336206896551724 0.6267281105990783 0.1724137931034483 0.22119815668202766
1 0.27801724137931033 0.8548387096774194 0.4525862068965517 0.17972350230414746
1 0.4504310344827586 0.3248847926267281 0.40086206896551724 0.2626728110599078
1 0.7887931034482759 0.15207373271889402 0.27586206896551724 0.22119815668202766
1 0.4676724137931034 0.16589861751152074 0.23706896551724138 0.2304147465437788
1 0.15301724137931033 0.14516129032258066 0.1853448275862069 0.16129032258064516
1 0.13793103448275862 0.38018433179723504 0.1724137931034483 0.1889400921658986