1 0.8872727272727273 0.8934426229508197 0.10909090909090909 0.20218579234972678
1 0.9363636363636364 0.7595628415300546 0.12 0.17486338797814208
1 0.9436363636363636 0.6147540983606558 0.10545454545454545 0.18032786885245902
1 0.889090909090909 0.5437158469945356 0.14909090909090908 0.1912568306010929
1 0.9090909090909091 0.366120218579235 0.13090909090909092 0.15300546448087432
1 0.9145454545454546 0.16666666666666666 0.13454545454545455 0.21311475409836064
1 0.8345454545454546 0.12568306010928962 0.07636363636363637 0.14207650273224043
1 0.7545454545454545 0.1557377049180328 0.14909090909090908 0.23497267759562843
1 0.8 0.27595628415300544 0.13818181818181818 0.15846994535519127
1 0.7963636363636364 0.45901639344262296 0.13090909090909092 0.19672131147540983
1 0.7490909090909091 0.5901639344262295 0.16 0.20765027322404372
1 0.82 0.6967213114754098 0.13454545454545455 0.15846994535519127
1 0.8036363636363636 0.8469945355191257 0.14545454545454545 0.19672131147540983
1 0.7418181818181818 0.9644808743169399 0.10909090909090909 0.060109289617486336
1 0.6727272727272727 0.8825136612021858 0.13818181818181818 0.15846994535519127
1 0.6363636363636364 0.9699453551912568 0.12363636363636364 0.04918032786885246
1 0.5363636363636364 0.8907103825136612 0.12727272727272726 0.20765027322404372
1 0.3418181818181818 0.9398907103825137 0.13818181818181818 0.1092896174863388
1 0.3981818181818182 0.953551912568306 0.06909090909090909 0.08196721311475409
1 0.44727272727272727 0.9316939890710383 0.07272727272727272 0.12568306010928962
1 0.21818181818181817 0.953551912568306 0.14545454545454545 0.08196721311475409
1 0.1 0.8825136612021858 0.14181818181818182 0.22404371584699453
1 0.034545454545454546 0.6065573770491803 0.06909090909090909 0.20765027322404372
1 0.12181818181818181 0.6502732240437158 0.13454545454545455 0.22950819672131148
1 0.2109090909090909 0.8060109289617486 0.13818181818181818 0.22404371584699453
1 0.24727272727272728 0.6612021857923497 0.12363636363636364 0.17486338797814208
1 0.2545454545454545 0.5218579234972678 0.14545454545454545 0.21311475409836064
1 0.16 0.4207650273224044 0.15272727272727274 0.20765027322404372
1 0.07454545454545454 0.46994535519125685 0.11272727272727273 0.18579234972677597
1 0.1 0.2896174863387978 0.04727272727272727 0.13114754098360656
1 0.1690909090909091 0.25956284153005466 0.14909090909090908 0.21311475409836064
1 0.29454545454545455 0.3114754098360656 0.13090909090909092 0.19672131147540983
1 0.3090909090909091 0.40437158469945356 0.16727272727272727 0.09836065573770492
1 0.4254545454545455 0.453551912568306 0.06545454545454546 0.08743169398907104
1 0.4527272727272727 0.5710382513661202 0.09818181818181818 0.18032786885245902
1 0.3509090909090909 0.49453551912568305 0.09818181818181818 0.15846994535519127
1 0.12363636363636364 0.1092896174863388 0.13090909090909092 0.19672131147540983
1 0.23272727272727273 0.08743169398907104 0.11636363636363636 0.17486338797814208
1 0.3181818181818182 0.030054644808743168 0.11272727272727273 0.060109289617486336
1 0.44545454545454544 0.04644808743169399 0.14181818181818182 0.09289617486338798
1 0.6 0.08743169398907104 0.11636363636363636 0.17486338797814208
1 0.7 0.03278688524590164 0.11272727272727273 0.06557377049180328
1 0.8072727272727273 0.030054644808743168 0.10909090909090909 0.060109289617486336
1 0.6818181818181818 0.2896174863387978 0.10545454545454545 0.19672131147540983
1 0.5727272727272728 0.24863387978142076 0.12 0.1912568306010929
1 0.4890909090909091 0.15300546448087432 0.11272727272727273 0.19672131147540983
1 0.41454545454545455 0.2978142076502732 0.10181818181818182 0.20218579234972678
1 0.3563636363636364 0.13934426229508196 0.11636363636363636 0.16939890710382513
1 0.42363636363636364 0.15027322404371585 0.04 0.1366120218579235
1 0.58 0.43989071038251365 0.12 0.18032786885245902
1 0.6727272727272727 0.48633879781420764 0.13090909090909092 0.17486338797814208
1 0.6545454545454545 0.7295081967213115 0.16 0.23497267759562843
1 0.48545454545454547 0.7786885245901639 0.12 0.20218579234972678
1 0.5618181818181818 0.6721311475409836 0.13454545454545455 0.2185792349726776
1 0.3690909090909091 0.8224043715846995 0.12727272727272726 0.15846994535519127
1 0.2909090909090909 0.819672131147541 0.05818181818181818 0.17486338797814208
1 0.3690909090909091 0.680327868852459 0.14181818181818182 0.21311475409836064
1 0.48727272727272725 0.3633879781420765 0.10909090909090909 0.1912568306010929
1 0.43272727272727274 0.4453551912568306 0.08 0.10382513661202186