1 0.7122641509433962 0.8522012578616353 0.33647798742138363 0.2830188679245283
1 0.7657232704402516 0.7452830188679245 0.31761006289308175 0.3836477987421384
1 0.7562893081761006 0.48427672955974843 0.27358490566037735 0.33962264150943394
1 0.8286163522012578 0.31761006289308175 0.2610062893081761 0.27044025157232704
1 0.789308176100629 0.1918238993710692 0.2389937106918239 0.18238993710691823
1 0.7625786163522013 0.06918238993710692 0.14150943396226415 0.12578616352201258
1 0.8160377358490566 0.04716981132075472 0.19811320754716982 0.09433962264150944
1 0.5974842767295597 0.02830188679245283 0.1761006289308176 0.05660377358490566
1 0.5644654088050315 0.1069182389937107 0.21069182389937108 0.18867924528301888
1 0.5377358490566038 0.22955974842767296 0.27672955974842767 0.2578616352201258
1 0.4889937106918239 0.4716981132075472 0.24842767295597484 0.41509433962264153
1 0.3081761006289308 0.7421383647798742 0.3018867924528302 0.4528301886792453
1 0.20125786163522014 0.9119496855345912 0.29559748427672955 0.16352201257861634
1 0.04874213836477988 0.6194968553459119 0.09748427672955975 0.42138364779874216
1 0.1509433962264151 0.42452830188679247 0.3018867924528302 0.4088050314465409
1 0.25471698113207547 0.24528301886792453 0.2830188679245283 0.2893081761006289
1 0.2908805031446541 0.12578616352201258 0.21069182389937108 0.20125786163522014
1 0.35691823899371067 0.059748427672955975 0.19811320754716982 0.11949685534591195