1 0.5886363636363636 0.5363636363636364 0.20454545454545456 0.09090909090909091
1 0.5795454545454546 0.6060606060606061 0.20454545454545456 0.08484848484848485
1 0.5181818181818182 0.6242424242424243 0.21818181818181817 0.07272727272727272
1 0.5477272727272727 0.6787878787878788 0.15 0.048484848484848485
1 0.5909090909090909 0.7272727272727273 0.12727272727272726 0.14545454545454545
1 0.4590909090909091 0.5545454545454546 0.09090909090909091 0.05454545454545454
1 0.475 0.4212121212121212 0.15 0.2
1 0.33181818181818185 0.47878787878787876 0.21818181818181817 0.21818181818181817
1 0.4090909090909091 0.7484848484848485 0.09090909090909091 0.12727272727272726
1 0.4636363636363636 0.7757575757575758 0.05454545454545454 0.08484848484848485
1 0.4 0.8454545454545455 0.07272727272727272 0.06666666666666667
1 0.3386363636363636 0.8 0.06818181818181818 0.08484848484848485
1 0.34545454545454546 0.6909090909090909 0.10909090909090909 0.13333333333333333
1 0.27954545454545454 0.7424242424242424 0.07727272727272727 0.09090909090909091
1 0.19318181818181818 0.6818181818181818 0.07727272727272727 0.1393939393939394
1 0.19545454545454546 0.5666666666666667 0.09090909090909091 0.10303030303030303
1 0.11136363636363636 0.6393939393939394 0.08636363636363636 0.12727272727272726
1 0.15 0.5151515151515151 0.08181818181818182 0.12121212121212122
1 0.24772727272727274 0.4636363636363636 0.08636363636363636 0.09090909090909091
1 0.17045454545454544 0.41818181818181815 0.08636363636363636 0.08484848484848485
1 0.7795454545454545 0.7515151515151515 0.29545454545454547 0.2787878787878788
1 0.8022727272727272 0.43333333333333335 0.18636363636363637 0.07878787878787878
1 0.7727272727272727 0.2787878787878788 0.17272727272727273 0.19393939393939394
1 0.6204545454545455 0.2878787878787879 0.05909090909090909 0.06666666666666667
1 0.6295454545454545 0.24545454545454545 0.05909090909090909 0.04242424242424243
1 0.575 0.23939393939393938 0.05909090909090909 0.04242424242424243
1 0.5590909090909091 0.2818181818181818 0.05454545454545454 0.06666666666666667
1 0.5545454545454546 0.3212121212121212 0.05454545454545454 0.03636363636363636
1 0.6181818181818182 0.3303030303030303 0.05454545454545454 0.030303030303030304
1 0.4068181818181818 0.296969696969697 0.031818181818181815 0.03636363636363636
1 0.3704545454545455 0.30303030303030304 0.04090909090909091 0.03636363636363636
1 0.3340909090909091 0.296969696969697 0.031818181818181815 0.048484848484848485
1 0.3340909090909091 0.3333333333333333 0.05 0.03636363636363636
1 0.3 0.3151515151515151 0.045454545454545456 0.048484848484848485
1 0.2545454545454545 0.33636363636363636 0.045454545454545456 0.04242424242424243
1 0.2431818181818182 0.36666666666666664 0.031818181818181815 0.030303030303030304
1 0.24772727272727274 0.19696969696969696 0.1409090909090909 0.16363636363636364
1 0.43636363636363634 0.22727272727272727 0.23636363636363636 0.16363636363636364
1 0.5340909090909091 0.1 0.4409090909090909 0.2
1 0.47045454545454546 0.8303030303030303 0.1409090909090909 0.23030303030303031
1 0.29545454545454547 0.8212121212121212 0.20909090909090908 0.23636363636363636
1 0.2727272727272727 0.6424242424242425 0.14545454545454545 0.1696969696969697
1 0.44772727272727275 0.6454545454545455 0.20454545454545456 0.16363636363636364
1 0.29772727272727273 0.27575757575757576 0.20454545454545456 0.10303030303030303
1 0.42954545454545456 0.2696969696969697 0.07727272727272727 0.07878787878787878
1 0.34545454545454546 0.3696969696969697 0.20909090909090908 0.10909090909090909