1 0.8778625954198473 0.7979274611398963 0.2366412213740458 0.20725388601036268
1 0.9446564885496184 0.5647668393782384 0.10305343511450382 0.27979274611398963
1 0.8206106870229007 0.5518134715025906 0.1450381679389313 0.3471502590673575
1 0.7690839694656488 0.3601036269430052 0.04198473282442748 0.06735751295336788
1 0.7041984732824428 0.4896373056994819 0.1183206106870229 0.16062176165803108
1 0.6717557251908397 0.6191709844559585 0.1297709923664122 0.19170984455958548
1 0.7099236641221374 0.7901554404145078 0.11450381679389313 0.16062176165803108
1 0.6049618320610687 0.7072538860103627 0.14885496183206107 0.38860103626943004
1 0.4961832061068702 0.7046632124352331 0.1297709923664122 0.39378238341968913
1 0.37213740458015265 0.6321243523316062 0.15648854961832062 0.32124352331606215
1 0.3683206106870229 0.4119170984455959 0.04961832061068702 0.06735751295336788
1 0.42748091603053434 0.3549222797927461 0.04580152671755725 0.05699481865284974
1 0.5057251908396947 0.43523316062176165 0.1183206106870229 0.17616580310880828
1 0.3244274809160305 0.7538860103626943 0.1297709923664122 0.29533678756476683
1 0.23091603053435114 0.7253886010362695 0.09541984732824428 0.35233160621761656
1 0.13358778625954199 0.8134715025906736 0.16030534351145037 0.17616580310880828
1 0.09923664122137404 0.6373056994818653 0.16030534351145037 0.43523316062176165
1 0.05152671755725191 0.5544041450777202 0.10305343511450382 0.15544041450777202
1 0.02480916030534351 0.6968911917098446 0.04961832061068702 0.13989637305699482