1 0.8067010309278351 0.806949806949807 0.26288659793814434 0.20077220077220076
1 0.8298969072164949 0.6351351351351351 0.20618556701030927 0.14285714285714285
1 0.729381443298969 0.4498069498069498 0.39690721649484534 0.25868725868725867
1 0.9407216494845361 0.444015444015444 0.10824742268041238 0.14671814671814673
1 0.5412371134020618 0.5231660231660231 0.12371134020618557 0.11196911196911197
1 0.5798969072164949 0.6814671814671814 0.28350515463917525 0.23552123552123552
1 0.5721649484536082 0.8687258687258688 0.21649484536082475 0.15444015444015444
1 0.38402061855670105 0.805019305019305 0.23195876288659795 0.1274131274131274
1 0.36855670103092786 0.693050193050193 0.13917525773195877 0.1274131274131274
1 0.19072164948453607 0.747104247104247 0.24742268041237114 0.1969111969111969
1 0.29381443298969073 0.5038610038610039 0.38144329896907214 0.26640926640926643
1 0.3788659793814433 0.3667953667953668 0.0979381443298969 0.10038610038610038
1 0.4742268041237113 0.3783783783783784 0.1134020618556701 0.07722007722007722
1 0.5979381443298969 0.33976833976833976 0.15463917525773196 0.07722007722007722
1 0.5695876288659794 0.29343629343629346 0.11855670103092783 0.04633204633204633
1 0.4948453608247423 0.2915057915057915 0.09278350515463918 0.04247104247104247
1 0.4252577319587629 0.3185328185328185 0.0979381443298969 0.04247104247104247
1 0.27835051546391754 0.33783783783783783 0.14432989690721648 0.0888030888030888
1 0.27835051546391754 0.2625482625482625 0.10309278350515463 0.07722007722007722
1 0.18556701030927836 0.2722007722007722 0.1134020618556701 0.09652509652509653
1 0.15721649484536082 0.2915057915057915 0.08762886597938144 0.09652509652509653
1 0.12886597938144329 0.32432432432432434 0.061855670103092786 0.0694980694980695
1 0.3479381443298969 0.21621621621621623 0.13917525773195877 0.16216216216216217
1 0.38917525773195877 0.13127413127413126 0.19072164948453607 0.16216216216216217
1 0.5798969072164949 0.19111969111969113 0.19072164948453607 0.1583011583011583
1 0.7396907216494846 0.15444015444015444 0.4175257731958763 0.277992277992278
1 0.16494845360824742 0.5694980694980695 0.32989690721649484 0.637065637065637
1 0.04896907216494845 0.42084942084942084 0.0979381443298969 0.16216216216216217
1 0.18041237113402062 0.17953667953667954 0.28865979381443296 0.28185328185328185