1 0.8894230769230769 0.6583850931677019 0.18269230769230768 0.2981366459627329
1 0.9599358974358975 0.5062111801242236 0.07371794871794872 0.22981366459627328
1 0.9743589743589743 0.8198757763975155 0.038461538461538464 0.08695652173913043
1 0.9887820512820513 0.717391304347826 0.016025641025641024 0.11801242236024845
1 0.9807692307692307 0.9192546583850931 0.03205128205128205 0.13664596273291926
1 0.8605769230769231 0.8416149068322981 0.04807692307692308 0.15527950310559005
1 0.9166666666666666 0.8509316770186336 0.057692307692307696 0.11180124223602485
1 0.9391025641025641 0.937888198757764 0.05128205128205128 0.11180124223602485
1 0.8862179487179487 0.9440993788819876 0.04807692307692308 0.09937888198757763
1 0.8493589743589743 0.9782608695652174 0.038461538461538464 0.031055900621118012
1 0.8141025641025641 0.8291925465838509 0.04487179487179487 0.09316770186335403
1 0.7980769230769231 0.9099378881987578 0.1346153846153846 0.11801242236024845
1 0.8108974358974359 0.9565217391304348 0.05128205128205128 0.07453416149068323
1 0.7339743589743589 0.922360248447205 0.10256410256410256 0.14285714285714285
1 0.6907051282051282 0.9627329192546584 0.041666666666666664 0.062111801242236024
1 0.7564102564102564 0.7950310559006211 0.11538461538461539 0.14906832298136646
1 0.8205128205128205 0.7360248447204969 0.057692307692307696 0.09316770186335403
1 0.7339743589743589 0.6583850931677019 0.07051282051282051 0.2236024844720497
1 0.7724358974358975 0.639751552795031 0.057692307692307696 0.17391304347826086
1 0.7211538461538461 0.5590062111801242 0.03205128205128205 0.08695652173913043
1 0.6826923076923077 0.4968944099378882 0.038461538461538464 0.11180124223602485
1 0.6346153846153846 0.6335403726708074 0.14743589743589744 0.33540372670807456
1 0.5849358974358975 0.8478260869565217 0.15064102564102563 0.2919254658385093
1 0.8317307692307693 0.40683229813664595 0.15705128205128205 0.20496894409937888
1 0.9599358974358975 0.3416149068322981 0.07371794871794872 0.16149068322981366
1 0.9631410256410257 0.17080745341614906 0.0673076923076923 0.15527950310559005
1 0.9807692307692307 0.021739130434782608 0.03205128205128205 0.043478260869565216
1 0.9038461538461539 0.055900621118012424 0.12179487179487179 0.11180124223602485
1 0.8766025641025641 0.2111801242236025 0.11217948717948718 0.2111801242236025
1 0.7612179487179487 0.2577639751552795 0.125 0.21739130434782608
1 0.6907051282051282 0.37577639751552794 0.13782051282051283 0.2670807453416149
1 0.7916666666666666 0.07763975155279502 0.11538461538461539 0.15527950310559005
1 0.7051282051282052 0.015527950310559006 0.038461538461538464 0.031055900621118012
1 0.7019230769230769 0.049689440993788817 0.05128205128205128 0.08695652173913043
1 0.6634615384615384 0.07142857142857142 0.05128205128205128 0.08074534161490683
1 0.6939102564102564 0.12422360248447205 0.041666666666666664 0.062111801242236024
1 0.7323717948717948 0.12111801242236025 0.028846153846153848 0.08074534161490683
1 0.6474358974358975 0.14906832298136646 0.038461538461538464 0.062111801242236024
1 0.6121794871794872 0.11801242236024845 0.04487179487179487 0.09937888198757763
1 0.6121794871794872 0.19875776397515527 0.05128205128205128 0.09937888198757763
1 0.6378205128205128 0.2236024844720497 0.038461538461538464 0.08695652173913043
1 0.5897435897435898 0.2577639751552795 0.038461538461538464 0.11801242236024845
1 0.5560897435897436 0.1956521739130435 0.041666666666666664 0.08074534161490683
1 0.5560897435897436 0.11490683229813664 0.041666666666666664 0.10559006211180125
1 0.5865384615384616 0.06832298136645963 0.038461538461538464 0.11180124223602485
1 0.5480769230769231 0.027950310559006212 0.05128205128205128 0.055900621118012424
1 0.5160256410256411 0.08074534161490683 0.038461538461538464 0.08695652173913043
1 0.5016025641025641 0.14906832298136646 0.04807692307692308 0.07453416149068323
1 0.47596153846153844 0.07763975155279502 0.05448717948717949 0.09316770186335403
1 0.5016025641025641 0.021739130434782608 0.060897435897435896 0.043478260869565216
1 0.453525641025641 0.043478260869565216 0.041666666666666664 0.07453416149068323
1 0.4198717948717949 0.10869565217391304 0.03205128205128205 0.08074534161490683
1 0.4519230769230769 0.13354037267080746 0.038461538461538464 0.06832298136645963
1 0.40705128205128205 0.034161490683229816 0.0641025641025641 0.06832298136645963
1 0.3717948717948718 0.012422360248447204 0.03205128205128205 0.024844720496894408
1 0.47596153846153844 0.42857142857142855 0.20192307692307693 0.5341614906832298
1 0.3926282051282051 0.8105590062111802 0.16987179487179488 0.3167701863354037
1 0.4358974358974359 0.8354037267080745 0.07051282051282051 0.3167701863354037
1 0.36698717948717946 0.9285714285714286 0.041666666666666664 0.13043478260869565
1 0.22916666666666666 0.6832298136645962 0.28525641025641024 0.5217391304347826
1 0.2644230769230769 0.7515527950310559 0.28525641025641024 0.484472049689441
1 0.22115384615384615 0.2732919254658385 0.05128205128205128 0.09937888198757763
1 0.27884615384615385 0.30745341614906835 0.057692307692307696 0.09316770186335403
1 0.22916666666666666 0.3385093167701863 0.05448717948717949 0.10559006211180125
1 0.25961538461538464 0.38509316770186336 0.05128205128205128 0.08695652173913043
1 0.1794871794871795 0.4472049689440994 0.057692307692307696 0.11180124223602485
1 0.24358974358974358 0.4192546583850932 0.07051282051282051 0.09316770186335403
1 0.14743589743589744 0.5279503105590062 0.04487179487179487 0.07453416149068323
1 0.08814102564102565 0.055900621118012424 0.1762820512820513 0.11180124223602485
1 0.09775641025641026 0.18944099378881987 0.09935897435897435 0.20496894409937888
1 0.05128205128205128 0.38819875776397517 0.10256410256410256 0.21739130434782608
1 0.02564102564102564 0.2391304347826087 0.05128205128205128 0.19254658385093168
1 0.1266025641025641 0.42857142857142855 0.04807692307692308 0.08695652173913043
1 0.10416666666666667 0.484472049689441 0.04807692307692308 0.08695652173913043
1 0.08814102564102565 0.5496894409937888 0.04807692307692308 0.09316770186335403
1 0.11378205128205128 0.5962732919254659 0.04807692307692308 0.07453416149068323
1 0.07692307692307693 0.6614906832298136 0.04487179487179487 0.08074534161490683
1 0.038461538461538464 0.6180124223602484 0.05128205128205128 0.08074534161490683
1 0.017628205128205128 0.6832298136645962 0.028846153846153848 0.07453416149068323
1 0.04487179487179487 0.7080745341614907 0.05128205128205128 0.08695652173913043
1 0.03205128205128205 0.782608695652174 0.057692307692307696 0.09937888198757763
1 0.07211538461538461 0.8291925465838509 0.035256410256410256 0.10559006211180125
1 0.08333333333333333 0.7329192546583851 0.038461538461538464 0.062111801242236024
1 0.05128205128205128 0.9006211180124224 0.05128205128205128 0.09937888198757763
1 0.10576923076923077 0.922360248447205 0.04487179487179487 0.08074534161490683
1 0.014423076923076924 0.8726708074534162 0.028846153846153848 0.09316770186335403
1 0.28044871794871795 0.2546583850931677 0.27884615384615385 0.5093167701863354