1 0.821969696969697 0.6675392670157068 0.3106060606060606 0.25654450261780104
1 0.8200757575757576 0.4607329842931937 0.3522727272727273 0.31413612565445026
1 0.8977272727272727 0.7329842931937173 0.19696969696969696 0.24083769633507854
1 0.6704545454545454 0.837696335078534 0.26515151515151514 0.1256544502617801
1 0.5170454545454546 0.743455497382199 0.2537878787878788 0.24083769633507854
1 0.625 0.6910994764397905 0.14393939393939395 0.14659685863874344
1 0.5568181818181818 0.6073298429319371 0.2803030303030303 0.14659685863874344
1 0.5 0.5130890052356021 0.09090909090909091 0.15706806282722513
1 0.5511363636363636 0.4005235602094241 0.19318181818181818 0.08900523560209424
1 0.6458333333333334 0.4738219895287958 0.20833333333333334 0.2356020942408377
1 0.3465909090909091 0.45287958115183247 0.35984848484848486 0.45549738219895286
1 0.2708333333333333 0.7460732984293194 0.2916666666666667 0.2356020942408377
1 0.14772727272727273 0.5785340314136126 0.15151515151515152 0.24607329842931938
1 0.06818181818181818 0.5549738219895288 0.13636363636363635 0.450261780104712
1 0.06628787878787878 0.337696335078534 0.13257575757575757 0.18324607329842932
1 0.10606060606060606 0.28534031413612565 0.20454545454545456 0.2879581151832461
1 0.23674242424242425 0.10732984293193717 0.19318181818181818 0.21465968586387435
1 0.4375 0.1256544502617801 0.20833333333333334 0.2198952879581152
1 0.39015151515151514 0.1806282722513089 0.10606060606060606 0.07853403141361257
1 0.8276515151515151 0.18324607329842932 0.32954545454545453 0.24083769633507854
1 0.8352272727272727 0.34293193717277487 0.24621212121212122 0.13089005235602094
1 0.5984848484848485 0.2801047120418848 0.21212121212121213 0.13089005235602094
1 0.5946969696969697 0.22774869109947643 0.2196969696969697 0.12041884816753927