1 0.8943298969072165 0.6544401544401545 0.20103092783505155 0.2277992277992278
1 0.654639175257732 0.749034749034749 0.28865979381443296 0.1776061776061776
1 0.6649484536082474 0.5463320463320464 0.29896907216494845 0.23552123552123552
1 0.8891752577319587 0.4826254826254826 0.211340206185567 0.13127413127413126
1 0.7783505154639175 0.3803088803088803 0.21649484536082475 0.1583011583011583
1 0.5902061855670103 0.4111969111969112 0.14948453608247422 0.0888030888030888
1 0.634020618556701 0.3204633204633205 0.13402061855670103 0.10038610038610038
1 0.634020618556701 0.2644787644787645 0.1134020618556701 0.04247104247104247
1 0.7010309278350515 0.2084942084942085 0.38144329896907214 0.138996138996139
1 0.4252577319587629 0.49613899613899615 0.15979381443298968 0.1274131274131274
1 0.41237113402061853 0.6525096525096525 0.25773195876288657 0.1776061776061776
1 0.2551546391752577 0.5347490347490348 0.19072164948453607 0.15057915057915058
1 0.18041237113402062 0.6563706563706564 0.20618556701030927 0.18532818532818532
1 0.35309278350515466 0.46525096525096526 0.7061855670103093 0.5444015444015444
1 0.5103092783505154 0.333976833976834 0.1134020618556701 0.11196911196911197
1 0.39690721649484534 0.3687258687258687 0.10309278350515463 0.08108108108108109
1 0.3634020618556701 0.25675675675675674 0.0979381443298969 0.07335907335907337
1 0.47680412371134023 0.2413127413127413 0.11855670103092783 0.04247104247104247
1 0.36597938144329895 0.1969111969111969 0.13402061855670103 0.05405405405405406
1 0.26804123711340205 0.2953667953667954 0.12371134020618557 0.09652509652509653
1 0.17268041237113402 0.3281853281853282 0.13917525773195877 0.10038610038610038
1 0.14690721649484537 0.2606177606177606 0.08762886597938144 0.04247104247104247
1 0.06443298969072164 0.3416988416988417 0.12886597938144329 0.1891891891891892
1 0.015463917525773196 0.23745173745173745 0.030927835051546393 0.019305019305019305
1 0.32989690721649484 0.4343629343629344 0.4020618556701031 0.18146718146718147
1 0.2268041237113402 0.8648648648648649 0.4536082474226804 0.2625482625482625
1 0.47164948453608246 0.8938223938223938 0.13917525773195877 0.20463320463320464
1 0.7603092783505154 0.9324324324324325 0.4690721649484536 0.1274131274131274
1 0.8891752577319587 0.832046332046332 0.211340206185567 0.11196911196911197
1 0.8247422680412371 0.752895752895753 0.061855670103092786 0.06177606177606178
1 0.7654639175257731 0.6776061776061776 0.05670103092783505 0.05019305019305019
1 0.49742268041237114 0.0694980694980695 0.9948453608247423 0.138996138996139
1 0.03350515463917526 0.48455598455598453 0.06701030927835051 0.1274131274131274