1 0.9116279069767442 0.7841880341880342 0.16744186046511628 0.31196581196581197
1 0.9209302325581395 0.9401709401709402 0.14883720930232558 0.1111111111111111
1 0.7906976744186046 0.6410256410256411 0.13023255813953488 0.36752136752136755
1 0.03488372093023256 0.03418803418803419 0.06976744186046512 0.06837606837606838
1 0.09069767441860466 0.06623931623931624 0.16279069767441862 0.08974358974358974
1 0.13023255813953488 0.02564102564102564 0.11162790697674418 0.05128205128205128
1 0.23488372093023255 0.07051282051282051 0.12558139534883722 0.14102564102564102
1 0.41627906976744183 0.05555555555555555 0.13488372093023257 0.1111111111111111
1 0.5279069767441861 0.04487179487179487 0.11627906976744186 0.08974358974358974
1 0.6465116279069767 0.06623931623931624 0.13953488372093023 0.13247863247863248
1 0.8116279069767441 0.12179487179487179 0.24651162790697675 0.24358974358974358
1 0.8534883720930233 0.05555555555555555 0.13488372093023257 0.1111111111111111
1 0.9302325581395349 0.027777777777777776 0.08372093023255814 0.05555555555555555
1 0.34651162790697676 0.1388888888888889 0.1813953488372093 0.13247863247863248
1 0.4720930232558139 0.22863247863247863 0.13488372093023257 0.25213675213675213
1 0.29767441860465116 0.27564102564102566 0.15813953488372093 0.2777777777777778
1 0.3744186046511628 0.26495726495726496 0.09767441860465116 0.1452991452991453
1 0.26976744186046514 0.26282051282051283 0.14883720930232558 0.23504273504273504
1 0.13488372093023257 0.26282051282051283 0.16744186046511628 0.2692307692307692
1 0.06046511627906977 0.13247863247863248 0.12093023255813953 0.06837606837606838
1 0.8325581395348837 0.2264957264957265 0.32558139534883723 0.2905982905982906
1 0.9441860465116279 0.2692307692307692 0.10232558139534884 0.09401709401709402
1 0.641860465116279 0.22435897435897437 0.30697674418604654 0.2692307692307692
1 0.6581395348837209 0.27564102564102566 0.2837209302325581 0.07264957264957266
1 0.04186046511627907 0.36324786324786323 0.08372093023255814 0.13675213675213677
1 0.06744186046511629 0.297008547008547 0.13488372093023257 0.13247863247863248
1 0.03488372093023256 0.21581196581196582 0.06976744186046512 0.07264957264957266
1 0.06976744186046512 0.3995726495726496 0.13953488372093023 0.10683760683760683
1 0.2627906976744186 0.4252136752136752 0.49767441860465117 0.2094017094017094
1 0.5558139534883721 0.3055555555555556 0.13488372093023257 0.11538461538461539
1 0.4069767441860465 0.45726495726495725 0.3953488372093023 0.26495726495726496
1 0.5465116279069767 0.4230769230769231 0.413953488372093 0.358974358974359
1 0.6139534883720931 0.5064102564102564 0.35348837209302325 0.24358974358974358
1 0.8465116279069768 0.43803418803418803 0.12093023255813953 0.04700854700854701
1 0.8627906976744186 0.3611111111111111 0.11627906976744186 0.11538461538461539
1 0.9093023255813953 0.4935897435897436 0.12558139534883722 0.2264957264957265
1 0.9697674418604652 0.4829059829059829 0.05116279069767442 0.24786324786324787
1 0.9162790697674419 0.7735042735042735 0.15813953488372093 0.3162393162393162
1 0.9488372093023256 0.6517094017094017 0.09302325581395349 0.13247863247863248
1 0.9279069767441861 0.9337606837606838 0.13488372093023257 0.12393162393162394
1 0.786046511627907 0.8696581196581197 0.10232558139534884 0.25213675213675213
1 0.6581395348837209 0.7905982905982906 0.14418604651162792 0.41025641025641024
1 0.5325581395348837 0.7200854700854701 0.4325581395348837 0.25213675213675213
1 0.5953488372093023 0.8910256410256411 0.13023255813953488 0.2094017094017094
1 0.48604651162790696 0.8739316239316239 0.07906976744186046 0.24358974358974358
1 0.3883720930232558 0.8269230769230769 0.14418604651162792 0.33760683760683763
1 0.22790697674418606 0.7222222222222222 0.29767441860465116 0.3162393162393162
1 0.15813953488372093 0.8525641025641025 0.13953488372093023 0.2863247863247863
1 0.27674418604651163 0.7991452991452992 0.10697674418604651 0.39316239316239315
1 0.05581395348837209 0.8525641025641025 0.11162790697674418 0.2863247863247863
1 0.053488372093023255 0.6538461538461539 0.10697674418604651 0.23931623931623933
1 0.053488372093023255 0.9807692307692307 0.04186046511627907 0.029914529914529916
1 0.40930232558139534 0.4551282051282051 0.3813953488372093 0.2606837606837607