1 0.5902255639097744 0.3783068783068783 0.22556390977443608 0.32275132275132273
1 0.48120300751879697 0.30952380952380953 0.10526315789473684 0.14285714285714285
1 0.6672932330827067 0.5634920634920635 0.041353383458646614 0.07936507936507936
1 0.5037593984962406 0.42328042328042326 0.23308270676691728 0.3386243386243386
1 0.6372180451127819 0.5714285714285714 0.06390977443609022 0.1164021164021164
1 0.5639097744360902 0.6640211640211641 0.11278195488721804 0.1746031746031746
1 0.49624060150375937 0.5846560846560847 0.13533834586466165 0.18518518518518517
1 0.36654135338345867 0.3968253968253968 0.19924812030075187 0.2857142857142857
1 0.38533834586466165 0.23544973544973544 0.08646616541353383 0.164021164021164
1 0.36466165413533835 0.5343915343915344 0.18045112781954886 0.3386243386243386
1 0.2744360902255639 0.35185185185185186 0.03007518796992481 0.06878306878306878
1 0.4699248120300752 0.6375661375661376 0.07518796992481203 0.15343915343915343
1 0.4906015037593985 0.4973544973544973 0.5225563909774437 0.6878306878306878