1 0.7115384615384616 0.6030927835051546 0.12307692307692308 0.16494845360824742
1 0.8153846153846154 0.5824742268041238 0.08461538461538462 0.10309278350515463
1 0.8807692307692307 0.5721649484536082 0.05384615384615385 0.07216494845360824
1 0.8173076923076923 0.6365979381443299 0.08846153846153847 0.05670103092783505
1 0.7480769230769231 0.7139175257731959 0.19615384615384615 0.05670103092783505
1 0.8826923076923077 0.6726804123711341 0.11923076923076924 0.23195876288659795
1 0.8634615384615385 0.7835051546391752 0.18846153846153846 0.09278350515463918
1 0.7 0.7371134020618557 0.16153846153846155 0.061855670103092786
1 0.676923076923077 0.7731958762886598 0.18461538461538463 0.05154639175257732
1 0.4519230769230769 0.7190721649484536 0.17307692307692307 0.23195876288659795
1 0.5307692307692308 0.6649484536082474 0.14615384615384616 0.23711340206185566
1 0.6038461538461538 0.6314432989690721 0.11538461538461539 0.17010309278350516
1 0.6826923076923077 0.48195876288659795 0.10384615384615385 0.15979381443298968
1 0.7365384615384616 0.38402061855670105 0.18846153846153846 0.14948453608247422
1 0.7903846153846154 0.4252577319587629 0.2653846153846154 0.25257731958762886
1 0.65 0.29896907216494845 0.12307692307692308 0.24742268041237114
1 0.575 0.47164948453608246 0.11923076923076924 0.14948453608247422
1 0.4461538461538462 0.4329896907216495 0.15384615384615385 0.25773195876288657
1 0.35192307692307695 0.6726804123711341 0.16538461538461538 0.25257731958762886
1 0.27115384615384613 0.44329896907216493 0.20384615384615384 0.25773195876288657
1 0.16538461538461538 0.6675257731958762 0.24615384615384617 0.31443298969072164