1 0.8844444444444445 0.5733333333333334 0.2222222222222222 0.20444444444444446
1 0.8688888888888889 0.6511111111111111 0.18222222222222223 0.21777777777777776
1 0.8 0.3688888888888889 0.18666666666666668 0.17777777777777778
1 0.9444444444444444 0.43555555555555553 0.013333333333333334 0.017777777777777778
1 0.9888888888888889 0.45555555555555555 0.013333333333333334 0.022222222222222223
1 0.9644444444444444 0.46 0.017777777777777778 0.013333333333333334
1 0.9688888888888889 0.4777777777777778 0.02666666666666667 0.013333333333333334
1 0.9622222222222222 0.38666666666666666 0.013333333333333334 0.017777777777777778
1 0.9733333333333334 0.35777777777777775 0.02666666666666667 0.022222222222222223
1 0.9822222222222222 0.07111111111111111 0.017777777777777778 0.017777777777777778
1 0.96 0.08666666666666667 0.017777777777777778 0.022222222222222223
1 0.9888888888888889 0.09333333333333334 0.013333333333333334 0.008888888888888889
1 0.9733333333333334 0.1288888888888889 0.02666666666666667 0.017777777777777778
1 0.9377777777777778 0.1288888888888889 0.008888888888888889 0.017777777777777778
1 0.12444444444444444 0.8088888888888889 0.24888888888888888 0.37333333333333335
1 0.29555555555555557 0.8222222222222222 0.25333333333333335 0.27555555555555555
1 0.4622222222222222 0.8733333333333333 0.20444444444444446 0.24444444444444444
1 0.5911111111111111 0.7 0.09777777777777778 0.1288888888888889
1 0.5022222222222222 0.7422222222222222 0.08 0.11555555555555555
1 0.5888888888888889 0.8022222222222222 0.06666666666666667 0.06666666666666667
1 0.5844444444444444 0.8422222222222222 0.08444444444444445 0.07555555555555556
1 0.6422222222222222 0.8577777777777778 0.03111111111111111 0.08
1 0.64 0.74 0.06222222222222222 0.1288888888888889
1 0.7066666666666667 0.7088888888888889 0.05333333333333334 0.10222222222222223
1 0.8022222222222222 0.7044444444444444 0.08444444444444445 0.09333333333333334
1 0.7088888888888889 0.5866666666666667 0.07555555555555556 0.07111111111111111
1 0.7333333333333333 0.7911111111111111 0.08 0.11555555555555555
1 0.5466666666666666 0.5755555555555556 0.08 0.057777777777777775
1 0.7088888888888889 0.5888888888888889 0.08444444444444445 0.08444444444444445
1 0.6622222222222223 0.5066666666666667 0.035555555555555556 0.07111111111111111
1 0.6244444444444445 0.7177777777777777 0.4222222222222222 0.5022222222222222
1 0.8444444444444444 0.5177777777777778 0 0.0044444444444444444
1 0.7311111111111112 0.5377777777777778 0.09333333333333334 0.14222222222222222
1 0.6555555555555556 0.18666666666666668 0.19111111111111112 0.17777777777777778
1 0.7688888888888888 0.2111111111111111 0.08 0.10222222222222223
1 0.7666666666666667 0.14444444444444443 0.022222222222222223 0.04888888888888889
1 0.5733333333333334 0.24222222222222223 0.05333333333333334 0.07555555555555556
1 0.72 0.09777777777777778 0.18666666666666668 0.08888888888888889
1 0.9311111111111111 0.2311111111111111 0.04 0.1688888888888889
1 0.9066666666666666 0.17555555555555555 0.17777777777777778 0.22666666666666666
1 0.9 0.18444444444444444 0.19111111111111112 0.2
1 0.8377777777777777 0.14 0.057777777777777775 0.08444444444444445
1 0.8355555555555556 0.18444444444444444 0.07111111111111111 0.07555555555555556
1 0.84 0.22666666666666666 0.07111111111111111 0.08
1 0.8311111111111111 0.24 0.07111111111111111 0.06222222222222222
1 0.8755555555555555 0.18444444444444444 0.07111111111111111 0.17333333333333334
1 0.49777777777777776 0.18222222222222223 0.16 0.29333333333333333
1 0.37555555555555553 0.22 0.15555555555555556 0.2088888888888889
1 0.24444444444444444 0.21333333333333335 0.1511111111111111 0.1511111111111111
1 0.21777777777777776 0.33555555555555555 0.1511111111111111 0.1288888888888889
1 0.34 0.3688888888888889 0.1288888888888889 0.14222222222222222
1 0.47333333333333333 0.37777777777777777 0.12 0.13333333333333333
1 0.5622222222222222 0.5022222222222222 0.12 0.13333333333333333
1 0.6155555555555555 0.37777777777777777 0.16444444444444445 0.19555555555555557
1 0.4444444444444444 0.4955555555555556 0.13333333333333333 0.13777777777777778
1 0.22 0.4688888888888889 0.16444444444444445 0.1288888888888889
1 0.24222222222222223 0.5422222222222223 0.21777777777777776 0.14222222222222222
1 0.3 0.5244444444444445 0.21777777777777776 0.20444444444444446
1 0.32222222222222224 0.5755555555555556 0.16444444444444445 0.1111111111111111
1 0.30666666666666664 0.6155555555555555 0.21333333333333335 0.13777777777777778
1 0.3511111111111111 0.62 0.17777777777777778 0.1111111111111111
1 0.4222222222222222 0.6533333333333333 0.16 0.21333333333333335
1 0.4622222222222222 0.7177777777777777 0.13333333333333333 0.19111111111111112
1 0.3888888888888889 0.6244444444444445 0.14666666666666667 0.1111111111111111
1 0.05333333333333334 0.34444444444444444 0.10666666666666667 0.07555555555555556
1 0.1 0.20222222222222222 0.10222222222222223 0.08444444444444445
1 0.18444444444444444 0.05333333333333334 0.06666666666666667 0.09777777777777778