1 0.03865979381443299 0.8648648648648649 0.07731958762886598 0.05405405405405406
1 0.6958762886597938 0.9459459459459459 0.09278350515463918 0.05405405405405406
1 0.5541237113402062 0.6795366795366795 0.37628865979381443 0.5019305019305019
1 0.7989690721649485 0.7413127413127413 0.14432989690721648 0.3938223938223938
1 0.9123711340206185 0.832046332046332 0.16494845360824742 0.22007722007722008
1 0.27319587628865977 0.694980694980695 0.17525773195876287 0.4555984555984556
1 0.13659793814432988 0.8088803088803089 0.14948453608247422 0.21235521235521235
1 0.5721649484536082 0.3474903474903475 0.14432989690721648 0.13127413127413126
1 0.6726804123711341 0.37258687258687256 0.05670103092783505 0.0888030888030888
1 0.4484536082474227 0.36293436293436293 0.08247422680412371 0.07722007722007722
1 0.5773195876288659 0.26640926640926643 0.1134020618556701 0.03088803088803089