1 0.8932584269662921 0.10904255319148937 0.20599250936329588 0.21808510638297873
1 0.8913857677902621 0.3617021276595745 0.20973782771535582 0.23404255319148937
1 0.8932584269662921 0.6090425531914894 0.20599250936329588 0.22872340425531915
1 0.9063670411985019 0.8723404255319149 0.1797752808988764 0.24468085106382978
1 0.6385767790262172 0.6117021276595744 0.2883895131086142 0.24468085106382978
1 0.6441947565543071 0.3537234042553192 0.2846441947565543 0.2393617021276596
1 0.6067415730337079 0.11436170212765957 0.12734082397003746 0.11170212765957446
1 0.5861423220973783 0.02925531914893617 0.13857677902621723 0.05851063829787234
1 0.6891385767790262 0.04521276595744681 0.11235955056179775 0.09042553191489362
1 0.7209737827715356 0.10106382978723404 0.10112359550561797 0.09574468085106383
1 0.5393258426966292 0.11702127659574468 0.08239700374531835 0.07446808510638298
1 0.5243445692883895 0.17553191489361702 0.0449438202247191 0.05319148936170213
1 0.5898876404494382 0.18351063829787234 0.10861423220973783 0.05851063829787234
1 0.6704119850187266 0.17819148936170212 0.06741573033707865 0.06914893617021277
1 0.7415730337078652 0.15159574468085107 0.08239700374531835 0.10106382978723404
1 0.5861423220973783 0.8617021276595744 0.09363295880149813 0.05319148936170213
1 0.6722846441947565 0.8936170212765957 0.08614232209737828 0.06382978723404255
1 0.7696629213483146 0.851063829787234 0.04119850187265917 0.10638297872340426
1 0.7247191011235955 0.8643617021276596 0.056179775280898875 0.12234042553191489
1 0.7528089887640449 0.9627659574468085 0.0599250936329588 0.06382978723404255
1 0.6910112359550562 0.9547872340425532 0.08614232209737828 0.0797872340425532
1 0.5299625468164794 0.9095744680851063 0.06367041198501873 0.0851063829787234
1 0.6479400749063671 0.875 0.29213483146067415 0.2393617021276596
1 0.352059925093633 0.875 0.29213483146067415 0.2393617021276596
1 0.09737827715355805 0.10904255319148937 0.1947565543071161 0.21808510638297873
1 0.36142322097378277 0.10638297872340426 0.26591760299625467 0.2127659574468085
1 0.47752808988764045 0.3696808510638298 0.033707865168539325 0.12234042553191489
1 0.46629213483146065 0.2765957446808511 0.056179775280898875 0.06382978723404255
1 0.26217228464419473 0.28191489361702127 0.08239700374531835 0.06382978723404255
1 0.2397003745318352 0.4148936170212766 0.0599250936329588 0.1276595744680851
1 0.449438202247191 0.43882978723404253 0.08239700374531835 0.0797872340425532
1 0.38764044943820225 0.3484042553191489 0.056179775280898875 0.11170212765957446
1 0.31647940074906367 0.36436170212765956 0.06367041198501873 0.09042553191489362
1 0.35580524344569286 0.34308510638297873 0.03745318352059925 0.0797872340425532
1 0.3707865168539326 0.43882978723404253 0.0449438202247191 0.0797872340425532
1 0.352059925093633 0.35904255319148937 0.27715355805243447 0.22872340425531915
1 0.3464419475655431 0.5638297872340425 0.04868913857677903 0.07446808510638298
1 0.3857677902621723 0.526595744680851 0.0449438202247191 0.05319148936170213
1 0.43820224719101125 0.5398936170212766 0.06741573033707865 0.06914893617021277
1 0.4737827715355805 0.6117021276595744 0.033707865168539325 0.06382978723404255
1 0.4812734082397004 0.550531914893617 0.018726591760299626 0.09042553191489362
1 0.4344569288389513 0.6063829787234043 0.0449438202247191 0.06382978723404255
1 0.4157303370786517 0.5585106382978723 0.03745318352059925 0.0425531914893617
1 0.3857677902621723 0.6063829787234043 0.0599250936329588 0.06382978723404255
1 0.38764044943820225 0.6569148936170213 0.056179775280898875 0.05851063829787234
1 0.3857677902621723 0.699468085106383 0.06741573033707865 0.03723404255319149
1 0.44756554307116103 0.6914893617021277 0.04119850187265917 0.06382978723404255
1 0.4756554307116105 0.6781914893617021 0.0449438202247191 0.0797872340425532
1 0.3408239700374532 0.6117021276595744 0.052434456928838954 0.07446808510638298
1 0.250936329588015 0.5292553191489362 0.03745318352059925 0.05851063829787234
1 0.27715355805243447 0.5558510638297872 0.03745318352059925 0.06914893617021277
1 0.3146067415730337 0.526595744680851 0.0449438202247191 0.06382978723404255
1 0.29775280898876405 0.598404255319149 0.04119850187265917 0.06914893617021277
1 0.3389513108614232 0.6143617021276596 0.04868913857677903 0.05851063829787234
1 0.26217228464419473 0.6090425531914894 0.0599250936329588 0.05851063829787234
1 0.25280898876404495 0.648936170212766 0.04868913857677903 0.05319148936170213
1 0.24906367041198502 0.6941489361702128 0.056179775280898875 0.05851063829787234
1 0.28277153558052437 0.6888297872340425 0.033707865168539325 0.0797872340425532
1 0.31273408239700373 0.6781914893617021 0.04119850187265917 0.0797872340425532
1 0.09550561797752809 0.3617021276595745 0.19101123595505617 0.23404255319148937
1 0.10674157303370786 0.6170212765957447 0.21348314606741572 0.2553191489361702
1 0.09550561797752809 0.875 0.19101123595505617 0.2393617021276596