1 0.8444444444444444 0.521505376344086 0.08148148148148149 0.10752688172043011
1 0.8555555555555555 0.6182795698924731 0.06666666666666667 0.07526881720430108
1 0.7333333333333333 0.47580645161290325 0.11851851851851852 0.1881720430107527
1 0.737037037037037 0.6639784946236559 0.1111111111111111 0.1881720430107527
1 0.6018518518518519 0.49193548387096775 0.10740740740740741 0.16666666666666666
1 0.5981481481481481 0.6586021505376344 0.10740740740740741 0.15591397849462366
1 0.4722222222222222 0.489247311827957 0.11481481481481481 0.16129032258064516
1 0.4759259259259259 0.6478494623655914 0.10740740740740741 0.15591397849462366
1 0.3351851851851852 0.48655913978494625 0.11481481481481481 0.16666666666666666
1 0.337037037037037 0.6505376344086021 0.1111111111111111 0.17204301075268819
1 0.18703703703703703 0.45161290322580644 0.14444444444444443 0.22580645161290322
1 0.19074074074074074 0.6801075268817204 0.15185185185185185 0.22043010752688172