1 0.04770992366412214 0.18134715025906736 0.09541984732824428 0.25906735751295334
1 0.183206106870229 0.2538860103626943 0.1984732824427481 0.48704663212435234
1 0.25572519083969464 0.10362694300518134 0.09923664122137404 0.13471502590673576
1 0.4026717557251908 0.27202072538860106 0.21755725190839695 0.35751295336787564
1 0.4389312977099237 0.34196891191709844 0.09923664122137404 0.07253886010362694
1 0.3797709923664122 0.24611398963730569 0.13358778625954199 0.2538860103626943
1 0.40076335877862596 0.20207253886010362 0.16793893129770993 0.34196891191709844
1 0.5400763358778626 0.2538860103626943 0.27099236641221375 0.5077720207253886
1 0.48854961832061067 0.4896373056994819 0.21374045801526717 0.36787564766839376
1 0.6736641221374046 0.4948186528497409 0.08015267175572519 0.11917098445595854
1 0.6603053435114504 0.21243523316062177 0.26717557251908397 0.13471502590673576
1 0.7423664122137404 0.16321243523316062 0.12595419847328243 0.20207253886010362
1 0.6354961832061069 0.12176165803108809 0.11068702290076336 0.08808290155440414
1 0.7881679389312977 0.12176165803108809 0.41603053435114506 0.24352331606217617
1 0.9103053435114504 0.25129533678756477 0.1717557251908397 0.18134715025906736
1 0.8740458015267175 0.33419689119170987 0.11450381679389313 0.21243523316062177
1 0.9484732824427481 0.344559585492228 0.0648854961832061 0.10880829015544041
1 0.8530534351145038 0.5025906735751295 0.2862595419847328 0.17616580310880828
1 0.8129770992366412 0.655440414507772 0.366412213740458 0.2849740932642487
1 0.8950381679389313 0.7642487046632125 0.20229007633587787 0.13989637305699482
1 0.9045801526717557 0.8212435233160622 0.183206106870229 0.18134715025906736
1 0.8931297709923665 0.8652849740932642 0.15267175572519084 0.08290155440414508
1 0.7824427480916031 0.8160621761658031 0.07633587786259542 0.13989637305699482
1 0.7366412213740458 0.8652849740932642 0.061068702290076333 0.06217616580310881
1 0.7156488549618321 0.805699481865285 0.09541984732824428 0.11917098445595854
1 0.666030534351145 0.8316062176165803 0.0648854961832061 0.12953367875647667
1 0.5858778625954199 0.7383419689119171 0.15648854961832062 0.32642487046632124
1 0.6774809160305344 0.6606217616580311 0.17938931297709923 0.23316062176165803
1 0.8206106870229007 0.6632124352331606 0.3511450381679389 0.29015544041450775
1 0.5343511450381679 0.7538860103626943 0.0916030534351145 0.2849740932642487
1 0.4580152671755725 0.7227979274611399 0.09923664122137404 0.26424870466321243
1 0.4904580152671756 0.5932642487046632 0.08778625954198473 0.09844559585492228
1 0.549618320610687 0.5129533678756477 0.1297709923664122 0.06217616580310881
1 0.5248091603053435 0.4430051813471503 0.17938931297709923 0.26424870466321243
1 0.5534351145038168 0.266839378238342 0.21374045801526717 0.47150259067357514
1 0.21374045801526717 0.5854922279792746 0.3893129770992366 0.11398963730569948
1 0.09923664122137404 0.7072538860103627 0.1984732824427481 0.3160621761658031
1 0.061068702290076333 0.7979274611398963 0.12213740458015267 0.16580310880829016
1 0.04961832061068702 0.844559585492228 0.09923664122137404 0.11398963730569948
1 0.3416030534351145 0.8367875647668394 0.24045801526717558 0.12953367875647667
1 0.33969465648854963 0.7746113989637305 0.2595419847328244 0.24352331606217617
1 0.42748091603053434 0.7461139896373057 0.0916030534351145 0.16580310880829016
1 0.46946564885496184 0.7176165803108808 0.0916030534351145 0.2538860103626943
1 0.36450381679389315 0.6606217616580311 0.05725190839694656 0.08808290155440414
1 0.29961832061068705 0.45595854922279794 0.15648854961832062 0.15544041450777202
1 0.21946564885496184 0.47668393782383417 0.08778625954198473 0.13471502590673576
1 0.2652671755725191 0.3601036269430052 0.2633587786259542 0.10880829015544041
1 0.28053435114503816 0.266839378238342 0.4312977099236641 0.06735751295336788
1 0.07633587786259542 0.36528497409326427 0.07633587786259542 0.15025906735751296
1 0.04580152671755725 0.44559585492227977 0.0916030534351145 0.14507772020725387
1 0.7900763358778626 0.11658031088082901 0.40458015267175573 0.23316062176165803
1 0.8854961832061069 0.03626943005181347 0.12213740458015267 0.06217616580310881
1 0.49809160305343514 0.45077720207253885 0.9961832061068703 0.9015544041450777