1 0.07142857142857142 0.9020618556701031 0.14285714285714285 0.18556701030927836
1 0.15444015444015444 0.9432989690721649 0.05405405405405406 0.10309278350515463
1 0.3166023166023166 0.8737113402061856 0.2548262548262548 0.2422680412371134
1 0.4594594594594595 0.7603092783505154 0.16216216216216217 0.05670103092783505
1 0.5888030888030888 0.8582474226804123 0.09652509652509653 0.25257731958762886
1 0.5617760617760618 0.8814432989690721 0.09652509652509653 0.2268041237113402
1 0.5347490347490348 0.8788659793814433 0.09652509652509653 0.23195876288659795
1 0.5115830115830116 0.9020618556701031 0.07335907335907337 0.17525773195876287
1 0.48841698841698844 0.9097938144329897 0.05791505791505792 0.17010309278350516
1 0.4594594594594595 0.8943298969072165 0.10038610038610038 0.19072164948453607
1 0.4517374517374517 0.9304123711340206 0.05405405405405406 0.11855670103092783
1 0.8957528957528957 0.7938144329896907 0.06177606177606178 0.09278350515463918
1 0.9613899613899614 0.7036082474226805 0.04633204633204633 0.06701030927835051
1 0.9864864864864865 0.6958762886597938 0.019305019305019305 0.061855670103092786
1 0.9227799227799228 0.7139175257731959 0.03861003861003861 0.06701030927835051
1 0.9691119691119691 0.7680412371134021 0.05405405405405406 0.05154639175257732
1 0.8803088803088803 0.5592783505154639 0.0694980694980695 0.07731958762886598
1 0.9131274131274131 0.5128865979381443 0.06563706563706563 0.06701030927835051
1 0.9266409266409267 0.5670103092783505 0.03088803088803089 0.041237113402061855
1 0.832046332046332 0.5438144329896907 0.05019305019305019 0.07731958762886598
1 0.9575289575289575 0.5515463917525774 0.023166023166023165 0.041237113402061855
1 0.9826254826254827 0.5721649484536082 0.02702702702702703 0.020618556701030927
1 0.9826254826254827 0.538659793814433 0.02702702702702703 0.05670103092783505
1 0.3088803088803089 0.5902061855670103 0.0694980694980695 0.08762886597938144
1 0.36293436293436293 0.5876288659793815 0.03861003861003861 0.07216494845360824
1 0.3996138996138996 0.5412371134020618 0.06563706563706563 0.08247422680412371
1 0.42277992277992277 0.6185567010309279 0.05019305019305019 0.10309278350515463
1 0.3918918918918919 0.6262886597938144 0.05791505791505792 0.08762886597938144
1 0.35135135135135137 0.6597938144329897 0.03088803088803089 0.07216494845360824
1 0.3223938223938224 0.6597938144329897 0.04247104247104247 0.07216494845360824
1 0.2876447876447876 0.6623711340206185 0.03474903474903475 0.06701030927835051
1 0.25868725868725867 0.6237113402061856 0.03861003861003861 0.09278350515463918
1 0.1833976833976834 0.6365979381443299 0.02702702702702703 0.10824742268041238
1 0.20656370656370657 0.6443298969072165 0.019305019305019305 0.061855670103092786
1 0.14864864864864866 0.5747422680412371 0.04247104247104247 0.07731958762886598
1 0.1138996138996139 0.5979381443298969 0.04247104247104247 0.08247422680412371
1 0.07142857142857142 0.595360824742268 0.02702702702702703 0.06701030927835051
1 0.08494208494208494 0.5489690721649485 0.023166023166023165 0.03608247422680412
1 0.04054054054054054 0.6056701030927835 0.05019305019305019 0.08762886597938144
1 0.007722007722007722 0.6752577319587629 0.015444015444015444 0.07216494845360824
1 0.032818532818532815 0.6855670103092784 0.02702702702702703 0.030927835051546393
1 0.055984555984555984 0.6701030927835051 0.05019305019305019 0.05154639175257732
1 0.0888030888030888 0.6726804123711341 0.03088803088803089 0.04639175257731959
1 0.11583011583011583 0.6649484536082474 0.023166023166023165 0.05154639175257732
1 0.1525096525096525 0.6572164948453608 0.05019305019305019 0.05670103092783505
1 0.5135135135135135 0.5644329896907216 0.06177606177606178 0.07731958762886598
1 0.5656370656370656 0.595360824742268 0.1583011583011583 0.07731958762886598
1 0.6795366795366795 0.5644329896907216 0.03088803088803089 0.03608247422680412
1 0.7084942084942085 0.5489690721649485 0.03474903474903475 0.03608247422680412
1 0.6756756756756757 0.5309278350515464 0.03088803088803089 0.020618556701030927
1 0.6776061776061776 0.5850515463917526 0.019305019305019305 0.02577319587628866
1 0.693050193050193 0.6030927835051546 0.02702702702702703 0.020618556701030927
1 0.7065637065637066 0.5798969072164949 0.023166023166023165 0.02577319587628866
1 0.7277992277992278 0.595360824742268 0.04247104247104247 0.015463917525773196
1 0.7393822393822393 0.5773195876288659 0.03474903474903475 0.020618556701030927
1 0.7432432432432432 0.5489690721649485 0.019305019305019305 0.03608247422680412
1 0.7702702702702703 0.5567010309278351 0.019305019305019305 0.030927835051546393
1 0.7799227799227799 0.538659793814433 0.015444015444015444 0.02577319587628866
1 0.7934362934362934 0.5824742268041238 0.02702702702702703 0.041237113402061855
1 0.7683397683397684 0.5876288659793815 0.03088803088803089 0.030927835051546393
1 0.6061776061776062 0.7268041237113402 0.03088803088803089 0.05154639175257732
1 0.6447876447876448 0.7216494845360825 0.03861003861003861 0.030927835051546393
1 0.694980694980695 0.7139175257731959 0.03861003861003861 0.04639175257731959
1 0.7258687258687259 0.7036082474226805 0.015444015444015444 0.02577319587628866
1 0.7432432432432432 0.6907216494845361 0.019305019305019305 0.041237113402061855
1 0.7625482625482626 0.6907216494845361 0.011583011583011582 0.041237113402061855
1 0.7876447876447876 0.7087628865979382 0.023166023166023165 0.03608247422680412
1 0.806949806949807 0.6881443298969072 0.023166023166023165 0.02577319587628866
1 0.6254826254826255 0.7628865979381443 0.03088803088803089 0.030927835051546393
1 0.6525096525096525 0.7551546391752577 0.023166023166023165 0.03608247422680412
1 0.6756756756756757 0.7551546391752577 0.023166023166023165 0.02577319587628866
1 0.7046332046332047 0.7525773195876289 0.02702702702702703 0.041237113402061855
1 0.7393822393822393 0.7551546391752577 0.02702702702702703 0.05670103092783505
1 0.7760617760617761 0.7474226804123711 0.03088803088803089 0.030927835051546393
1 0.8108108108108109 0.7319587628865979 0.03088803088803089 0.030927835051546393
1 0.8416988416988417 0.7422680412371134 0.03088803088803089 0.030927835051546393
1 0.862934362934363 0.7268041237113402 0.02702702702702703 0.05154639175257732
1 0.6486486486486487 0.8221649484536082 0.03088803088803089 0.03608247422680412
1 0.6814671814671814 0.8195876288659794 0.04247104247104247 0.05154639175257732
1 0.7104247104247104 0.8092783505154639 0.03088803088803089 0.05154639175257732
1 0.7393822393822393 0.8118556701030928 0.03474903474903475 0.05670103092783505
1 0.6235521235521235 0.788659793814433 0.019305019305019305 0.030927835051546393
1 0.6525096525096525 0.7912371134020618 0.023166023166023165 0.02577319587628866
1 0.6814671814671814 0.788659793814433 0.02702702702702703 0.030927835051546393
1 0.7065637065637066 0.7783505154639175 0.03088803088803089 0.020618556701030927
1 0.7586872586872587 0.7783505154639175 0.04247104247104247 0.020618556701030927
1 0.7799227799227799 0.8067010309278351 0.03088803088803089 0.04639175257731959
1 0.8108108108108109 0.8041237113402062 0.03088803088803089 0.05154639175257732
1 0.805019305019305 0.7577319587628866 0.02702702702702703 0.020618556701030927
1 0.8378378378378378 0.7422680412371134 0.03088803088803089 0.030927835051546393
1 0.6756756756756757 0.8685567010309279 0.03088803088803089 0.05670103092783505
1 0.696911196911197 0.884020618556701 0.03474903474903475 0.07731958762886598
1 0.7084942084942085 0.9020618556701031 0.04247104247104247 0.041237113402061855
1 0.7181467181467182 0.9407216494845361 0.03088803088803089 0.02577319587628866
1 0.7934362934362934 0.9278350515463918 0.03474903474903475 0.020618556701030927
1 0.8301158301158301 0.9072164948453608 0.05405405405405406 0.041237113402061855
1 0.9594594594594594 0.8556701030927835 0.03474903474903475 0.041237113402061855
1 0.9382239382239382 0.8221649484536082 0.03861003861003861 0.03608247422680412
1 0.9343629343629344 0.8762886597938144 0.03861003861003861 0.030927835051546393
1 0.9054054054054054 0.8634020618556701 0.04247104247104247 0.04639175257731959
1 0.8745173745173745 0.8943298969072165 0.03474903474903475 0.015463917525773196
1 0.8301158301158301 0.8737113402061856 0.03088803088803089 0.02577319587628866
1 0.8474903474903475 0.8530927835051546 0.03474903474903475 0.04639175257731959
1 0.8725868725868726 0.8685567010309279 0.03088803088803089 0.02577319587628866
1 0.8166023166023166 0.8324742268041238 0.03474903474903475 0.02577319587628866
1 0.7953667953667953 0.8582474226804123 0.03088803088803089 0.03608247422680412
1 0.7895752895752896 0.8917525773195877 0.03474903474903475 0.041237113402061855
1 0.752895752895753 0.884020618556701 0.03088803088803089 0.03608247422680412
1 0.7586872586872587 0.8582474226804123 0.04247104247104247 0.03608247422680412
1 0.7200772200772201 0.8530927835051546 0.02702702702702703 0.02577319587628866
1 0.971042471042471 0.37371134020618557 0.05019305019305019 0.0979381443298969
1 0.9305019305019305 0.3582474226804124 0.03088803088803089 0.05670103092783505
1 0.17953667953667954 0.36855670103092786 0.05791505791505792 0.10824742268041238
1 0.10424710424710425 0.37628865979381443 0.09266409266409266 0.1134020618556701
1 0.032818532818532815 0.38144329896907214 0.06563706563706563 0.09278350515463918
1 0.0444015444015444 0.31958762886597936 0.04247104247104247 0.041237113402061855
1 0.4305019305019305 0.3634020618556701 0.02702702702702703 0.13917525773195877
1 0.4111969111969112 0.3788659793814433 0.02702702702702703 0.11855670103092783
1 0.5965250965250966 0.3247422680412371 0.03474903474903475 0.07216494845360824
1 0.6061776061776062 0.31958762886597936 0.023166023166023165 0.09278350515463918
1 0.6061776061776062 0.3865979381443299 0.03088803088803089 0.05154639175257732
1 0.5888030888030888 0.3479381443298969 0.02702702702702703 0.06701030927835051
1 0.5675675675675675 0.2963917525773196 0.03088803088803089 0.06701030927835051
1 0.5482625482625483 0.30927835051546393 0.015444015444015444 0.030927835051546393
1 0.555984555984556 0.37628865979381443 0.03088803088803089 0.10309278350515463
1 0.5231660231660231 0.37628865979381443 0.05019305019305019 0.07216494845360824
1 0.5328185328185329 0.4020618556701031 0.03861003861003861 0.041237113402061855
1 0.525096525096525 0.3015463917525773 0.03088803088803089 0.07731958762886598
1 0.48841698841698844 0.31443298969072164 0.07335907335907337 0.061855670103092786
1 0.4749034749034749 0.3634020618556701 0.023166023166023165 0.04639175257731959
1 0.49034749034749037 0.3865979381443299 0.023166023166023165 0.05154639175257732
1 0.7084942084942085 0.37371134020618557 0.05019305019305019 0.06701030927835051
1 0.6583011583011583 0.3170103092783505 0.04247104247104247 0.03608247422680412
1 0.6525096525096525 0.3402061855670103 0.015444015444015444 0.020618556701030927
1 0.667953667953668 0.38402061855670105 0.06177606177606178 0.08762886597938144
1 0.7027027027027027 0.36597938144329895 0.015444015444015444 0.041237113402061855
1 0.7007722007722008 0.39948453608247425 0.019305019305019305 0.02577319587628866
1 0.7316602316602316 0.4097938144329897 0.05019305019305019 0.04639175257731959
1 0.6911196911196911 0.3247422680412371 0.03088803088803089 0.030927835051546393
1 0.7065637065637066 0.31958762886597936 0.015444015444015444 0.030927835051546393
1 0.752895752895753 0.37371134020618557 0.0694980694980695 0.0979381443298969
1 0.7374517374517374 0.3324742268041237 0.03861003861003861 0.02577319587628866
1 0.7644787644787645 0.3324742268041237 0.03861003861003861 0.05670103092783505
1 0.8745173745173745 0.37371134020618557 0.15057915057915058 0.10824742268041238
1 0.02895752895752896 0.06958762886597938 0.05791505791505792 0.10824742268041238
1 0.007722007722007722 0.15206185567010308 0.015444015444015444 0.06701030927835051
1 0.052123552123552123 0.12371134020618557 0.05791505791505792 0.030927835051546393
1 0.12548262548262548 0.14948453608247422 0.06563706563706563 0.08247422680412371
1 0.19305019305019305 0.15463917525773196 0.0694980694980695 0.08247422680412371
1 0.26833976833976836 0.15979381443298968 0.07335907335907337 0.08247422680412371
1 0.33976833976833976 0.14690721649484537 0.05405405405405406 0.02577319587628866
1 0.3938223938223938 0.17783505154639176 0.06177606177606178 0.07731958762886598
1 0.4498069498069498 0.18041237113402062 0.05791505791505792 0.061855670103092786
1 0.5019305019305019 0.18556701030927836 0.05405405405405406 0.061855670103092786
1 0.5521235521235521 0.16752577319587628 0.05405405405405406 0.03608247422680412
1 0.6042471042471043 0.17010309278350516 0.04247104247104247 0.030927835051546393
1 0.6525096525096525 0.19845360824742267 0.03861003861003861 0.05670103092783505
1 0.694980694980695 0.2036082474226804 0.03861003861003861 0.05670103092783505
1 0.7355212355212355 0.20618556701030927 0.04247104247104247 0.061855670103092786
1 0.777992277992278 0.211340206185567 0.03474903474903475 0.061855670103092786
1 0.8127413127413128 0.21649484536082475 0.03474903474903475 0.061855670103092786
1 0.8474903474903475 0.21649484536082475 0.03474903474903475 0.061855670103092786
1 0.8841698841698842 0.20618556701030927 0.03088803088803089 0.020618556701030927
1 0.9208494208494209 0.22938144329896906 0.03474903474903475 0.05670103092783505
1 0.9536679536679536 0.2345360824742268 0.023166023166023165 0.04639175257731959
1 0.9806949806949807 0.2345360824742268 0.03088803088803089 0.04639175257731959
1 0.0945945945945946 0.07216494845360824 0.08108108108108109 0.10309278350515463
1 0.1718146718146718 0.07989690721649484 0.07335907335907337 0.0979381443298969
1 0.24324324324324326 0.08762886597938144 0.0694980694980695 0.09278350515463918
1 0.30694980694980695 0.09278350515463918 0.06563706563706563 0.10309278350515463
1 0.3687258687258687 0.1056701030927835 0.05791505791505792 0.0979381443298969
1 0.4305019305019305 0.11855670103092783 0.06563706563706563 0.09278350515463918
1 0.4864864864864865 0.1211340206185567 0.04633204633204633 0.07731958762886598
1 0.5366795366795367 0.1211340206185567 0.05405405405405406 0.08762886597938144
1 0.5907335907335908 0.13144329896907217 0.04633204633204633 0.07731958762886598
1 0.6351351351351351 0.14175257731958762 0.04247104247104247 0.07731958762886598
1 0.6776061776061776 0.14432989690721648 0.03474903474903475 0.061855670103092786
1 0.7200772200772201 0.15206185567010308 0.03474903474903475 0.06701030927835051
1 0.7586872586872587 0.15206185567010308 0.03474903474903475 0.06701030927835051
1 0.803088803088803 0.15979381443298968 0.03861003861003861 0.061855670103092786
1 0.8281853281853282 0.15721649484536082 0.02702702702702703 0.05670103092783505
1 0.861003861003861 0.17525773195876287 0.03861003861003861 0.061855670103092786
1 0.8996138996138996 0.17268041237113402 0.03088803088803089 0.04639175257731959
1 0.9305019305019305 0.18298969072164947 0.03088803088803089 0.04639175257731959
1 0.9633204633204633 0.18556701030927836 0.02702702702702703 0.05154639175257732
1 0.9884169884169884 0.18814432989690721 0.015444015444015444 0.05670103092783505
1 0.009652509652509652 0.007731958762886598 0.019305019305019305 0.015463917525773196
1 0.055984555984555984 0.01288659793814433 0.05791505791505792 0.02577319587628866
1 0.13127413127413126 0.020618556701030927 0.08494208494208494 0.041237113402061855
1 0.21042471042471042 0.02577319587628866 0.07335907335907337 0.05154639175257732
1 0.27606177606177607 0.03608247422680412 0.06563706563706563 0.07216494845360824
1 0.33976833976833976 0.03608247422680412 0.06177606177606178 0.07216494845360824
1 0.40540540540540543 0.041237113402061855 0.06177606177606178 0.08247422680412371
1 0.4594594594594595 0.05670103092783505 0.05405405405405406 0.09278350515463918
1 0.4806949806949807 0.010309278350515464 0.07335907335907337 0.020618556701030927
1 0.5501930501930502 0.010309278350515464 0.05791505791505792 0.020618556701030927
1 0.6023166023166023 0.015463917525773196 0.04633204633204633 0.030927835051546393
1 0.5173745173745173 0.05412371134020619 0.06177606177606178 0.06701030927835051
1 0.5694980694980695 0.05670103092783505 0.05019305019305019 0.061855670103092786
1 0.6196911196911197 0.061855670103092786 0.05019305019305019 0.08247422680412371
1 0.6640926640926641 0.08762886597938144 0.03088803088803089 0.05154639175257732
1 0.7007722007722008 0.08247422680412371 0.03474903474903475 0.08247422680412371
1 0.7393822393822393 0.09020618556701031 0.04247104247104247 0.07731958762886598
1 0.7837837837837838 0.0979381443298969 0.03861003861003861 0.07216494845360824
1 0.8243243243243243 0.11082474226804123 0.05791505791505792 0.07731958762886598
1 0.8783783783783784 0.12628865979381443 0.04247104247104247 0.06701030927835051
1 0.9208494208494209 0.12628865979381443 0.03474903474903475 0.06701030927835051
1 0.9555984555984556 0.13917525773195877 0.019305019305019305 0.041237113402061855
1 0.9845559845559846 0.12886597938144329 0.023166023166023165 0.05154639175257732
1 0.9768339768339769 0.09020618556701031 0.03861003861003861 0.06701030927835051
1 0.9420849420849421 0.09020618556701031 0.03088803088803089 0.05670103092783505
1 0.9054054054054054 0.06958762886597938 0.03474903474903475 0.06701030927835051
1 0.862934362934363 0.06958762886597938 0.05791505791505792 0.07731958762886598
1 0.8088803088803089 0.03865979381443299 0.04247104247104247 0.06701030927835051
1 0.7586872586872587 0.028350515463917526 0.05019305019305019 0.05670103092783505
1 0.7123552123552124 0.02577319587628866 0.05019305019305019 0.05154639175257732
1 0.6621621621621622 0.03608247422680412 0.05791505791505792 0.07216494845360824
1 0.8378378378378378 0.028350515463917526 0.04633204633204633 0.05670103092783505
1 0.8745173745173745 0.01804123711340206 0.02702702702702703 0.03608247422680412
1 0.9092664092664092 0.01804123711340206 0.03474903474903475 0.03608247422680412
1 0.9498069498069498 0.041237113402061855 0.05405405405405406 0.061855670103092786
1 0.974903474903475 0.015463917525773196 0.04247104247104247 0.030927835051546393