1 0.8523809523809524 0.175 0.2 0.30714285714285716
1 0.9642857142857143 0.15357142857142858 0.06190476190476191 0.30714285714285716
1 0.8857142857142857 0.41785714285714287 0.18095238095238095 0.22142857142857142
1 0.7404761904761905 0.5142857142857142 0.16666666666666666 0.2857142857142857
1 0.6738095238095239 0.3 0.18571428571428572 0.32857142857142857
1 0.719047619047619 0.07142857142857142 0.17142857142857143 0.14285714285714285
1 0.8809523809523809 0.03214285714285714 0.14285714285714285 0.06428571428571428
1 0.5619047619047619 0.1357142857142857 0.21904761904761905 0.2714285714285714
1 0.5166666666666667 0.41785714285714287 0.21428571428571427 0.30714285714285716
1 0.5785714285714286 0.6392857142857142 0.1380952380952381 0.2642857142857143
1 0.41904761904761906 0.6571428571428571 0.2 0.3
1 0.2976190476190476 0.45357142857142857 0.23333333333333334 0.32142857142857145
1 0.35 0.16071428571428573 0.21428571428571427 0.32142857142857145
1 0.36666666666666664 0.7642857142857142 0.19047619047619047 0.2714285714285714
1 0.20238095238095238 0.5928571428571429 0.20476190476190476 0.2857142857142857
1 0.20714285714285716 0.25 0.15714285714285714 0.2857142857142857
1 0.14285714285714285 0.125 0.21904761904761905 0.25