1 0.12886597938144329 0.7972972972972973 0.24742268041237114 0.23552123552123552
1 0.37371134020618557 0.6640926640926641 0.29381443298969073 0.32432432432432434
1 0.14432989690721648 0.5656370656370656 0.27835051546391754 0.1583011583011583
1 0.5257731958762887 0.8204633204633205 0.28865979381443296 0.1969111969111969
1 0.904639175257732 0.7644787644787645 0.18041237113402062 0.20077220077220076
1 0.6855670103092784 0.6312741312741312 0.29896907216494845 0.13513513513513514
1 0.8582474226804123 0.5019305019305019 0.27319587628865977 0.15444015444015444
1 0.5618556701030928 0.3764478764478765 0.20618556701030927 0.15057915057915058
1 0.7731958762886598 0.07722007722007722 0.36082474226804123 0.15444015444015444
1 0.6958762886597938 0.5945945945945946 0.4020618556701031 0.2625482625482625
1 0.8865979381443299 0.7393822393822393 0.21649484536082475 0.28185328185328185
1 0.538659793814433 0.7722007722007722 0.4072164948453608 0.3166023166023166
1 0.8324742268041238 0.4555984555984556 0.3247422680412371 0.2625482625482625
1 0.9304123711340206 0.3552123552123552 0.12886597938144329 0.12355212355212356
1 0.9407216494845361 0.25096525096525096 0.10824742268041238 0.14671814671814673
1 0.7963917525773195 0.24517374517374518 0.3556701030927835 0.1583011583011583
1 0.5567010309278351 0.3667953667953668 0.28865979381443296 0.20077220077220076
1 0.15206185567010308 0.48455598455598453 0.29381443298969073 0.3127413127413127
1 0.2654639175257732 0.36293436293436293 0.31443298969072164 0.18532818532818532
1 0.32989690721649484 0.2876447876447876 0.061855670103092786 0.1274131274131274