1 0.9056338028169014 0.3415492957746479 0.036619718309859155 0.13380281690140844
1 0.9492957746478873 0.2711267605633803 0.03380281690140845 0.04929577464788732
1 0.9788732394366197 0.4471830985915493 0.036619718309859155 0.11971830985915492
1 0.9746478873239437 0.5985915492957746 0.04507042253521127 0.2112676056338028
1 0.9690140845070423 0.7640845070422535 0.056338028169014086 0.1619718309859155
1 0.9647887323943662 0.9154929577464789 0.0647887323943662 0.15492957746478872
1 0.9084507042253521 0.9154929577464789 0.08732394366197183 0.15492957746478872
1 0.8802816901408451 0.7147887323943662 0.12112676056338029 0.3028169014084507
1 0.8253521126760563 0.8732394366197183 0.07887323943661972 0.19718309859154928
1 0.7887323943661971 0.9647887323943662 0.061971830985915494 0.056338028169014086
1 0.9056338028169014 0.5211267605633803 0.04788732394366197 0.11267605633802817
1 0.9380281690140845 0.5563380281690141 0.028169014084507043 0.11267605633802817
1 0.8042253521126761 0.5492957746478874 0.036619718309859155 0.11267605633802817
1 0.8436619718309859 0.3345070422535211 0.04225352112676056 0.1056338028169014
1 0.7985915492957747 0.3908450704225352 0.036619718309859155 0.07746478873239436
1 0.7704225352112676 0.35563380281690143 0.030985915492957747 0.11971830985915492
1 0.7450704225352113 0.397887323943662 0.030985915492957747 0.07746478873239436
1 0.7633802816901408 0.4823943661971831 0.04507042253521127 0.09154929577464789
1 0.8394366197183099 0.46830985915492956 0.19718309859154928 0.176056338028169
1 0.6971830985915493 0.4894366197183099 0.07605633802816901 0.2605633802816901
1 0.7070422535211267 0.3028169014084507 0.028169014084507043 0.11267605633802817
1 0.7971830985915493 0.2676056338028169 0.028169014084507043 0.04225352112676056
1 0.7492957746478873 0.8063380281690141 0.14647887323943662 0.3732394366197183
1 0.6788732394366197 0.778169014084507 0.2084507042253521 0.4295774647887324
1 0.5591549295774648 0.8204225352112676 0.13802816901408452 0.3028169014084507
1 0.6507042253521127 0.6830985915492958 0.03943661971830986 0.09859154929577464
1 0.6253521126760564 0.6091549295774648 0.04507042253521127 0.09154929577464789
1 0.6239436619718309 0.4859154929577465 0.036619718309859155 0.1267605633802817
1 0.5901408450704225 0.47183098591549294 0.036619718309859155 0.11267605633802817
1 0.6309859154929578 0.3415492957746479 0.10140845070422536 0.19014084507042253
1 0.6507042253521127 0.24647887323943662 0.016901408450704224 0.07042253521126761
1 0.6084507042253521 0.25 0.028169014084507043 0.04929577464788732
1 0.4788732394366197 0.8098591549295775 0.056338028169014086 0.1267605633802817
1 0.4450704225352113 0.9084507042253521 0.09014084507042254 0.08450704225352113
1 0.49295774647887325 0.9507042253521126 0.04507042253521127 0.08450704225352113
1 0.5309859154929577 0.9647887323943662 0.036619718309859155 0.056338028169014086
1 0.44647887323943664 0.9507042253521126 0.04225352112676056 0.08450704225352113
1 0.423943661971831 0.9683098591549296 0.04225352112676056 0.04929577464788732
1 0.5352112676056338 0.5563380281690141 0.03380281690140845 0.08450704225352113
1 0.5338028169014084 0.49295774647887325 0.02535211267605634 0.056338028169014086
1 0.5225352112676056 0.45422535211267606 0.01971830985915493 0.07746478873239436
1 0.5126760563380282 0.41901408450704225 0.016901408450704224 0.04929577464788732
1 0.49577464788732395 0.4471830985915493 0.011267605633802818 0.07746478873239436
1 0.4915492957746479 0.5140845070422535 0.02535211267605634 0.08450704225352113
1 0.45492957746478874 0.47183098591549294 0.036619718309859155 0.04225352112676056
1 0.46056338028169014 0.44366197183098594 0.014084507042253521 0.04225352112676056
1 0.45211267605633804 0.528169014084507 0.02535211267605634 0.07042253521126761
1 0.44366197183098594 0.5598591549295775 0.030985915492957747 0.04929577464788732
1 0.4802816901408451 0.5880281690140845 0.030985915492957747 0.07746478873239436
1 0.4859154929577465 0.5598591549295775 0.02535211267605634 0.09154929577464789
1 0.5295774647887324 0.6197183098591549 0.028169014084507043 0.056338028169014086
1 0.5098591549295775 0.602112676056338 0.011267605633802818 0.06338028169014084
1 0.49859154929577465 0.647887323943662 0.028169014084507043 0.056338028169014086
1 0.4676056338028169 0.6338028169014085 0.016901408450704224 0.08450704225352113
1 0.4028169014084507 0.29225352112676056 0.04507042253521127 0.11971830985915492
1 0.3211267605633803 0.2112676056338028 0.03380281690140845 0.07042253521126761
1 0.3492957746478873 0.4894366197183099 0.12394366197183099 0.33098591549295775
1 0.37464788732394366 0.7852112676056338 0.16338028169014085 0.34507042253521125
1 0.2507042253521127 0.6373239436619719 0.14647887323943662 0.3873239436619718
1 0.38309859154929576 0.9683098591549296 0.04507042253521127 0.04929577464788732
1 0.05211267605633803 0.2887323943661972 0.036619718309859155 0.11267605633802817
1 0.011267605633802818 0.4295774647887324 0.022535211267605635 0.09859154929577464
1 0.1028169014084507 0.6830985915492958 0.04225352112676056 0.09859154929577464
1 0.14507042253521127 0.7429577464788732 0.02535211267605634 0.1056338028169014
1 0.2 0.8063380281690141 0.028169014084507043 0.06338028169014084
1 0.176056338028169 0.8028169014084507 0.01971830985915493 0.056338028169014086
1 0.18028169014084508 0.852112676056338 0.022535211267605635 0.056338028169014086
1 0.2084507042253521 0.8626760563380281 0.028169014084507043 0.04929577464788732
1 0.19014084507042253 0.9190140845070423 0.036619718309859155 0.06338028169014084
1 0.1647887323943662 0.8943661971830986 0.02535211267605634 0.07042253521126761
1 0.15211267605633802 0.8309859154929577 0.022535211267605635 0.056338028169014086
1 0.12535211267605634 0.8028169014084507 0.030985915492957747 0.056338028169014086
1 0.13380281690140844 0.8485915492957746 0.02535211267605634 0.04929577464788732
1 0.14084507042253522 0.9049295774647887 0.022535211267605635 0.07746478873239436
1 0.11408450704225352 0.9190140845070423 0.030985915492957747 0.07746478873239436
1 0.11267605633802817 0.8415492957746479 0.028169014084507043 0.04929577464788732
1 0.09154929577464789 0.795774647887324 0.030985915492957747 0.056338028169014086
1 0.08591549295774648 0.8908450704225352 0.02535211267605634 0.06338028169014084
1 0.09154929577464789 0.8380281690140845 0.02535211267605634 0.04225352112676056
1 0.061971830985915494 0.8661971830985915 0.03380281690140845 0.08450704225352113
1 0.056338028169014086 0.7887323943661971 0.028169014084507043 0.08450704225352113
1 0.08591549295774648 0.9436619718309859 0.036619718309859155 0.056338028169014086
1 0.2563380281690141 0.9154929577464789 0.11267605633802817 0.15492957746478872
1 0.22816901408450704 0.4295774647887324 0.05070422535211268 0.09859154929577464
1 0.2676056338028169 0.2676056338028169 0.016901408450704224 0.04225352112676056
1 0.1647887323943662 0.2323943661971831 0.07042253521126761 0.23943661971830985
1 0.08169014084507042 0.2676056338028169 0.14084507042253522 0.39436619718309857
1 0.057746478873239436 0.4859154929577465 0.11549295774647887 0.36619718309859156
1 0.1352112676056338 0.5845070422535211 0.056338028169014086 0.09859154929577464
1 0.0647887323943662 0.5633802816901409 0.04507042253521127 0.11267605633802817
1 0.1647887323943662 0.44014084507042256 0.059154929577464786 0.14788732394366197
1 0.05070422535211268 0.8204225352112676 0.10140845070422536 0.34507042253521125
1 0.27887323943661974 0.36971830985915494 0.09577464788732394 0.09154929577464789