1 0.714041095890411 0.4190751445086705 0.24315068493150685 0.43352601156069365
1 0.8767123287671232 0.4624277456647399 0.18493150684931506 0.3815028901734104
1 0.5017123287671232 0.36416184971098264 0.2636986301369863 0.4624277456647399
1 0.7568493150684932 0.1676300578034682 0.1643835616438356 0.20809248554913296
1 0.5291095890410958 0.6936416184971098 0.24315068493150685 0.4161849710982659
1 0.6678082191780822 0.7225433526011561 0.07534246575342465 0.21965317919075145
1 0.708904109589041 0.6502890173410405 0.15753424657534246 0.14450867052023122
1 0.3167808219178082 0.8034682080924855 0.3047945205479452 0.3815028901734104
1 0.2243150684931507 0.569364161849711 0.21575342465753425 0.26011560693641617
1 0.13527397260273974 0.7456647398843931 0.11301369863013698 0.24277456647398843
1 0.3047945205479452 0.43352601156069365 0.0821917808219178 0.16184971098265896
1 0.9434931506849316 0.7254335260115607 0.05821917808219178 0.10982658959537572