1 0.6854545454545454 0.6147540983606558 0.22181818181818183 0.3879781420765027
1 0.8109090909090909 0.7103825136612022 0.24727272727272728 0.37158469945355194
1 0.889090909090909 0.6284153005464481 0.19272727272727272 0.36065573770491804
1 0.8709090909090909 0.4453551912568306 0.2509090909090909 0.47540983606557374
1 0.6636363636363637 0.37158469945355194 0.14909090909090908 0.19672131147540983
1 0.6454545454545455 0.18032786885245902 0.28 0.32786885245901637
1 0.8127272727272727 0.16393442622950818 0.11272727272727273 0.17486338797814208
1 0.49818181818181817 0.20491803278688525 0.16727272727272727 0.14754098360655737
1 0.4781818181818182 0.4726775956284153 0.2727272727272727 0.3879781420765027
1 0.58 0.8169398907103825 0.21454545454545454 0.18032786885245902
1 0.41454545454545455 0.6939890710382514 0.29818181818181816 0.34972677595628415
1 0.27454545454545454 0.5737704918032787 0.18545454545454546 0.30601092896174864
1 0.2818181818181818 0.4262295081967213 0.19272727272727272 0.14207650273224043
1 0.06181818181818182 0.6967213114754098 0.12363636363636364 0.21311475409836064
1 0.4218181818181818 0.1284153005464481 0.38545454545454544 0.2568306010928962
1 0.24909090909090909 0.3551912568306011 0.21454545454545454 0.19672131147540983
1 0.06181818181818182 0.3797814207650273 0.12363636363636364 0.2568306010928962
1 0.038181818181818185 0.06557377049180328 0.07636363636363637 0.13114754098360656