1 0.8419354838709677 0.6288343558282209 0.1870967741935484 0.4233128834355828
1 0.8387096774193549 0.8957055214723927 0.16129032258064516 0.147239263803681
1 0.7403225806451613 0.9141104294478528 0.2806451612903226 0.15950920245398773
1 0.6080645161290322 0.5766871165644172 0.3064516129032258 0.6012269938650306
1 0.8629032258064516 0.4233128834355828 0.13870967741935483 0.18404907975460122
1 0.8548387096774194 0.3343558282208589 0.01935483870967742 0.04294478527607362
1 0.964516129032258 0.34355828220858897 0.06451612903225806 0.0736196319018405
1 0.964516129032258 0.4662576687116564 0.06451612903225806 0.15950920245398773
1 0.9725806451612903 0.6042944785276073 0.04838709677419355 0.1656441717791411
1 0.7725806451612903 0.37116564417177916 0.08709677419354839 0.09202453987730061
1 0.6064516129032258 0.19325153374233128 0.15483870967741936 0.1411042944785276
1 0.632258064516129 0.32515337423312884 0.25161290322580643 0.2085889570552147
1 0.41451612903225804 0.34049079754601225 0.17096774193548386 0.27607361963190186
1 0.25161290322580643 0.4785276073619632 0.27741935483870966 0.3067484662576687
1 0.43709677419354837 0.5460122699386503 0.11290322580645161 0.13496932515337423
1 0.3870967741935484 0.8006134969325154 0.4129032258064516 0.38650306748466257
1 0.17419354838709677 0.9539877300613497 0.0967741935483871 0.07975460122699386
1 0.13548387096774195 0.7331288343558282 0.2709677419354839 0.5214723926380368
1 0.6693548387096774 0.08895705521472393 0.16451612903225807 0.06748466257668712
1 0.5032258064516129 0.1196319018404908 0.08387096774193549 0.20245398773006135
1 0.6532258064516129 0.06748466257668712 0.23548387096774193 0.13496932515337423
1 0.13870967741935483 0.37423312883435583 0.23870967741935484 0.049079754601226995
1 0.09032258064516129 0.4386503067484663 0.18064516129032257 0.07975460122699386