1 0.925 0.8452380952380952 0.14333333333333334 0.2976190476190476
1 0.8933333333333333 0.9613095238095238 0.12 0.06547619047619048
1 0.9783333333333334 0.9791666666666666 0.03666666666666667 0.02976190476190476
1 0.7483333333333333 0.6755952380952381 0.2833333333333333 0.5773809523809523
1 0.7066666666666667 0.4226190476190476 0.44666666666666666 0.5119047619047619
1 0.9433333333333334 0.4851190476190476 0.06666666666666667 0.08928571428571429
1 0.885 0.37797619047619047 0.09 0.1488095238095238
1 0.9433333333333334 0.39880952380952384 0.05333333333333334 0.13095238095238096
1 0.9766666666666667 0.46726190476190477 0.04 0.1130952380952381
1 0.8683333333333333 0.2648809523809524 0.13666666666666666 0.17261904761904762
1 0.9683333333333334 0.3273809523809524 0.056666666666666664 0.15476190476190477
1 0.945 0.19940476190476192 0.10333333333333333 0.18452380952380953
1 0.8316666666666667 0.09821428571428571 0.13666666666666666 0.19642857142857142
1 0.9366666666666666 0.06547619047619048 0.12 0.13095238095238096
1 0.9733333333333334 0.017857142857142856 0.04666666666666667 0.03571428571428571
1 0.7783333333333333 0.22321428571428573 0.056666666666666664 0.07738095238095238
1 0.7666666666666667 0.25595238095238093 0.06 0.07142857142857142
1 0.725 0.22023809523809523 0.043333333333333335 0.047619047619047616
1 0.7616666666666667 0.17261904761904762 0.03 0.05952380952380952
1 0.7316666666666667 0.1636904761904762 0.03666666666666667 0.06547619047619048
1 0.75 0.1130952380952381 0.02666666666666667 0.047619047619047616
1 0.6966666666666667 0.20238095238095238 0.02666666666666667 0.047619047619047616
1 0.64 0.5178571428571429 0.08666666666666667 0.16666666666666666
1 0.5733333333333334 0.3869047619047619 0.1 0.14285714285714285
1 0.5666666666666667 0.5208333333333334 0.08 0.125
1 0.5033333333333333 0.5178571428571429 0.05333333333333334 0.09523809523809523
1 0.475 0.38095238095238093 0.10333333333333333 0.19047619047619047
1 0.43166666666666664 0.20535714285714285 0.10333333333333333 0.19642857142857142
1 0.41333333333333333 0.37797619047619047 0.02666666666666667 0.125
1 0.42 0.48214285714285715 0.09333333333333334 0.11904761904761904
1 0.3283333333333333 0.4255952380952381 0.13 0.18452380952380953
1 0.37166666666666665 0.31547619047619047 0.08333333333333333 0.11904761904761904
1 0.36666666666666664 0.23511904761904762 0.04 0.10119047619047619
1 0.31333333333333335 0.2916666666666667 0.06666666666666667 0.10714285714285714
1 0.545 0.1488095238095238 0.13 0.10714285714285714
1 0.64 0.17857142857142858 0.05333333333333334 0.047619047619047616
1 0.59 0.10119047619047619 0.08 0.13095238095238096
1 0.675 0.10714285714285714 0.09666666666666666 0.20238095238095238
1 0.7233333333333334 0.06547619047619048 0.07333333333333333 0.13095238095238096
1 0.5783333333333334 0.05952380952380952 0.10333333333333333 0.11904761904761904
1 0.525 0.05654761904761905 0.043333333333333335 0.1130952380952381
1 0.445 0.06845238095238096 0.11666666666666667 0.13690476190476192
1 0.71 0.8630952380952381 0.15333333333333332 0.2619047619047619
1 0.745 0.9672619047619048 0.07666666666666666 0.05357142857142857
1 0.28833333333333333 0.11904761904761904 0.22333333333333333 0.23809523809523808
1 0.09666666666666666 0.06845238095238096 0.19333333333333333 0.13690476190476192
1 0.041666666666666664 0.12202380952380952 0.08333333333333333 0.22023809523809523
1 0.13166666666666665 0.125 0.09 0.07142857142857142
1 0.14833333333333334 0.19642857142857142 0.056666666666666664 0.11904761904761904
1 0.22666666666666666 0.1636904761904762 0.12 0.17261904761904762
1 0.20833333333333334 0.2916666666666667 0.13 0.19047619047619047
1 0.22833333333333333 0.4880952380952381 0.11 0.19047619047619047
1 0.15833333333333333 0.47619047619047616 0.11666666666666667 0.23809523809523808
1 0.13666666666666666 0.36904761904761907 0.05333333333333334 0.07142857142857142
1 0.09833333333333333 0.24107142857142858 0.11666666666666667 0.18452380952380953
1 0.02 0.24404761904761904 0.04 0.05952380952380952
1 0.03333333333333333 0.36904761904761907 0.06666666666666667 0.19047619047619047
1 0.05333333333333334 0.5297619047619048 0.10666666666666667 0.13095238095238096
1 0.09 0.40773809523809523 0.04666666666666667 0.1488095238095238
1 0.255 0.5922619047619048 0.07666666666666666 0.125
1 0.31333333333333335 0.5357142857142857 0.07333333333333333 0.13095238095238096
1 0.38166666666666665 0.5625 0.056666666666666664 0.13690476190476192
1 0.43 0.5654761904761905 0.07333333333333333 0.11904761904761904
1 0.5166666666666667 0.6279761904761905 0.1 0.125
1 0.6016666666666667 0.6398809523809523 0.07 0.10119047619047619
1 0.6283333333333333 0.7202380952380952 0.09666666666666666 0.16666666666666666
1 0.5616666666666666 0.8720238095238095 0.09666666666666666 0.22023809523809523
1 0.5966666666666667 0.8363095238095238 0.07333333333333333 0.16071428571428573
1 0.6166666666666667 0.9583333333333334 0.08666666666666667 0.07142857142857142
1 0.49833333333333335 0.9375 0.09666666666666666 0.1130952380952381
1 0.44333333333333336 0.9613095238095238 0.06 0.06547619047619048
1 0.385 0.9047619047619048 0.11666666666666667 0.16666666666666666
1 0.455 0.8482142857142857 0.07 0.1488095238095238
1 0.10833333333333334 0.6517857142857143 0.21666666666666667 0.13690476190476192
1 0.041666666666666664 0.7559523809523809 0.08333333333333333 0.11904761904761904
1 0.02 0.8690476190476191 0.04 0.17857142857142858
1 0.05 0.8898809523809523 0.1 0.20833333333333334
1 0.11666666666666667 0.9107142857142857 0.12666666666666668 0.16666666666666666
1 0.18833333333333332 0.8303571428571429 0.11 0.19642857142857142
1 0.135 0.7142857142857143 0.13666666666666666 0.16666666666666666
1 0.185 0.6904761904761905 0.03666666666666667 0.07142857142857142
1 0.24666666666666667 0.9047619047619048 0.11333333333333333 0.17857142857142858
1 0.31333333333333335 0.9464285714285714 0.1 0.09523809523809523
1 0.32166666666666666 0.7827380952380952 0.09 0.17261904761904762
1 0.385 0.8005952380952381 0.07666666666666666 0.17261904761904762
1 0.43833333333333335 0.7202380952380952 0.07666666666666666 0.15476190476190477
1 0.3983333333333333 0.6785714285714286 0.056666666666666664 0.11904761904761904
1 0.3416666666666667 0.6517857142857143 0.09 0.13690476190476192
1 0.26166666666666666 0.7023809523809523 0.09666666666666666 0.14285714285714285