1 0.8439716312056738 0.9134078212290503 0.1773049645390071 0.16201117318435754
1 0.9290780141843972 0.8016759776536313 0.1347517730496454 0.26256983240223464
1 0.9663120567375887 0.952513966480447 0.06028368794326241 0.08379888268156424
1 0.874113475177305 0.5726256983240223 0.21631205673758866 0.26256983240223464
1 0.7304964539007093 0.7905027932960894 0.14184397163120568 0.24022346368715083
1 0.8351063829787234 0.7569832402234636 0.10283687943262411 0.17318435754189945
1 0.9698581560283688 0.6145251396648045 0.05319148936170213 0.1340782122905028
1 0.9592198581560284 0.35195530726256985 0.07446808510638298 0.33519553072625696
1 0.9078014184397163 0.09776536312849161 0.1347517730496454 0.19553072625698323
1 0.8475177304964538 0.34916201117318435 0.2978723404255319 0.6983240223463687
1 0.6453900709219859 0.8770949720670391 0.07092198581560284 0.11173184357541899
1 0.650709219858156 0.9357541899441341 0.05319148936170213 0.07262569832402235
1 0.700354609929078 0.9608938547486033 0.0673758865248227 0.0670391061452514
1 0.7287234042553191 0.9413407821229051 0.05319148936170213 0.09497206703910614
1 0.6312056737588653 0.9692737430167597 0.05673758865248227 0.05027932960893855
1 0.5975177304964538 0.8994413407821229 0.04609929078014184 0.0893854748603352
1 0.574468085106383 0.9497206703910615 0.05673758865248227 0.0893854748603352
1 0.5478723404255319 0.8966480446927374 0.05319148936170213 0.08379888268156424
1 0.5195035460992907 0.9608938547486033 0.04609929078014184 0.0670391061452514
1 0.46808510638297873 0.9357541899441341 0.07801418439716312 0.10614525139664804
1 0.4875886524822695 0.888268156424581 0.0673758865248227 0.0893854748603352
1 0.4734042553191489 0.7988826815642458 0.07446808510638298 0.1005586592178771
1 0.475177304964539 0.611731843575419 0.19148936170212766 0.2849162011173184
1 0.6312056737588653 0.5642458100558659 0.14184397163120568 0.22346368715083798
1 0.5851063829787234 0.729050279329609 0.16312056737588654 0.26256983240223464
1 0.6648936170212766 0.36312849162011174 0.17375886524822695 0.27932960893854747
1 0.7730496453900709 0.19832402234636873 0.14184397163120568 0.21787709497206703
1 0.7553191489361702 0.04189944134078212 0.20567375886524822 0.08379888268156424
1 0.6436170212765957 0.12290502793296089 0.1453900709219858 0.22346368715083798
1 0.574468085106383 0.05307262569832402 0.1702127659574468 0.10614525139664804
1 0.5283687943262412 0.17039106145251395 0.11347517730496454 0.12849162011173185
1 0.4929078014184397 0.31564245810055863 0.19858156028368795 0.30726256983240224
1 0.3953900709219858 0.4301675977653631 0.08865248226950355 0.1787709497206704
1 0.375886524822695 0.22905027932960895 0.11347517730496454 0.2122905027932961
1 0.3421985815602837 0.33798882681564246 0.05319148936170213 0.07262569832402235
1 0.42021276595744683 0.0782122905027933 0.16666666666666666 0.1564245810055866
1 0.2978723404255319 0.1564245810055866 0.1276595744680851 0.2346368715083799
1 0.2712765957446808 0.05027932960893855 0.11702127659574468 0.1005586592178771
1 0.2641843971631206 0.2905027932960894 0.22340425531914893 0.5810055865921788
1 0.3421985815602837 0.6452513966480447 0.07446808510638298 0.11731843575418995
1 0.37943262411347517 0.7374301675977654 0.07801418439716312 0.1005586592178771
1 0.4326241134751773 0.7960893854748603 0.0425531914893617 0.11731843575418995
1 0.37943262411347517 0.8324022346368715 0.0851063829787234 0.1340782122905028
1 0.42021276595744683 0.9106145251396648 0.0673758865248227 0.1005586592178771
1 0.41312056737588654 0.9776536312849162 0.0673758865248227 0.0335195530726257
1 0.3617021276595745 0.9329608938547486 0.06382978723404255 0.12290502793296089
1 0.2907801418439716 0.9162011173184358 0.09929078014184398 0.1564245810055866
1 0.2854609929078014 0.9720670391061452 0.1099290780141844 0.0446927374301676
1 0.3049645390070922 0.7793296089385475 0.07092198581560284 0.11731843575418995
1 0.23049645390070922 0.7793296089385475 0.09219858156028368 0.13966480446927373
1 0.2553191489361702 0.723463687150838 0.0425531914893617 0.05027932960893855
1 0.3049645390070922 0.7067039106145251 0.05673758865248227 0.05027932960893855
1 0.3333333333333333 0.8463687150837989 0.02127659574468085 0.05027932960893855
1 0.18617021276595744 0.9245810055865922 0.11702127659574468 0.13966480446927373
1 0.14361702127659576 0.8268156424581006 0.08865248226950355 0.1452513966480447
1 0.06382978723404255 0.8491620111731844 0.09929078014184398 0.1564245810055866
1 0.0797872340425532 0.9413407821229051 0.08156028368794327 0.10614525139664804
1 0.02127659574468085 0.9581005586592178 0.0425531914893617 0.061452513966480445
1 0.015957446808510637 0.8435754189944135 0.031914893617021274 0.16759776536312848
1 0.1702127659574468 0.723463687150838 0.04964539007092199 0.09497206703910614
1 0.16843971631205673 0.6452513966480447 0.05319148936170213 0.07262569832402235
1 0.16312056737588654 0.5670391061452514 0.0425531914893617 0.09497206703910614
1 0.2730496453900709 0.5139664804469274 0.03546099290780142 0.0670391061452514
1 0.30141843971631205 0.5726256983240223 0.04964539007092199 0.061452513966480445
1 0.28900709219858156 0.6229050279329609 0.024822695035460994 0.061452513966480445
1 0.17375886524822695 0.1787709497206704 0.15602836879432624 0.3575418994413408
1 0.17907801418439717 0.27932960893854747 0.2730496453900709 0.5586592178770949
1 0.1276595744680851 0.22346368715083798 0.1347517730496454 0.3687150837988827
1 0.20567375886524822 0.3743016759776536 0.09929078014184398 0.2905027932960894
1 0.14716312056737588 0.3435754189944134 0.29432624113475175 0.6871508379888268
1 0.21453900709219859 0.5642458100558659 0.08156028368794327 0.2569832402234637
1 0.17907801418439717 0.5307262569832403 0.12411347517730496 0.3575418994413408
1 0.10106382978723404 0.35195530726256985 0.04609929078014184 0.0782122905027933
1 0.0851063829787234 0.30726256983240224 0.02127659574468085 0.0223463687150838
1 0.06028368794326241 0.30726256983240224 0.03546099290780142 0.055865921787709494
1 0.040780141843971635 0.2569832402234637 0.05319148936170213 0.055865921787709494
1 0.030141843971631204 0.2122905027932961 0.05319148936170213 0.0670391061452514
1 0.015957446808510637 0.17039106145251395 0.031914893617021274 0.061452513966480445
1 0.02304964539007092 0.2877094972067039 0.04609929078014184 0.061452513966480445
1 0.03723404255319149 0.3268156424581006 0.04609929078014184 0.05027932960893855
1 0.11702127659574468 0.6564245810055865 0.06382978723404255 0.061452513966480445
1 0.12056737588652482 0.5865921787709497 0.05673758865248227 0.0670391061452514
1 0.10106382978723404 0.5391061452513967 0.03900709219858156 0.07262569832402235
1 0.12234042553191489 0.5027932960893855 0.05319148936170213 0.055865921787709494
1 0.0975177304964539 0.43575418994413406 0.04609929078014184 0.0670391061452514
1 0.05851063829787234 0.41620111731843573 0.04609929078014184 0.05027932960893855
1 0.02304964539007092 0.3743016759776536 0.03900709219858156 0.055865921787709494
1 0.005319148936170213 0.43854748603351956 0.010638297872340425 0.061452513966480445
1 0.0549645390070922 0.4748603351955307 0.0673758865248227 0.0782122905027933
1 0.03368794326241135 0.5223463687150838 0.03900709219858156 0.08379888268156424
1 0.0673758865248227 0.5502793296089385 0.03546099290780142 0.061452513966480445
1 0.04609929078014184 0.5949720670391061 0.03546099290780142 0.07262569832402235
1 0.015957446808510637 0.5782122905027933 0.031914893617021274 0.08379888268156424
1 0.0549645390070922 0.6396648044692738 0.05319148936170213 0.03910614525139665
1 0.06382978723404255 0.6899441340782123 0.05673758865248227 0.08379888268156424
1 0.051418439716312055 0.7262569832402235 0.0673758865248227 0.0782122905027933