1 0.05 0.8988095238095238 0.1 0.19047619047619047
1 0.12166666666666667 0.9672619047619048 0.19666666666666666 0.05357142857142857
1 0.7983333333333333 0.8869047619047619 0.17 0.21428571428571427
1 0.84 0.9672619047619048 0.08666666666666667 0.05357142857142857
1 0.93 0.9642857142857143 0.10666666666666667 0.05952380952380952
1 0.93 0.9136904761904762 0.13333333333333333 0.16071428571428573
1 0.96 0.7916666666666666 0.07333333333333333 0.13095238095238096
1 0.9233333333333333 0.8154761904761905 0.05333333333333334 0.15476190476190477
1 0.8683333333333333 0.8273809523809523 0.09 0.20238095238095238
1 0.8516666666666667 0.7142857142857143 0.10333333333333333 0.09523809523809523
1 0.79 0.7797619047619048 0.06666666666666667 0.08333333333333333
1 0.7633333333333333 0.8541666666666666 0.10666666666666667 0.10119047619047619
1 0.6933333333333334 0.9464285714285714 0.08666666666666667 0.09523809523809523
1 0.5316666666666666 0.7738095238095238 0.39666666666666667 0.44047619047619047
1 0.845 0.34523809523809523 0.30333333333333334 0.47619047619047616
1 0.8283333333333334 0.27976190476190477 0.33666666666666667 0.38095238095238093
1 0.4866666666666667 0.7142857142857143 0.44 0.5595238095238095
1 0.415 0.6726190476190477 0.49 0.6428571428571429
1 0.27166666666666667 0.5922619047619048 0.16333333333333333 0.22023809523809523
1 0.235 0.7886904761904762 0.17 0.24404761904761904
1 0.08333333333333333 0.8452380952380952 0.16666666666666666 0.20238095238095238
1 0.12 0.6666666666666666 0.22 0.16666666666666666
1 0.38166666666666665 0.43452380952380953 0.19 0.17857142857142858
1 0.3983333333333333 0.5773809523809523 0.15 0.21428571428571427
1 0.5283333333333333 0.3869047619047619 0.14333333333333334 0.2261904761904762
1 0.6316666666666667 0.28869047619047616 0.13666666666666666 0.16071428571428573
1 0.68 0.2261904761904762 0.1 0.10714285714285714
1 0.745 0.18452380952380953 0.13 0.11904761904761904
1 0.7766666666666666 0.07738095238095238 0.15333333333333332 0.14285714285714285
1 0.8866666666666667 0.020833333333333332 0.12 0.041666666666666664
1 0.8166666666666667 0.20238095238095238 0.31333333333333335 0.40476190476190477
1 0.215 0.35119047619047616 0.21 0.39285714285714285
1 0.37666666666666665 0.08928571428571429 0.11333333333333333 0.17857142857142858
1 0.015 0.30952380952380953 0.03 0.4166666666666667
1 0.07333333333333333 0.3244047619047619 0.14666666666666667 0.3630952380952381
1 0.08333333333333333 0.43452380952380953 0.16666666666666666 0.34523809523809523
1 0.065 0.5208333333333334 0.09 0.13690476190476192
1 0.08833333333333333 0.06845238095238096 0.13 0.13690476190476192
1 0.22333333333333333 0.05952380952380952 0.11333333333333333 0.11904761904761904
1 0.5016666666666667 0.10714285714285714 0.11 0.21428571428571427
1 0.6066666666666667 0.06547619047619048 0.08 0.13095238095238096
1 0.675 0.03273809523809524 0.03666666666666667 0.06547619047619048
1 0.37666666666666665 0.24702380952380953 0.15333333333333332 0.22023809523809523