1 0.8345454545454546 0.6229508196721312 0.15636363636363637 0.2185792349726776
1 0.8636363636363636 0.73224043715847 0.18545454545454546 0.25136612021857924
1 0.7709090909090909 0.7786885245901639 0.08 0.1366120218579235
1 0.6745454545454546 0.5710382513661202 0.16363636363636364 0.3879781420765027
1 0.7563636363636363 0.5136612021857924 0.10909090909090909 0.18579234972677597
1 0.6745454545454546 0.7513661202185792 0.11272727272727273 0.14754098360655737
1 0.6872727272727273 0.8360655737704918 0.08727272727272728 0.0546448087431694
1 0.5909090909090909 0.8169398907103825 0.11272727272727273 0.18032786885245902
1 0.5963636363636363 0.6284153005464481 0.10909090909090909 0.17486338797814208
1 0.58 0.42896174863387976 0.07636363636363637 0.21311475409836064
1 0.41454545454545455 0.412568306010929 0.16 0.2896174863387978
1 0.48727272727272725 0.4207650273224044 0.10909090909090909 0.20765027322404372
1 0.46 0.5819672131147541 0.06909090909090909 0.14754098360655737
1 0.509090909090909 0.5956284153005464 0.07272727272727272 0.15300546448087432
1 0.509090909090909 0.7213114754098361 0.2109090909090909 0.1092896174863388
1 0.49272727272727274 0.7923497267759563 0.14181818181818182 0.07650273224043716
1 0.43272727272727274 0.8469945355191257 0.10909090909090909 0.17486338797814208
1 0.4309090909090909 0.8879781420765027 0.04727272727272727 0.14754098360655737
1 0.49818181818181817 0.8524590163934426 0.08 0.04371584699453552
1 0.3018181818181818 0.3442622950819672 0.1890909090909091 0.25136612021857924
1 0.3618181818181818 0.15300546448087432 0.09818181818181818 0.19672131147540983
1 0.3527272727272727 0.592896174863388 0.13818181818181818 0.18032786885245902
1 0.28363636363636363 0.5081967213114754 0.10181818181818182 0.12021857923497267
1 0.24909090909090909 0.6229508196721312 0.08363636363636363 0.1092896174863388
1 0.21454545454545454 0.6174863387978142 0.12363636363636364 0.12021857923497267
1 0.22 0.6584699453551912 0.11272727272727273 0.04918032786885246
1 0.18545454545454546 0.7377049180327869 0.2109090909090909 0.24043715846994534
1 0.36 0.8060109289617486 0.12363636363636364 0.1912568306010929