1 0.15671641791044777 0.8643617021276596 0.31343283582089554 0.26063829787234044
1 0.43470149253731344 0.8962765957446809 0.2126865671641791 0.19680851063829788
1 0.9365671641791045 0.7952127659574468 0.11940298507462686 0.39893617021276595
1 0.7630597014925373 0.8537234042553191 0.2947761194029851 0.2712765957446808
1 0.8171641791044776 0.8324468085106383 0.29850746268656714 0.31382978723404253
1 0.8731343283582089 0.48936170212765956 0.2462686567164179 0.3191489361702128
1 0.7294776119402985 0.5638297872340425 0.13805970149253732 0.13829787234042554
1 0.6175373134328358 0.601063829787234 0.22014925373134328 0.2127659574468085
1 0.8152985074626866 0.7047872340425532 0.1455223880597015 0.13297872340425532
1 0.48134328358208955 0.7287234042553191 0.4253731343283582 0.2765957446808511
1 0.539179104477612 0.925531914893617 0.09328358208955224 0.11702127659574468
1 0.16977611940298507 0.9441489361702128 0.27238805970149255 0.10106382978723404
1 0.25 0.6223404255319149 0.22388059701492538 0.5425531914893617
1 0.09514925373134328 0.5664893617021277 0.16791044776119404 0.4308510638297872
1 0.03171641791044776 0.6569148936170213 0.06343283582089553 0.34574468085106386
1 0.0708955223880597 0.31117021276595747 0.1417910447761194 0.30319148936170215
1 0.1791044776119403 0.16489361702127658 0.11940298507462686 0.32978723404255317
1 0.39738805970149255 0.19148936170212766 0.1455223880597015 0.3829787234042553
1 0.016791044776119403 0.061170212765957445 0.033582089552238806 0.12234042553191489
1 0.061567164179104475 0.14361702127659576 0.12313432835820895 0.2872340425531915
1 0.6865671641791045 0.4175531914893617 0.3283582089552239 0.16489361702127658
1 0.6697761194029851 0.2074468085106383 0.40671641791044777 0.2765957446808511
1 0.8507462686567164 0.23404255319148937 0.208955223880597 0.2872340425531915
1 0.8861940298507462 0.125 0.22014925373134328 0.25
1 0.9701492537313433 0.32180851063829785 0.05223880597014925 0.13297872340425532
1 0.6884328358208955 0.05851063829787234 0.20522388059701493 0.11702127659574468
1 0.5447761194029851 0.061170212765957445 0.15671641791044777 0.12234042553191489
1 0.48880597014925375 0.42819148936170215 0.22388059701492538 0.5372340425531915
1 0.36007462686567165 0.3058510638297872 0.13059701492537312 0.5585106382978723