1 0.4088888888888889 0.6133333333333333 0.8177777777777778 0.7644444444444445
1 0.8488888888888889 0.8111111111111111 0.13333333333333333 0.13777777777777778
1 0.9555555555555556 0.8444444444444444 0.08 0.09777777777777778
1 0.9466666666666667 0.76 0.09777777777777778 0.11555555555555555
1 0.9311111111111111 0.5777777777777777 0.1288888888888889 0.18666666666666668
1 0.92 0.6555555555555556 0.08888888888888889 0.10222222222222223
1 0.8622222222222222 0.72 0.08 0.07111111111111111
1 0.7622222222222222 0.74 0.09333333333333334 0.10222222222222223
1 0.8355555555555556 0.6755555555555556 0.08 0.08888888888888889
1 0.8177777777777778 0.6133333333333333 0.08888888888888889 0.07111111111111111
1 0.74 0.6066666666666667 0.08444444444444445 0.06666666666666667
1 0.7422222222222222 0.66 0.08 0.07555555555555556
1 0.6688888888888889 0.6866666666666666 0.06666666666666667 0.06666666666666667
1 0.6444444444444445 0.3288888888888889 0.35555555555555557 0.16
1 0.76 0.5044444444444445 0.16 0.15555555555555556
1 0.9155555555555556 0.4444444444444444 0.16 0.18666666666666668