1 0.7878228782287823 0.7903225806451613 0.17343173431734318 0.21505376344086022
1 0.9077490774907749 0.6505376344086021 0.16236162361623616 0.22580645161290322
1 0.933579335793358 0.8279569892473119 0.12546125461254612 0.13978494623655913
1 0.9797047970479705 0.6774193548387096 0.033210332103321034 0.20430107526881722
1 0.7472324723247232 0.6505376344086021 0.15867158671586715 0.20430107526881722
1 0.9391143911439115 0.48655913978494625 0.11439114391143912 0.15591397849462366
1 0.9169741697416974 0.4327956989247312 0.15867158671586715 0.10215053763440861
1 0.9003690036900369 0.23118279569892472 0.1918819188191882 0.2903225806451613
1 0.8911439114391144 0.06182795698924731 0.21033210332103322 0.12365591397849462
1 0.8321033210332104 0.17473118279569894 0.3284132841328413 0.34946236559139787
1 0.6623616236162362 0.08064516129032258 0.13653136531365315 0.16129032258064516
1 0.5608856088560885 0.1774193548387097 0.14760147601476015 0.20430107526881722
1 0.4077490774907749 0.07258064516129033 0.3948339483394834 0.14516129032258066
1 0.4040590405904059 0.18010752688172044 0.3062730627306273 0.24193548387096775
1 0.12361623616236163 0.16666666666666666 0.24723247232472326 0.3333333333333333
1 0.014760147601476014 0.4032258064516129 0.02952029520295203 0.20430107526881722
1 0.09778597785977859 0.43548387096774194 0.15867158671586715 0.24731182795698925
1 0.06457564575645756 0.6774193548387096 0.12915129151291513 0.34408602150537637
1 0.07011070110701106 0.8145161290322581 0.14022140221402213 0.15591397849462366
1 0.04059040590405904 0.8763440860215054 0.06642066420664207 0.043010752688172046
1 0.2140221402214022 0.7661290322580645 0.17712177121771217 0.1774193548387097
1 0.23800738007380073 0.8467741935483871 0.17343173431734318 0.0913978494623656
1 0.3763837638376384 0.7876344086021505 0.14022140221402213 0.20967741935483872
1 0.5092250922509225 0.7903225806451613 0.3025830258302583 0.20430107526881722
1 0.6512915129151291 0.8010752688172043 0.12177121771217712 0.1827956989247312