1 0.8309090909090909 0.8278688524590164 0.2290909090909091 0.3333333333333333
1 0.8218181818181818 0.6612021857923497 0.3490909090909091 0.5355191256830601
1 0.9290909090909091 0.5081967213114754 0.13454545454545455 0.7103825136612022
1 0.7872727272727272 0.18579234972677597 0.18545454545454546 0.28415300546448086
1 0.9181818181818182 0.09562841530054644 0.15636363636363637 0.18032786885245902
1 0.8345454545454546 0.03551912568306011 0.12727272727272726 0.07103825136612021
1 0.8618181818181818 0.48360655737704916 0.16727272727272727 0.3114754098360656
1 0.9272727272727272 0.7103825136612022 0.10909090909090909 0.16393442622950818
1 0.6290909090909091 0.39344262295081966 0.19636363636363635 0.24043715846994534
1 0.5781818181818181 0.27049180327868855 0.21818181818181817 0.2459016393442623
1 0.5672727272727273 0.07103825136612021 0.15272727272727274 0.14207650273224043
1 0.6309090909090909 0.07923497267759563 0.10545454545454545 0.15846994535519127
1 0.74 0.0273224043715847 0.06909090909090909 0.0546448087431694
1 0.6163636363636363 0.6693989071038251 0.2509090909090909 0.3770491803278688
1 0.58 0.8415300546448088 0.33090909090909093 0.30601092896174864
1 0.5890909090909091 0.9699453551912568 0.18181818181818182 0.04918032786885246
1 0.3618181818181818 0.8715846994535519 0.12 0.16939890710382513
1 0.3418181818181818 0.7185792349726776 0.16727272727272727 0.2786885245901639
1 0.4709090909090909 0.6010928961748634 0.10545454545454545 0.12021857923497267
1 0.37636363636363634 0.39344262295081966 0.2581818181818182 0.3825136612021858
1 0.44363636363636366 0.14207650273224043 0.1890909090909091 0.25136612021857924
1 0.3563636363636364 0.04371584699453552 0.2690909090909091 0.08743169398907104
1 0.15272727272727274 0.04644808743169399 0.13090909090909092 0.09289617486338798
1 0.12727272727272726 0.16393442622950818 0.05818181818181818 0.20765027322404372
1 0.22727272727272727 0.14207650273224043 0.18545454545454546 0.22950819672131148
1 0.20727272727272728 0.35792349726775957 0.29818181818181816 0.5956284153005464
1 0.06545454545454546 0.36885245901639346 0.13090909090909092 0.2896174863387978
1 0.12727272727272726 0.1721311475409836 0.05818181818181818 0.15846994535519127
1 0.09454545454545454 0.5491803278688525 0.1890909090909091 0.3333333333333333
1 0.18545454545454546 0.7295081967213115 0.18181818181818182 0.2786885245901639
1 0.25272727272727274 0.9207650273224044 0.5054545454545455 0.14754098360655737
1 0.05090909090909091 0.6775956284153005 0.10181818181818182 0.3825136612021858
1 0.05090909090909091 0.10655737704918032 0.10181818181818182 0.21311475409836064
1 0.02727272727272727 0.2540983606557377 0.05454545454545454 0.14754098360655737
1 0.49818181818181817 0.4972677595628415 0.9963636363636363 0.994535519125683