1 0.9713740458015268 0.765625 0.04961832061068702 0.19791666666666666
1 0.916030534351145 0.8619791666666666 0.16030534351145037 0.078125
1 0.8664122137404581 0.8359375 0.1984732824427481 0.11979166666666667
1 0.8282442748091603 0.7864583333333334 0.183206106870229 0.15625
1 0.7099236641221374 0.8489583333333334 0.12213740458015267 0.09375
1 0.6068702290076335 0.8489583333333334 0.0916030534351145 0.10416666666666667
1 0.5438931297709924 0.8515625 0.05725190839694656 0.09895833333333333
1 0.4637404580152672 0.7369791666666666 0.2480916030534351 0.3177083333333333
1 0.2958015267175573 0.75 0.20229007633587787 0.2916666666666667
1 0.1984732824427481 0.8671875 0.1984732824427481 0.057291666666666664
1 0.1431297709923664 0.6901041666666666 0.14122137404580154 0.3489583333333333
1 0.05152671755725191 0.7005208333333334 0.10305343511450382 0.4010416666666667
1 0.1736641221374046 0.5651041666666666 0.14122137404580154 0.234375
1 0.3568702290076336 0.5911458333333334 0.21755725190839695 0.2552083333333333
1 0.7099236641221374 0.6927083333333334 0.2824427480916031 0.22916666666666666
1 0.8454198473282443 0.5208333333333334 0.3015267175572519 0.375
1 0.8874045801526718 0.2916666666666667 0.21755725190839695 0.28125
1 0.9427480916030534 0.23697916666666666 0.10687022900763359 0.15104166666666666
1 0.9465648854961832 0.08333333333333333 0.09923664122137404 0.16666666666666666
1 0.8110687022900763 0.036458333333333336 0.29389312977099236 0.07291666666666667
1 0.767175572519084 0.17447916666666666 0.17557251908396945 0.171875
1 0.8396946564885496 0.11979166666666667 0.1297709923664122 0.08333333333333333
1 0.6316793893129771 0.21875 0.24045801526717558 0.2708333333333333
1 0.666030534351145 0.3697916666666667 0.2633587786259542 0.2708333333333333
1 0.6164122137404581 0.5677083333333334 0.14122137404580154 0.125
1 0.4675572519083969 0.4921875 0.14122137404580154 0.328125
1 0.3568702290076336 0.4765625 0.14122137404580154 0.21354166666666666
1 0.21946564885496184 0.4505208333333333 0.13358778625954199 0.19270833333333334
1 0.2919847328244275 0.2526041666666667 0.14885496183206107 0.3697916666666667
1 0.48854961832061067 0.18229166666666666 0.26717557251908397 0.3645833333333333
1 0.6583969465648855 0.052083333333333336 0.09541984732824428 0.10416666666666667
1 0.5400763358778626 0.033854166666666664 0.11068702290076336 0.06770833333333333
1 0.42366412213740456 0.125 0.16030534351145037 0.23958333333333334
1 0.3606870229007634 0.1015625 0.17938931297709923 0.203125
1 0.2366412213740458 0.052083333333333336 0.17557251908396945 0.10416666666666667
1 0.15839694656488548 0.22395833333333334 0.12595419847328243 0.4479166666666667
1 0.11068702290076336 0.40625 0.10687022900763359 0.11458333333333333
1 0.05152671755725191 0.5390625 0.10305343511450382 0.22395833333333334
1 0.015267175572519083 0.3880208333333333 0.030534351145038167 0.13020833333333334
1 0.04389312977099236 0.2708333333333333 0.08778625954198473 0.09375
1 0.061068702290076333 0.125 0.12213740458015267 0.25
1 0.1049618320610687 0.046875 0.04198473282442748 0.09375
1 0.01717557251908397 0.15104166666666666 0.03435114503816794 0.23958333333333334
1 0.49809160305343514 0.4505208333333333 0.9961832061068703 0.9010416666666666