1 0.7218181818181818 0.3333333333333333 0.3381818181818182 0.6666666666666666
1 0.9145454545454546 0.23770491803278687 0.09090909090909091 0.2677595628415301
1 0.8290909090909091 0.587431693989071 0.15272727272727274 0.4644808743169399
1 0.6127272727272727 0.28415300546448086 0.06909090909090909 0.14207650273224043
1 0.5909090909090909 0.5901639344262295 0.06181818181818182 0.33879781420765026
1 0.6254545454545455 0.8387978142076503 0.08 0.3005464480874317
1 0.7254545454545455 0.8387978142076503 0.12727272727272726 0.3114754098360656
1 0.5509090909090909 0.8114754098360656 0.09818181818181818 0.366120218579235
1 0.509090909090909 0.9016393442622951 0.12363636363636364 0.18579234972677597
1 0.20727272727272728 0.8169398907103825 0.13090909090909092 0.2896174863387978
1 0.3236363636363636 0.9398907103825137 0.18181818181818182 0.1092896174863388
1 0.36363636363636365 0.9153005464480874 0.13090909090909092 0.07103825136612021
1 0.3781818181818182 0.825136612021858 0.06545454545454546 0.1092896174863388
1 0.24 0.7049180327868853 0.13090909090909092 0.07650273224043716
1 0.30727272727272725 0.7622950819672131 0.1781818181818182 0.08196721311475409
1 0.22 0.7923497267759563 0.08363636363636363 0.08743169398907104
1 0.2 0.5382513661202186 0.20363636363636364 0.18032786885245902
1 0.3236363636363636 0.6557377049180327 0.3054545454545455 0.16393442622950818
1 0.3527272727272727 0.6038251366120219 0.13090909090909092 0.07103825136612021
1 0.5 0.5218579234972678 0.13454545454545455 0.15846994535519127
1 0.4890909090909091 0.3743169398907104 0.05454545454545454 0.21311475409836064
1 0.5054545454545455 0.25956284153005466 0.10909090909090909 0.3224043715846995
1 0.3327272727272727 0.28415300546448086 0.3018181818181818 0.5683060109289617