1 0.43454545454545457 0.4808743169398907 0.07636363636363637 0.06557377049180328
1 0.35818181818181816 0.6229508196721312 0.06181818181818182 0.02185792349726776
1 0.4018181818181818 0.6120218579234973 0.03272727272727273 0.03278688524590164
1 0.42363636363636364 0.6202185792349727 0.025454545454545455 0.03825136612021858
1 0.43636363636363634 0.6010928961748634 0.02909090909090909 0.03278688524590164
1 0.4636363636363636 0.5819672131147541 0.04 0.04918032786885246
1 0.48363636363636364 0.6229508196721312 0.04363636363636364 0.02185792349726776
1 0.5072727272727273 0.6174863387978142 0.03272727272727273 0.03278688524590164
1 0.5054545454545455 0.5983606557377049 0.02909090909090909 0.0273224043715847
1 0.45454545454545453 0.6256830601092896 0.02909090909090909 0.0273224043715847
1 0.54 0.6147540983606558 0.025454545454545455 0.0273224043715847
1 0.5563636363636364 0.6092896174863388 0.02909090909090909 0.0273224043715847
1 0.5909090909090909 0.6065573770491803 0.03272727272727273 0.02185792349726776
1 0.36363636363636365 0.48633879781420764 0.24 0.12021857923497267