1 0.21481481481481482 0.23796791443850268 0.24444444444444444 0.39037433155080214
1 0.4444444444444444 0.30213903743315507 0.22962962962962963 0.28342245989304815
1 0.7166666666666667 0.3235294117647059 0.2777777777777778 0.33689839572192515
1 0.8222222222222222 0.6256684491978609 0.2518518518518518 0.3422459893048128
1 0.5166666666666667 0.6310160427807486 0.27037037037037037 0.37433155080213903
1 0.42777777777777776 0.8582887700534759 0.22592592592592592 0.2727272727272727
1 0.9037037037037037 0.09358288770053476 0.18518518518518517 0.18716577540106952
1 0.1111111111111111 0.8235294117647058 0.21481481481481482 0.2994652406417112
1 0.812962962962963 0.8582887700534759 0.21851851851851853 0.2727272727272727
1 0.04814814814814815 0.4625668449197861 0.0962962962962963 0.49732620320855614
1 0.24259259259259258 0.5775401069518716 0.27037037037037037 0.26737967914438504
1 0.9296296296296296 0.339572192513369 0.13333333333333333 0.29411764705882354