1 0.2528957528957529 0.2268041237113402 0.2972972972972973 0.3711340206185567
1 0.4247104247104247 0.36082474226804123 0.3938223938223938 0.4020618556701031
1 0.5444015444015444 0.23969072164948454 0.14671814671814673 0.14948453608247422
1 0.693050193050193 0.31443298969072164 0.25096525096525096 0.2268041237113402
1 0.8378378378378378 0.44072164948453607 0.18532818532818532 0.29381443298969073
1 0.9613899613899614 0.4639175257731959 0.0694980694980695 0.20618556701030927
1 0.888030888030888 0.7731958762886598 0.21621621621621623 0.4329896907216495
1 0.7799227799227799 0.8788659793814433 0.3861003861003861 0.23195876288659795
1 0.5965250965250966 0.7989690721649485 0.35135135135135137 0.3917525773195876
1 0.6853281853281853 0.5721649484536082 0.3590733590733591 0.36082474226804123
1 0.3030888030888031 0.6855670103092784 0.3127413127413127 0.30927835051546393
1 0.23745173745173745 0.8634020618556701 0.38996138996138996 0.26288659793814434
1 0.37258687258687256 0.9536082474226805 0.3204633204633205 0.08247422680412371
1 0.1583011583011583 0.5876288659793815 0.21621621621621623 0.36082474226804123
1 0.12355212355212356 0.35051546391752575 0.14671814671814673 0.15463917525773196