1 0.4622222222222222 0.41555555555555557 0.26666666666666666 0.29777777777777775
1 0.49333333333333335 0.6155555555555555 0.26666666666666666 0.14666666666666667
1 0.5311111111111111 0.7711111111111111 0.10222222222222223 0.16444444444444445
1 0.6533333333333333 0.6755555555555556 0.08 0.20444444444444446
1 0.7333333333333333 0.6266666666666667 0.11555555555555555 0.11555555555555555
1 0.7266666666666667 0.5422222222222223 0.08444444444444445 0.13333333333333333
1 0.7044444444444444 0.29333333333333333 0.1111111111111111 0.09777777777777778
1 0.5511111111111111 0.17333333333333334 0.10666666666666667 0.11555555555555555
1 0.15555555555555556 0.48444444444444446 0.17777777777777778 0.05333333333333334
1 0.18222222222222223 0.4111111111111111 0.1511111111111111 0.06666666666666667
1 0.2688888888888889 0.37777777777777777 0.14666666666666667 0.11555555555555555
1 0.17777777777777778 0.27555555555555555 0.08888888888888889 0.06222222222222222
1 0.2644444444444444 0.24444444444444444 0.1288888888888889 0.08888888888888889
1 0.36444444444444446 0.26666666666666666 0.09777777777777778 0.08
1 0.3511111111111111 0.17777777777777778 0.12444444444444444 0.08
1 0.4444444444444444 0.19111111111111112 0.11555555555555555 0.09777777777777778
1 0.4688888888888889 0.13111111111111112 0.057777777777777775 0.09333333333333334
1 0.5533333333333333 0.23555555555555555 0.10222222222222223 0.08888888888888889
1 0.5244444444444445 0.29333333333333333 0.10666666666666667 0.09777777777777778
1 0.6066666666666667 0.3622222222222222 0.13777777777777778 0.1288888888888889
1 0.7422222222222222 0.41333333333333333 0.10666666666666667 0.11555555555555555
1 0.8155555555555556 0.5066666666666667 0.06666666666666667 0.10666666666666667
1 0.7333333333333333 0.5488888888888889 0.06222222222222222 0.1111111111111111
1 0.3622222222222222 0.8333333333333334 0.07555555555555556 0.06666666666666667
1 0.4288888888888889 0.7688888888888888 0.1288888888888889 0.13333333333333333
1 0.31333333333333335 0.7666666666666667 0.12 0.12
1 0.14888888888888888 0.5644444444444444 0.08444444444444445 0.11555555555555555
1 0.31333333333333335 0.6155555555555555 0.24444444444444444 0.2
1 0.4266666666666667 0.7066666666666667 0.10666666666666667 0.09777777777777778
1 0.2111111111111111 0.6777777777777778 0.10222222222222223 0.1288888888888889
1 0.22666666666666666 0.7333333333333333 0.05333333333333334 0.06222222222222222
1 0.4533333333333333 0.47555555555555556 0.7822222222222223 0.7911111111111111