1 0.8615916955017301 0.6551724137931034 0.17301038062283736 0.3218390804597701
1 0.6937716262975778 0.7126436781609196 0.18339100346020762 0.26436781609195403
1 0.4982698961937716 0.7528735632183908 0.1453287197231834 0.22988505747126436
1 0.5795847750865052 0.6781609195402298 0.12110726643598616 0.2413793103448276
1 0.6851211072664359 0.5718390804597702 0.1314878892733564 0.1896551724137931
1 0.7923875432525952 0.5344827586206896 0.10380622837370242 0.1839080459770115
1 0.7837370242214533 0.4482758620689655 0.11418685121107267 0.13793103448275862
1 0.6833910034602076 0.46839080459770116 0.12110726643598616 0.10919540229885058
1 0.5778546712802768 0.5086206896551724 0.09688581314878893 0.15517241379310345
1 0.5173010380622838 0.45977011494252873 0.17647058823529413 0.2413793103448276
1 0.444636678200692 0.6350574712643678 0.12110726643598616 0.29310344827586204
1 0.31833910034602075 0.6810344827586207 0.22145328719723184 0.3735632183908046
1 0.3079584775086505 0.42528735632183906 0.1453287197231834 0.19540229885057472
1 0.3719723183391003 0.5057471264367817 0.058823529411764705 0.08045977011494253
1 0.1782006920415225 0.5057471264367817 0.1903114186851211 0.27586206896551724
1 0.18685121107266436 0.5574712643678161 0.08996539792387544 0.1839080459770115
1 0.14186851211072665 0.7212643678160919 0.15916955017301038 0.20114942528735633