1 0.9373576309794989 0.7608695652173914 0.03416856492027335 0.14782608695652175
1 0.9498861047835991 0.8304347826086956 0.04555808656036447 0.14782608695652175
1 0.979498861047836 0.8304347826086956 0.009111617312072893 0.09565217391304348
1 0.8997722095671982 0.7652173913043478 0.04100227790432802 0.17391304347826086
1 0.9236902050113895 0.8913043478260869 0.04783599088838269 0.16521739130434782
1 0.9578587699316629 0.9478260869565217 0.0387243735763098 0.08695652173913043
1 0.9886104783599089 0.9304347826086956 0.018223234624145785 0.08695652173913043
1 0.8929384965831435 0.9347826086956522 0.03189066059225513 0.09565217391304348
1 0.7198177676537585 0.1782608695652174 0.1366742596810934 0.3565217391304348
1 0.7323462414578588 0.40869565217391307 0.07972665148063782 0.17391304347826086
1 0.744874715261959 0.5565217391304348 0.09567198177676538 0.34782608695652173
1 0.7801822323462415 0.7478260869565218 0.07061503416856492 0.24347826086956523
1 0.7779043280182233 0.9130434782608695 0.06605922551252848 0.1565217391304348
1 0.7038724373576309 0.8739130434782608 0.08200455580865604 0.23478260869565218
1 0.7255125284738041 0.7739130434782608 0.06150341685649203 0.1391304347826087
1 0.6583143507972665 0.5956521739130435 0.0774487471526196 0.3217391304347826
1 0.60250569476082 0.7434782608695653 0.07972665148063782 0.28695652173913044
1 0.6492027334851936 0.8304347826086956 0.05466970387243736 0.23478260869565218
1 0.6537585421412301 0.9521739130434783 0.03189066059225513 0.0782608695652174
1 0.60250569476082 0.4956521739130435 0.08428246013667426 0.24347826086956523
1 0.6389521640091116 0.2217391304347826 0.05239179954441914 0.4260869565217391
1 0.6719817767653758 0.32608695652173914 0.03189066059225513 0.23478260869565218
1 0.5888382687927107 0.2391304347826087 0.0979498861047836 0.3739130434782609
1 0.5353075170842825 0.034782608695652174 0.08656036446469248 0.06956521739130435
1 0.49316628701594534 0.1565217391304348 0.09339407744874716 0.3130434782608696
1 0.5125284738041003 0.44782608695652176 0.09567198177676538 0.3217391304347826
1 0.5022779043280182 0.7565217391304347 0.11161731207289294 0.3826086956521739
1 0.48519362186788156 0.9695652173913043 0.04555808656036447 0.043478260869565216
1 0.570615034168565 0.9304347826086956 0.09339407744874716 0.12173913043478261
1 0.39863325740318906 0.7739130434782608 0.10933940774487472 0.43478260869565216
1 0.40774487471526194 0.2956521739130435 0.09567198177676538 0.591304347826087
1 0.37813211845102507 0.3 0.07289293849658314 0.6
1 0.26993166287015946 0.6086956521739131 0.07061503416856492 0.591304347826087
1 0.25854214123006836 0.9173913043478261 0.0888382687927107 0.14782608695652175
1 0.1548974943052392 0.9608695652173913 0.05011389521640091 0.06086956521739131
1 0.16856492027334852 0.8521739130434782 0.09567198177676538 0.2782608695652174
1 0.1958997722095672 0.6608695652173913 0.0774487471526196 0.20869565217391303
1 0.10364464692482915 0.7434782608695653 0.08428246013667426 0.3217391304347826
1 0.08656036446469248 0.9347826086956522 0.04555808656036447 0.11304347826086956
1 0.04441913439635535 0.9304347826086956 0.0387243735763098 0.10434782608695652
1 0.265375854214123 0.2956521739130435 0.0888382687927107 0.45217391304347826
1 0.2619589977220957 0.12608695652173912 0.08656036446469248 0.25217391304347825
1 0.017084282460136675 0.20434782608695654 0.03416856492027335 0.40869565217391307
1 0.014806378132118452 0.45217391304347826 0.029612756264236904 0.3130434782608696
1 0.13211845102505695 0.008695652173913044 0.1958997722095672 0.017391304347826087
1 0.8724373576309795 0.3739130434782609 0.1275626423690205 0.7478260869565218
1 0.9635535307517085 0.20434782608695654 0.0683371298405467 0.40869565217391307
1 0.9043280182232346 0.05217391304347826 0.05011389521640091 0.10434782608695652
1 0.8280182232346242 0.4956521739130435 0.10250569476082004 0.991304347826087
1 0.3223234624145786 0.4956521739130435 0.025056947608200455 0.991304347826087
1 0.36674259681093396 0.9739130434782609 0.09567198177676538 0.034782608695652174