1 0.8127272727272727 0.7459016393442623 0.13454545454545455 0.21311475409836064
1 0.6672727272727272 0.819672131147541 0.15636363636363637 0.25136612021857924
1 0.4672727272727273 0.8469945355191257 0.18545454545454546 0.2185792349726776
1 0.32 0.8825136612021858 0.14545454545454545 0.21311475409836064
1 0.10909090909090909 0.8224043715846995 0.21818181818181817 0.16939890710382513
1 0.16363636363636364 0.7240437158469946 0.12363636363636364 0.15846994535519127
1 0.04727272727272727 0.7185792349726776 0.09454545454545454 0.18032786885245902
1 0.11090909090909092 0.9344262295081968 0.11272727272727273 0.12021857923497267
1 0.20363636363636364 0.9098360655737705 0.08727272727272728 0.16939890710382513
1 0.16545454545454547 0.6065573770491803 0.11272727272727273 0.06557377049180328
1 0.05454545454545454 0.587431693989071 0.10181818181818182 0.09289617486338798
1 0.24545454545454545 0.6885245901639344 0.04 0.16393442622950818
1 0.14909090909090908 0.5027322404371585 0.13090909090909092 0.14207650273224043
1 0.10727272727272727 0.43989071038251365 0.12 0.16939890710382513
1 0.2290909090909091 0.4262295081967213 0.11636363636363636 0.13114754098360656
1 0.2381818181818182 0.3469945355191257 0.12727272727272726 0.12568306010928962
1 0.33636363636363636 0.4808743169398907 0.14181818181818182 0.16393442622950818
1 0.3527272727272727 0.587431693989071 0.14545454545454545 0.16939890710382513
1 0.33454545454545453 0.3907103825136612 0.06545454545454546 0.03825136612021858
1 0.3890909090909091 0.34972677595628415 0.06545454545454546 0.13114754098360656
1 0.42363636363636364 0.3524590163934426 0.14909090909090908 0.2568306010928962
1 0.5654545454545454 0.4098360655737705 0.13454545454545455 0.09836065573770492
1 0.5290909090909091 0.5245901639344263 0.2290909090909091 0.29508196721311475
1 0.72 0.4808743169398907 0.20363636363636364 0.30601092896174864
1 0.6963636363636364 0.23497267759562843 0.37454545454545457 0.34972677595628415