1 0.36727272727272725 0.7049180327868853 0.33454545454545453 0.32786885245901637
1 0.32545454545454544 0.39344262295081966 0.2290909090909091 0.33879781420765026
1 0.4709090909090909 0.22404371584699453 0.26545454545454544 0.22950819672131148
1 0.49818181818181817 0.47540983606557374 0.20363636363636364 0.273224043715847
1 0.5818181818181818 0.4207650273224044 0.14545454545454545 0.20765027322404372
1 0.6090909090909091 0.2677595628415301 0.2 0.14207650273224043
1 0.8145454545454546 0.1994535519125683 0.19636363636363635 0.2786885245901639
1 0.730909090909091 0.3333333333333333 0.17454545454545456 0.24043715846994534
1 0.7109090909090909 0.5027322404371585 0.1709090909090909 0.19672131147540983
1 0.7872727272727272 0.5765027322404371 0.19272727272727272 0.2896174863387978
1 0.9145454545454546 0.42349726775956287 0.14909090909090908 0.2459016393442623
1 0.9290909090909091 0.28688524590163933 0.12727272727272726 0.09289617486338798