1 0.7972972972972973 0.9587628865979382 0.3590733590733591 0.07216494845360824
1 0.7799227799227799 0.8685567010309279 0.43243243243243246 0.25257731958762886
1 0.5984555984555985 0.8092783505154639 0.4942084942084942 0.3711340206185567
1 0.40733590733590735 0.6572164948453608 0.35135135135135137 0.20103092783505155
1 0.581081081081081 0.5257731958762887 0.21235521235521235 0.23711340206185566
1 0.747104247104247 0.3634020618556701 0.4980694980694981 0.5824742268041238
1 0.4362934362934363 0.2860824742268041 0.4864864864864865 0.4381443298969072
1 0.416988416988417 0.4097938144329897 0.32432432432432434 0.31443298969072164
1 0.833976833976834 0.041237113402061855 0.277992277992278 0.08247422680412371
1 0.747104247104247 0.07216494845360824 0.1274131274131274 0.1134020618556701
1 0.584942084942085 0.04381443298969072 0.20463320463320464 0.08762886597938144
1 0.3783783783783784 0.01288659793814433 0.13127413127413126 0.02577319587628866
1 0.04826254826254826 0.041237113402061855 0.09652509652509653 0.08247422680412371
1 0.05791505791505792 0.5927835051546392 0.11583011583011583 0.26804123711340205
1 0.14285714285714285 0.8170103092783505 0.2857142857142857 0.3556701030927835
1 0.059845559845559844 0.5902061855670103 0.11969111969111969 0.27319587628865977
1 0.1525096525096525 0.8144329896907216 0.28957528957528955 0.36082474226804123
1 0.33204633204633205 0.8402061855670103 0.07722007722007722 0.29896907216494845
1 0.39768339768339767 0.8092783505154639 0.05405405405405406 0.12371134020618557
1 0.7413127413127413 0.7577319587628866 0.16988416988416988 0.12371134020618557
1 0.9594594594594594 0.327319587628866 0.07335907335907337 0.26288659793814434
1 0.8938223938223938 0.14690721649484537 0.18146718146718147 0.13917525773195877