1 0.8320610687022901 0.671875 0.13740458015267176 0.2604166666666667
1 0.9103053435114504 0.7265625 0.026717557251908396 0.078125
1 0.9064885496183206 0.6302083333333334 0.12595419847328243 0.21875
1 0.6927480916030534 0.71875 0.17938931297709923 0.23958333333333334
1 0.7385496183206107 0.5755208333333334 0.09541984732824428 0.078125
1 0.7690839694656488 0.5208333333333334 0.14122137404580154 0.10416666666666667
1 0.6698473282442748 0.5208333333333334 0.05725190839694656 0.052083333333333336
1 0.6908396946564885 0.4869791666666667 0.030534351145038167 0.026041666666666668
1 0.6202290076335878 0.4765625 0.0648854961832061 0.08854166666666667
1 0.6297709923664122 0.5989583333333334 0.13740458015267176 0.15625
1 0.5190839694656488 0.7447916666666666 0.16793893129770993 0.21875
1 0.5916030534351145 0.7578125 0.03816793893129771 0.109375
1 0.5458015267175572 0.6510416666666666 0.04580152671755725 0.052083333333333336
1 0.5305343511450382 0.578125 0.061068702290076333 0.09375
1 0.5687022900763359 0.5078125 0.08396946564885496 0.08854166666666667
1 0.5038167938931297 0.5078125 0.061068702290076333 0.078125
1 0.4637404580152672 0.6145833333333334 0.07251908396946564 0.11458333333333333
1 0.41030534351145037 0.4817708333333333 0.14885496183206107 0.09895833333333333
1 0.4866412213740458 0.3776041666666667 0.3015267175572519 0.18229166666666666
1 0.35877862595419846 0.5520833333333334 0.183206106870229 0.25
1 0.4026717557251908 0.7526041666666666 0.14122137404580154 0.19270833333333334
1 0.2538167938931298 0.7369791666666666 0.1946564885496183 0.21354166666666666
1 0.20229007633587787 0.625 0.11450381679389313 0.13541666666666666
1 0.2748091603053435 0.5859375 0.061068702290076333 0.109375
1 0.22137404580152673 0.5052083333333334 0.12213740458015267 0.125
1 0.28435114503816794 0.4322916666666667 0.08778625954198473 0.125
1 0.1316793893129771 0.5703125 0.07251908396946564 0.06770833333333333
1 0.07633587786259542 0.6875 0.061068702290076333 0.14583333333333334
1 0.12786259541984732 0.703125 0.11068702290076336 0.16666666666666666