1 0.4816666666666667 0.40476190476190477 0.13666666666666666 0.2619047619047619
1 0.5783333333333334 0.5565476190476191 0.08333333333333333 0.17261904761904762
1 0.6916666666666667 0.6369047619047619 0.18333333333333332 0.16666666666666666
1 0.8083333333333333 0.6815476190476191 0.21666666666666667 0.47023809523809523
1 0.8866666666666667 0.4107142857142857 0.12666666666666668 0.27380952380952384
1 0.755 0.8630952380952381 0.16333333333333333 0.2619047619047619
1 0.6166666666666667 0.8005952380952381 0.10666666666666667 0.23214285714285715
1 0.515 0.6517857142857143 0.15666666666666668 0.125
1 0.5316666666666666 0.7172619047619048 0.09666666666666666 0.1488095238095238
1 0.5866666666666667 0.4107142857142857 0.08 0.14285714285714285
1 0.57 0.2976190476190476 0.05333333333333334 0.07142857142857142
1 0.64 0.27380952380952384 0.08666666666666667 0.15476190476190477
1 0.6633333333333333 0.4226190476190476 0.06666666666666667 0.10714285714285714
1 0.6733333333333333 0.5476190476190477 0.08 0.15476190476190477
1 0.7466666666666667 0.49404761904761907 0.07333333333333333 0.13095238095238096
1 0.8066666666666666 0.3244047619047619 0.16 0.30357142857142855
1 0.68 0.24702380952380953 0.26 0.3869047619047619
1 0.4666666666666667 0.14285714285714285 0.19333333333333333 0.2857142857142857
1 0.305 0.42857142857142855 0.47 0.8571428571428571
1 0.3883333333333333 0.8898809523809523 0.08333333333333333 0.13690476190476192
1 0.3283333333333333 0.9553571428571429 0.09 0.07738095238095238
1 0.4066666666666667 0.9672619047619048 0.05333333333333334 0.05357142857142857
1 0.21166666666666667 0.8184523809523809 0.23666666666666666 0.35119047619047616
1 0.5266666666666666 0.9226190476190477 0.15333333333333332 0.14285714285714285
1 0.6466666666666666 0.9523809523809523 0.12 0.08333333333333333