1 0.730072463768116 0.5631868131868132 0.20652173913043478 0.29120879120879123
1 0.8061594202898551 0.3598901098901099 0.19202898550724637 0.3021978021978022
1 0.6539855072463768 0.22527472527472528 0.213768115942029 0.4175824175824176
1 0.592391304347826 0.5412087912087912 0.09057971014492754 0.12637362637362637
1 0.6286231884057971 0.6785714285714286 0.07608695652173914 0.12637362637362637
1 0.5471014492753623 0.7032967032967034 0.07971014492753623 0.14285714285714285
1 0.5090579710144928 0.5934065934065934 0.07608695652173914 0.14285714285714285
1 0.5108695652173914 0.17032967032967034 0.12318840579710146 0.16483516483516483
1 0.3894927536231884 0.14835164835164835 0.322463768115942 0.26373626373626374
1 0.3423913043478261 0.3324175824175824 0.2210144927536232 0.22527472527472528
1 0.35144927536231885 0.4697802197802198 0.2463768115942029 0.13736263736263737
1 0.3605072463768116 0.7225274725274725 0.286231884057971 0.45604395604395603
1 0.15760869565217392 0.4175824175824176 0.22826086956521738 0.4175824175824176
1 0.447463768115942 0.3626373626373626 0.025362318840579712 0.03296703296703297
1 0.47644927536231885 0.4175824175824176 0.03260869565217391 0.054945054945054944
1 0.5108695652173914 0.47527472527472525 0.028985507246376812 0.04945054945054945
1 0.5489130434782609 0.4642857142857143 0.04710144927536232 0.04945054945054945
1 0.5271739130434783 0.4258241758241758 0.04710144927536232 0.06043956043956044
1 0.49818840579710144 0.3873626373626374 0.018115942028985508 0.07142857142857142
1 0.5289855072463768 0.36538461538461536 0.036231884057971016 0.08241758241758242
1 0.5144927536231884 0.3076923076923077 0.043478260869565216 0.04395604395604396
1 0.4782608695652174 0.3269230769230769 0.036231884057971016 0.038461538461538464
1 0.48188405797101447 0.37362637362637363 0.036231884057971016 0.054945054945054944