1 0.8146718146718147 0.634020618556701 0.36293436293436293 0.5567010309278351
1 0.9498069498069498 0.904639175257732 0.09266409266409266 0.18041237113402062
1 0.6563706563706564 0.904639175257732 0.3861003861003861 0.18041237113402062
1 0.38996138996138996 0.7268041237113402 0.3552123552123552 0.4639175257731959
1 0.26833976833976836 0.9561855670103093 0.28957528957528955 0.07731958762886598
1 0.11003861003861004 0.7603092783505154 0.22007722007722008 0.4484536082474227
1 0.16602316602316602 0.37371134020618557 0.33204633204633205 0.4587628865979381
1 0.0888030888030888 0.11597938144329897 0.1776061776061776 0.23195876288659795
1 0.33204633204633205 0.12628865979381443 0.30115830115830117 0.25257731958762886
1 0.5444015444015444 0.33505154639175255 0.3938223938223938 0.5154639175257731
1 0.8532818532818532 0.19845360824742267 0.277992277992278 0.3865979381443299
1 0.640926640926641 0.07731958762886598 0.2702702702702703 0.15463917525773196