1 0.7481884057971014 0.33879781420765026 0.213768115942029 0.31693989071038253
1 0.9057971014492754 0.4016393442622951 0.11594202898550725 0.21311475409836064
1 0.9293478260869565 0.5300546448087432 0.13405797101449277 0.17486338797814208
1 0.9619565217391305 0.3743169398907104 0.06884057971014493 0.11475409836065574
1 0.8170289855072463 0.20491803278688525 0.07608695652173914 0.1366120218579235
1 0.8695652173913043 0.226775956284153 0.06521739130434782 0.1366120218579235
1 0.7952898550724637 0.060109289617486336 0.11231884057971014 0.12021857923497267
1 0.717391304347826 0.09562841530054644 0.08695652173913043 0.16939890710382513
1 0.6394927536231884 0.09016393442622951 0.09782608695652174 0.15846994535519127
1 0.4329710144927536 0.06557377049180328 0.19202898550724637 0.13114754098360656
1 0.5398550724637681 0.0546448087431694 0.10144927536231885 0.1092896174863388
1 0.8315217391304348 0.6994535519125683 0.20652173913043478 0.44808743169398907
1 0.5090579710144928 0.8278688524590164 0.2210144927536232 0.2786885245901639
1 0.6231884057971014 0.6830601092896175 0.043478260869565216 0.17486338797814208
1 0.6793478260869565 0.7568306010928961 0.10507246376811594 0.18032786885245902
1 0.7137681159420289 0.8469945355191257 0.12318840579710146 0.14207650273224043
1 0.7101449275362319 0.907103825136612 0.21739130434782608 0.17486338797814208
1 0.8297101449275363 0.9207650273224044 0.07971014492753623 0.12568306010928962
1 0.5815217391304348 0.592896174863388 0.10507246376811594 0.21311475409836064
1 0.6376811594202898 0.41530054644808745 0.10869565217391304 0.273224043715847
1 0.6213768115942029 0.28688524590163933 0.06884057971014493 0.1912568306010929
1 0.3786231884057971 0.22131147540983606 0.17028985507246377 0.2459016393442623
1 0.48188405797101447 0.16393442622950818 0.17391304347826086 0.2185792349726776
1 0.532608695652174 0.366120218579235 0.12318840579710146 0.20765027322404372
1 0.4746376811594203 0.5628415300546448 0.12318840579710146 0.34972677595628415
1 0.47282608695652173 0.6584699453551912 0.06884057971014493 0.22404371584699453
1 0.3695652173913043 0.6885245901639344 0.14492753623188406 0.4371584699453552
1 0.32608695652173914 0.7076502732240437 0.15942028985507245 0.3442622950819672
1 0.2898550724637681 0.7650273224043715 0.10144927536231885 0.1092896174863388
1 0.22826086956521738 0.855191256830601 0.10144927536231885 0.10382513661202186
1 0.30434782608695654 0.8715846994535519 0.06521739130434782 0.09289617486338798
1 0.3677536231884058 0.9262295081967213 0.06884057971014493 0.1366120218579235
1 0.26992753623188404 0.9398907103825137 0.15579710144927536 0.1092896174863388
1 0.1286231884057971 0.7049180327868853 0.13405797101449277 0.18579234972677597
1 0.08333333333333333 0.7868852459016393 0.14492753623188406 0.15300546448087432
1 0.14492753623188406 0.9453551912568307 0.10144927536231885 0.09836065573770492
1 0.18659420289855072 0.4972677595628415 0.18478260869565216 0.273224043715847
1 0.19384057971014493 0.32786885245901637 0.17753623188405798 0.16393442622950818
1 0.07608695652173914 0.15300546448087432 0.15217391304347827 0.30601092896174864
1 0.18478260869565216 0.06557377049180328 0.12318840579710146 0.13114754098360656
1 0.2427536231884058 0.17759562841530055 0.14492753623188406 0.10382513661202186
1 0.26268115942028986 0.25956284153005466 0.08333333333333333 0.07103825136612021
1 0.5217391304347826 0.9453551912568307 0.15217391304347827 0.09836065573770492
1 0.2916666666666667 0.08743169398907104 0.11956521739130435 0.16393442622950818