1 0.9036585365853659 0.8130081300813008 0.046341463414634146 0.14634146341463414
1 0.7951219512195122 0.8211382113821138 0.02926829268292683 0.11382113821138211
1 0.8390243902439024 0.7073170731707317 0.07804878048780488 0.2601626016260163
1 0.8841463414634146 0.5487804878048781 0.08048780487804878 0.25203252032520324
1 0.9085365853658537 0.3861788617886179 0.1048780487804878 0.3821138211382114
1 0.9451219512195121 0.13414634146341464 0.06097560975609756 0.23577235772357724
1 0.8780487804878049 0.2032520325203252 0.03902439024390244 0.11382113821138211
1 0.8426829268292683 0.26422764227642276 0.036585365853658534 0.13821138211382114
1 0.8536585365853658 0.34959349593495936 0.08292682926829269 0.0975609756097561
1 0.8170731707317073 0.483739837398374 0.05365853658536585 0.2032520325203252
1 0.7426829268292683 0.7764227642276422 0.041463414634146344 0.15447154471544716
1 0.7219512195121951 0.6829268292682927 0.03902439024390244 0.14634146341463414
1 0.7719512195121951 0.6300813008130082 0.06585365853658537 0.21951219512195122
1 0.7060975609756097 0.556910569105691 0.03170731707317073 0.10569105691056911
1 0.676829268292683 0.6382113821138211 0.036585365853658534 0.10569105691056911
1 0.6475609756097561 0.6869918699186992 0.036585365853658534 0.07317073170731707
1 0.6829268292682927 0.7560975609756098 0.03902439024390244 0.14634146341463414
1 0.6487804878048781 0.7967479674796748 0.03902439024390244 0.11382113821138211
1 0.6073170731707317 0.7601626016260162 0.04390243902439024 0.17073170731707318
1 0.325609756097561 0.4024390243902439 0.10975609756097561 0.3170731707317073
1 0.3121951219512195 0.6056910569105691 0.09268292682926829 0.17073170731707318
1 0.21341463414634146 0.45121951219512196 0.11463414634146342 0.25203252032520324
1 0.625609756097561 0.508130081300813 0.11463414634146342 0.3333333333333333
1 0.748780487804878 0.3333333333333333 0.06829268292682927 0.2601626016260163
1 0.7707317073170732 0.34552845528455284 0.07317073170731707 0.10569105691056911
1 0.774390243902439 0.42276422764227645 0.046341463414634146 0.11382113821138211
1 0.7975609756097561 0.2601626016260163 0.03902439024390244 0.14634146341463414
1 0.8402439024390244 0.14227642276422764 0.036585365853658534 0.10569105691056911
1 0.801219512195122 0.12195121951219512 0.036585365853658534 0.13008130081300814
1 0.8585365853658536 0.024390243902439025 0.13170731707317074 0.04878048780487805
1 0.8731707317073171 0.0975609756097561 0.06829268292682927 0.11382113821138211
1 0.9158536585365854 0.09349593495934959 0.041463414634146344 0.15447154471544716
1 0.7987804878048781 0.1016260162601626 0.046341463414634146 0.18699186991869918
1 0.7524390243902439 0.12601626016260162 0.06097560975609756 0.21951219512195122
1 0.7658536585365854 0.02032520325203252 0.05365853658536585 0.04065040650406504
1 0.6341463414634146 0.27235772357723576 0.14634146341463414 0.5447154471544715