1 0.02181818181818182 0.8497267759562842 0.04363636363636364 0.04918032786885246
1 0.06181818181818182 0.8661202185792349 0.03636363636363636 0.060109289617486336
1 0.09818181818181818 0.8469945355191257 0.04363636363636364 0.0546448087431694
1 0.13090909090909092 0.8524590163934426 0.03636363636363636 0.04371584699453552
1 0.15636363636363637 0.8333333333333334 0.03636363636363636 0.0273224043715847
1 0.14545454545454545 0.8633879781420765 0.02909090909090909 0.02185792349726776
1 0.13090909090909092 0.8934426229508197 0.03636363636363636 0.0273224043715847
1 0.10727272727272727 0.8879781420765027 0.04 0.03825136612021858
1 0.08181818181818182 0.9207650273224044 0.04 0.060109289617486336
1 0.10545454545454545 0.953551912568306 0.02909090909090909 0.03825136612021858
1 0.11090909090909092 0.9207650273224044 0.025454545454545455 0.03825136612021858
1 0.06545454545454546 0.9726775956284153 0.02909090909090909 0.03278688524590164
1 0.04909090909090909 0.9562841530054644 0.03272727272727273 0.07650273224043716
1 0.012727272727272728 0.9426229508196722 0.025454545454545455 0.060109289617486336
1 0.02181818181818182 0.8961748633879781 0.04363636363636364 0.04371584699453552
1 0.045454545454545456 0.9617486338797814 0.03272727272727273 0.06557377049180328
1 0.9436363636363636 0.907103825136612 0.06181818181818182 0.08743169398907104
1 0.9763636363636363 0.8469945355191257 0.04 0.06557377049180328
1 0.9836363636363636 0.9153005464480874 0.025454545454545455 0.07103825136612021
1 0.9618181818181818 0.9726775956284153 0.06909090909090909 0.04371584699453552
1 0.9018181818181819 0.9699453551912568 0.05818181818181818 0.04918032786885246
1 0.8945454545454545 0.907103825136612 0.05818181818181818 0.07650273224043716
1 0.8927272727272727 0.8306010928961749 0.05454545454545454 0.06557377049180328
1 0.9309090909090909 0.8442622950819673 0.03636363636363636 0.04918032786885246
1 0.850909090909091 0.9672131147540983 0.03636363636363636 0.0546448087431694
1 0.8290909090909091 0.9289617486338798 0.03636363636363636 0.04371584699453552
1 0.8127272727272727 0.9699453551912568 0.04 0.04918032786885246
1 0.7854545454545454 0.9344262295081968 0.03636363636363636 0.04371584699453552
1 0.7036363636363636 0.9590163934426229 0.15636363636363637 0.07103825136612021
1 0.6018181818181818 0.9617486338797814 0.01090909090909091 0.02185792349726776
1 0.5872727272727273 0.9371584699453552 0.01818181818181818 0.0273224043715847
1 0.5854545454545454 0.9699453551912568 0.02181818181818182 0.03825136612021858
1 0.5636363636363636 0.9508196721311475 0.014545454545454545 0.03278688524590164
1 0.5145454545454545 0.9617486338797814 0.04 0.0546448087431694
1 0.5272727272727272 0.9699453551912568 0.02181818181818182 0.03825136612021858
1 0.5381818181818182 0.9480874316939891 0.02181818181818182 0.03825136612021858
1 0.5527272727272727 0.9890710382513661 0.014545454545454545 0.01092896174863388
1 0.4781818181818182 0.9726775956284153 0.03272727272727273 0.03278688524590164
1 0.4781818181818182 0.9398907103825137 0.025454545454545455 0.03278688524590164
1 0.43454545454545457 0.9562841530054644 0.025454545454545455 0.0546448087431694
1 0.4509090909090909 0.9754098360655737 0.02909090909090909 0.03825136612021858
1 0.4109090909090909 0.9207650273224044 0.014545454545454545 0.01639344262295082
1 0.39090909090909093 0.9289617486338798 0.01818181818181818 0.03278688524590164
1 0.4090909090909091 0.9562841530054644 0.025454545454545455 0.02185792349726776
1 0.3781818181818182 0.9562841530054644 0.014545454545454545 0.02185792349726776
1 0.38545454545454544 0.9808743169398907 0.02909090909090909 0.0273224043715847
1 0.41454545454545455 0.9808743169398907 0.02909090909090909 0.0273224043715847
1 0.9545454545454546 0.73224043715847 0.08363636363636363 0.08743169398907104
1 0.889090909090909 0.7377049180327869 0.05454545454545454 0.07650273224043716
1 0.3563636363636364 0.9043715846994536 0.03636363636363636 0.18032786885245902
1 0.37636363636363634 0.7076502732240437 0.04 0.07103825136612021
1 0.37272727272727274 0.7595628415300546 0.03272727272727273 0.0546448087431694
1 0.33636363636363636 0.7021857923497268 0.04 0.060109289617486336
1 0.3418181818181818 0.7568306010928961 0.04363636363636364 0.060109289617486336
1 0.30363636363636365 0.6857923497267759 0.03272727272727273 0.04918032786885246
1 0.3054545454545455 0.7213114754098361 0.02909090909090909 0.04371584699453552
1 0.3018181818181818 0.7568306010928961 0.03636363636363636 0.04918032786885246
1 0.2727272727272727 0.7049180327868853 0.03636363636363636 0.06557377049180328
1 0.2381818181818182 0.7049180327868853 0.04 0.06557377049180328
1 0.25636363636363635 0.7595628415300546 0.04 0.0546448087431694
1 0.22545454545454546 0.7595628415300546 0.02909090909090909 0.0546448087431694
1 0.32181818181818184 0.912568306010929 0.025454545454545455 0.16393442622950818
1 0.30363636363636365 0.8661202185792349 0.03272727272727273 0.07103825136612021
1 0.3145454545454546 0.9289617486338798 0.05454545454545454 0.13114754098360656
1 0.27090909090909093 0.9262295081967213 0.04 0.1366120218579235
1 0.2818181818181818 0.8715846994535519 0.03272727272727273 0.09289617486338798
1 0.25272727272727274 0.9180327868852459 0.05454545454545454 0.15300546448087432
1 0.21636363636363637 0.9098360655737705 0.04727272727272727 0.16939890710382513
1 0.17636363636363636 0.9098360655737705 0.06909090909090909 0.16939890710382513
1 0.16363636363636364 0.7377049180327869 0.07272727272727272 0.04371584699453552
1 0.16727272727272727 0.6912568306010929 0.06545454545454546 0.03825136612021858
1 0.16545454545454547 0.7650273224043715 0.06909090909090909 0.04371584699453552
1 0.08181818181818182 0.7650273224043715 0.08363636363636363 0.03278688524590164
1 0.08727272727272728 0.7240437158469946 0.05818181818181818 0.04918032786885246
1 0.09636363636363636 0.6775956284153005 0.05454545454545454 0.03278688524590164
1 0.04181818181818182 0.6939890710382514 0.03272727272727273 0.0546448087431694
1 0.014545454545454545 0.7103825136612022 0.02909090909090909 0.0546448087431694
1 0.034545454545454546 0.7568306010928961 0.04 0.060109289617486336
1 0.00909090909090909 0.7568306010928961 0.01818181818181818 0.0273224043715847
1 0.9218181818181819 0.5683060109289617 0.14909090909090908 0.14207650273224043
1 0.7636363636363637 0.5546448087431693 0.16727272727272727 0.15846994535519127
1 0.46545454545454545 0.6885245901639344 0.02909090909090909 0.04371584699453552
1 0.4909090909090909 0.6912568306010929 0.02181818181818182 0.03825136612021858
1 0.44181818181818183 0.6912568306010929 0.01818181818181818 0.03825136612021858
1 0.41818181818181815 0.7213114754098361 0.03636363636363636 0.0546448087431694
1 0.44727272727272727 0.7486338797814208 0.03636363636363636 0.0546448087431694
1 0.4781818181818182 0.7459016393442623 0.04 0.060109289617486336
1 0.42 0.7868852459016393 0.04 0.06557377049180328
1 0.38727272727272727 0.8224043715846995 0.04 0.060109289617486336
1 0.4018181818181818 0.8579234972677595 0.025454545454545455 0.03278688524590164
1 0.4254545454545455 0.8743169398907104 0.02909090909090909 0.06557377049180328
1 0.4509090909090909 0.8770491803278688 0.02909090909090909 0.03825136612021858
1 0.4781818181818182 0.8743169398907104 0.01818181818181818 0.04371584699453552
1 0.5054545454545455 0.8934426229508197 0.03636363636363636 0.060109289617486336
1 0.5236363636363637 0.8715846994535519 0.02909090909090909 0.04918032786885246
1 0.5472727272727272 0.8715846994535519 0.025454545454545455 0.07103825136612021
1 0.54 0.8224043715846995 0.03272727272727273 0.04918032786885246
1 0.5418181818181819 0.7814207650273224 0.02909090909090909 0.03278688524590164
1 0.5672727272727273 0.7978142076502732 0.02909090909090909 0.04371584699453552
1 0.5781818181818181 0.8387978142076503 0.02181818181818182 0.04918032786885246
1 0.5981818181818181 0.8661202185792349 0.025454545454545455 0.07103825136612021
1 0.6218181818181818 0.8633879781420765 0.02909090909090909 0.0546448087431694
1 0.5727272727272728 0.8879781420765027 0.01818181818181818 0.03825136612021858
1 0.46 0.7950819672131147 0.025454545454545455 0.04918032786885246
1 0.4890909090909091 0.7923497267759563 0.03272727272727273 0.04371584699453552
1 0.46 0.8360655737704918 0.03272727272727273 0.04371584699453552
1 0.49818181818181817 0.8306010928961749 0.03636363636363636 0.04371584699453552
1 0.52 0.73224043715847 0.03636363636363636 0.09836065573770492
1 0.5527272727272727 0.7103825136612022 0.02909090909090909 0.06557377049180328
1 0.5872727272727273 0.7158469945355191 0.03272727272727273 0.06557377049180328
1 0.610909090909091 0.7650273224043715 0.04363636363636364 0.06557377049180328
1 0.5981818181818181 0.5601092896174863 0.16363636363636364 0.14754098360655737
1 0.6654545454545454 0.5382513661202186 0.02181818181818182 0.03825136612021858
1 0.6345454545454545 0.5163934426229508 0.01818181818181818 0.0273224043715847
1 0.6472727272727272 0.5437158469945356 0.014545454545454545 0.0273224043715847
1 0.9363636363636364 0.366120218579235 0.12 0.22950819672131148
1 0.8236363636363636 0.3469945355191257 0.12 0.20218579234972678
1 0.7 0.3524590163934426 0.12727272727272726 0.1912568306010929
1 0.02 0.3333333333333333 0.04 0.18579234972677597
1 0.05818181818181818 0.34153005464480873 0.07272727272727272 0.1912568306010929
1 0.09636363636363636 0.34153005464480873 0.07636363636363637 0.1912568306010929
1 0.1290909090909091 0.366120218579235 0.07636363636363637 0.22950819672131148
1 0.19272727272727272 0.3442622950819672 0.07272727272727272 0.19672131147540983
1 0.25272727272727274 0.3087431693989071 0.08363636363636363 0.11475409836065574
1 0.23454545454545456 0.42349726775956287 0.03272727272727273 0.07103825136612021
1 0.26181818181818184 0.4262295081967213 0.02909090909090909 0.0546448087431694
1 0.29818181818181816 0.4371584699453552 0.04363636363636364 0.04371584699453552
1 0.31272727272727274 0.4180327868852459 0.02181818181818182 0.03825136612021858
1 0.34 0.42349726775956287 0.04 0.060109289617486336
1 0.3709090909090909 0.4262295081967213 0.02909090909090909 0.06557377049180328
1 0.39090909090909093 0.3879781420765027 0.025454545454545455 0.04371584699453552
1 0.4127272727272727 0.36885245901639346 0.025454545454545455 0.060109289617486336
1 0.3418181818181818 0.3907103825136612 0.03636363636363636 0.04918032786885246
1 0.37272727272727274 0.3743169398907104 0.03272727272727273 0.04918032786885246
1 0.28 0.3879781420765027 0.02909090909090909 0.03278688524590164
1 0.2818181818181818 0.34972677595628415 0.025454545454545455 0.02185792349726776
1 0.3054545454545455 0.3797814207650273 0.02181818181818182 0.03825136612021858
1 0.3236363636363636 0.34972677595628415 0.04363636363636364 0.04371584699453552
1 0.3527272727272727 0.3251366120218579 0.02909090909090909 0.060109289617486336
1 0.4018181818181818 0.319672131147541 0.05454545454545454 0.060109289617486336
1 0.38181818181818183 0.273224043715847 0.04363636363636364 0.04371584699453552
1 0.33636363636363636 0.27049180327868855 0.05454545454545454 0.04918032786885246
1 0.3145454545454546 0.3224043715846995 0.04727272727272727 0.08743169398907104
1 0.48363636363636364 0.38524590163934425 0.1890909090909091 0.11475409836065574
1 0.5981818181818181 0.34972677595628415 0.07636363636363637 0.20765027322404372
1 0.49636363636363634 0.29508196721311475 0.1709090909090909 0.09836065573770492
1 0.62 0.7049180327868853 0.03272727272727273 0.0546448087431694
1 0.6472727272727272 0.6912568306010929 0.02909090909090909 0.04918032786885246
1 0.68 0.7021857923497268 0.04363636363636364 0.04918032786885246
1 0.7290909090909091 0.6939890710382514 0.04 0.0546448087431694
1 0.74 0.7240437158469946 0.03272727272727273 0.060109289617486336
1 0.769090909090909 0.7295081967213115 0.03272727272727273 0.060109289617486336
1 0.7981818181818182 0.7131147540983607 0.01818181818181818 0.03825136612021858
1 0.8272727272727273 0.7131147540983607 0.025454545454545455 0.04918032786885246
1 0.8490909090909091 0.73224043715847 0.03272727272727273 0.0546448087431694
1 0.8472727272727273 0.7786885245901639 0.02909090909090909 0.060109289617486336
1 0.8436363636363636 0.8060109289617486 0.03636363636363636 0.04918032786885246
1 0.8436363636363636 0.8469945355191257 0.02909090909090909 0.0546448087431694
1 0.4309090909090909 0.5573770491803278 0.16363636363636364 0.16393442622950818
1 0.07090909090909091 0.5546448087431693 0.14181818181818182 0.1366120218579235
1 0.17636363636363636 0.5136612021857924 0.06909090909090909 0.06557377049180328
1 0.28 0.5136612021857924 0.17454545454545456 0.08743169398907104
1 0.2509090909090909 0.5628415300546448 0.2109090909090909 0.06557377049180328
1 0.25272727272727274 0.6092896174863388 0.21454545454545454 0.04918032786885246
1 0.6454545454545455 0.7704918032786885 0.025454545454545455 0.06557377049180328
1 0.6836363636363636 0.7459016393442623 0.04363636363636364 0.0273224043715847
1 0.68 0.7814207650273224 0.03636363636363636 0.06557377049180328
1 0.7072727272727273 0.7841530054644809 0.03272727272727273 0.060109289617486336
1 0.7418181818181818 0.7950819672131147 0.03636363636363636 0.08196721311475409
1 0.7963636363636364 0.7978142076502732 0.02909090909090909 0.04371584699453552
1 0.8163636363636364 0.7622950819672131 0.03272727272727273 0.03825136612021858
1 0.7727272727272727 0.825136612021858 0.03272727272727273 0.06557377049180328
1 0.8127272727272727 0.8497267759562842 0.04 0.060109289617486336
1 0.6236363636363637 0.8142076502732241 0.04 0.04371584699453552
1 0.6509090909090909 0.8415300546448088 0.02909090909090909 0.06557377049180328
1 0.68 0.8661202185792349 0.02181818181818182 0.09289617486338798
1 0.7072727272727273 0.8497267759562842 0.025454545454545455 0.060109289617486336
1 0.7454545454545455 0.855191256830601 0.04363636363636364 0.03825136612021858