1 0.7587412587412588 0.8693181818181818 0.06993006993006994 0.11363636363636363
1 0.8181818181818182 0.7869318181818182 0.07692307692307693 0.13068181818181818
1 0.736013986013986 0.7698863636363636 0.08041958041958042 0.11931818181818182
1 0.8006993006993007 0.6960227272727273 0.08391608391608392 0.11931818181818182
1 0.7342657342657343 0.6335227272727273 0.08391608391608392 0.1534090909090909
1 0.7797202797202797 0.5710227272727273 0.06293706293706294 0.09659090909090909
1 0.8059440559440559 0.5028409090909091 0.07342657342657342 0.09659090909090909
1 0.8566433566433567 0.5539772727272727 0.055944055944055944 0.09659090909090909
1 0.9003496503496503 0.5255681818181818 0.07342657342657342 0.10795454545454546
1 0.8548951048951049 0.4460227272727273 0.05244755244755245 0.08522727272727272
1 0.9440559440559441 0.4659090909090909 0.07692307692307693 0.06818181818181818
1 0.8793706293706294 0.39488636363636365 0.05244755244755245 0.0625
1 0.8968531468531469 0.3409090909090909 0.05944055944055944 0.10227272727272728
1 0.9475524475524476 0.39204545454545453 0.07692307692307693 0.06818181818181818
1 0.9458041958041958 0.3096590909090909 0.05244755244755245 0.08522727272727272
1 0.9248251748251748 0.24431818181818182 0.05944055944055944 0.09090909090909091
1 0.8758741258741258 0.2215909090909091 0.05244755244755245 0.09090909090909091
1 0.6311188811188811 0.9289772727272727 0.06643356643356643 0.09659090909090909
1 0.5576923076923077 0.9573863636363636 0.07342657342657342 0.07386363636363637
1 0.5664335664335665 0.8636363636363636 0.09090909090909091 0.13636363636363635
1 0.6293706293706294 0.7840909090909091 0.08391608391608392 0.1590909090909091
1 0.5524475524475524 0.7982954545454546 0.06293706293706294 0.07386363636363637
1 0.5751748251748252 0.6903409090909091 0.08041958041958042 0.11931818181818182
1 0.6416083916083916 0.6306818181818182 0.06643356643356643 0.11363636363636363
1 0.6818181818181818 0.6221590909090909 0.027972027972027972 0.0625
1 0.6888111888111889 0.5568181818181818 0.04895104895104895 0.06818181818181818
1 0.6328671328671329 0.5681818181818182 0.055944055944055944 0.056818181818181816
1 0.5699300699300699 0.5852272727272727 0.06993006993006994 0.11363636363636363
1 0.49125874125874125 0.7471590909090909 0.08741258741258741 0.11931818181818182
1 0.46503496503496505 0.8096590909090909 0.03496503496503497 0.028409090909090908
1 0.4125874125874126 0.7528409090909091 0.07692307692307693 0.13068181818181818
1 0.4423076923076923 0.6477272727272727 0.08741258741258741 0.13636363636363635
1 0.49475524475524474 0.5909090909090909 0.05944055944055944 0.06818181818181818
1 0.5174825174825175 0.6590909090909091 0.06293706293706294 0.10227272727272728
1 0.5314685314685315 0.5227272727272727 0.07692307692307693 0.125
1 0.5856643356643356 0.5227272727272727 0.038461538461538464 0.06818181818181818
1 0.6328671328671329 0.4914772727272727 0.08391608391608392 0.10795454545454546
1 0.6818181818181818 0.4943181818181818 0.04895104895104895 0.09090909090909091
1 0.7062937062937062 0.3977272727272727 0.06993006993006994 0.11363636363636363
1 0.7884615384615384 0.4375 0.06643356643356643 0.10227272727272728
1 0.8146853146853147 0.3693181818181818 0.07692307692307693 0.07954545454545454
1 0.8513986013986014 0.32954545454545453 0.045454545454545456 0.06818181818181818
1 0.8461538461538461 0.26136363636363635 0.06293706293706294 0.09090909090909091
1 0.791958041958042 0.3039772727272727 0.06643356643356643 0.09659090909090909
1 0.7517482517482518 0.3693181818181818 0.055944055944055944 0.10227272727272728
1 0.3776223776223776 0.6505681818181818 0.04895104895104895 0.09659090909090909
1 0.40384615384615385 0.59375 0.05244755244755245 0.05113636363636364
1 0.4370629370629371 0.5198863636363636 0.08391608391608392 0.10795454545454546
1 0.48426573426573427 0.46875 0.06643356643356643 0.11931818181818182
1 0.5314685314685315 0.3721590909090909 0.07692307692307693 0.10795454545454546
1 0.5576923076923077 0.4403409090909091 0.06643356643356643 0.09659090909090909
1 0.6381118881118881 0.4090909090909091 0.06643356643356643 0.10227272727272728
1 0.6013986013986014 0.38920454545454547 0.04195804195804196 0.08522727272727272
1 0.5804195804195804 0.34375 0.055944055944055944 0.08522727272727272
1 0.6171328671328671 0.2585227272727273 0.08041958041958042 0.1534090909090909
1 0.6451048951048951 0.32670454545454547 0.045454545454545456 0.0625
1 0.6958041958041958 0.29261363636363635 0.06993006993006994 0.09659090909090909
1 0.6800699300699301 0.2471590909090909 0.05244755244755245 0.07386363636363637
1 0.7412587412587412 0.23011363636363635 0.07692307692307693 0.10795454545454546
1 0.7447552447552448 0.2897727272727273 0.027972027972027972 0.056818181818181816
1 0.7954545454545454 0.20454545454545456 0.045454545454545456 0.09090909090909091
1 0.8111888111888111 0.14772727272727273 0.055944055944055944 0.06818181818181818
1 0.8426573426573427 0.1846590909090909 0.04195804195804196 0.05113636363636364
1 0.8479020979020979 0.14204545454545456 0.03146853146853147 0.03409090909090909
1 0.7814685314685315 0.10227272727272728 0.038461538461538464 0.022727272727272728
1 0.7447552447552448 0.13352272727272727 0.06993006993006994 0.09659090909090909
1 0.7027972027972028 0.14204545454545456 0.027972027972027972 0.07954545454545454
1 0.6783216783216783 0.1903409090909091 0.06993006993006994 0.08522727272727272
1 0.6608391608391608 0.1278409090909091 0.06993006993006994 0.09659090909090909
1 0.5786713286713286 0.18181818181818182 0.05944055944055944 0.07954545454545454
1 0.583916083916084 0.10511363636363637 0.06993006993006994 0.08522727272727272
1 0.6118881118881119 0.048295454545454544 0.07692307692307693 0.09659090909090909
1 0.6276223776223776 0.10795454545454546 0.024475524475524476 0.06818181818181818
1 0.5297202797202797 0.1875 0.038461538461538464 0.07954545454545454
1 0.5472027972027972 0.26988636363636365 0.05244755244755245 0.08522727272727272
1 0.5104895104895105 0.30113636363636365 0.06993006993006994 0.10227272727272728
1 0.479020979020979 0.39204545454545453 0.04895104895104895 0.07954545454545454
1 0.4318181818181818 0.35511363636363635 0.08041958041958042 0.11931818181818182
1 0.4160839160839161 0.4289772727272727 0.06993006993006994 0.10795454545454546
1 0.3356643356643357 0.5965909090909091 0.07692307692307693 0.125
1 0.31993006993006995 0.5085227272727273 0.08741258741258741 0.09659090909090909
1 0.2727272727272727 0.5653409090909091 0.04895104895104895 0.05113636363636364
1 0.23426573426573427 0.5142045454545454 0.06993006993006994 0.08522727272727272
1 0.27797202797202797 0.4943181818181818 0.038461538461538464 0.06818181818181818
1 0.3741258741258741 0.5028409090909091 0.04195804195804196 0.0625
1 0.34965034965034963 0.41761363636363635 0.06993006993006994 0.11931818181818182
1 0.3129370629370629 0.3494318181818182 0.08041958041958042 0.11931818181818182
1 0.27797202797202797 0.4403409090909091 0.06643356643356643 0.07386363636363637
1 0.22552447552447552 0.45454545454545453 0.03146853146853147 0.045454545454545456
1 0.3706293706293706 0.2869318181818182 0.07692307692307693 0.10795454545454546
1 0.42482517482517484 0.23579545454545456 0.07342657342657342 0.11931818181818182
1 0.4597902097902098 0.29545454545454547 0.03146853146853147 0.07954545454545454
1 0.49125874125874125 0.21875 0.07342657342657342 0.07386363636363637
1 0.48776223776223776 0.16477272727272727 0.07342657342657342 0.06818181818181818
1 0.5332167832167832 0.1846590909090909 0.038461538461538464 0.08522727272727272
1 0.5122377622377622 0.09659090909090909 0.06643356643356643 0.09090909090909091
1 0.5524475524475524 0.05397727272727273 0.04895104895104895 0.05113636363636364
1 0.4632867132867133 0.10227272727272728 0.045454545454545456 0.10227272727272728
1 0.4388111888111888 0.06818181818181818 0.03146853146853147 0.056818181818181816
1 0.42657342657342656 0.11931818181818182 0.027972027972027972 0.045454545454545456
1 0.4178321678321678 0.17329545454545456 0.05944055944055944 0.07386363636363637
1 0.3776223776223776 0.15056818181818182 0.03496503496503497 0.05113636363636364
1 0.3986013986013986 0.11647727272727272 0.02097902097902098 0.03977272727272727
1 0.38461538461538464 0.19886363636363635 0.03496503496503497 0.056818181818181816
1 0.3479020979020979 0.18181818181818182 0.06643356643356643 0.06818181818181818
1 0.32342657342657344 0.23295454545454544 0.06643356643356643 0.11363636363636363
1 0.2534965034965035 0.23863636363636365 0.06643356643356643 0.06818181818181818
1 0.25874125874125875 0.3039772727272727 0.055944055944055944 0.07386363636363637
1 0.256993006993007 0.375 0.05944055944055944 0.125
1 0.2097902097902098 0.2897727272727273 0.027972027972027972 0.06818181818181818
1 0.20454545454545456 0.3494318181818182 0.05944055944055944 0.08522727272727272
1 0.23076923076923078 0.3693181818181818 0.07692307692307693 0.07954545454545454
1 0.1555944055944056 0.41761363636363635 0.05944055944055944 0.03977272727272727
1 0.17482517482517482 0.3409090909090909 0.04895104895104895 0.10227272727272728
1 0.1486013986013986 0.3693181818181818 0.045454545454545456 0.07954545454545454
1 0.09965034965034965 0.3778409090909091 0.05944055944055944 0.08522727272727272
1 0.03671328671328671 0.4119318181818182 0.05244755244755245 0.05113636363636364