1 0.03111111111111111 0.7622222222222222 0.06222222222222222 0.04
1 0.03111111111111111 0.7688888888888888 0.06222222222222222 0.05333333333333334
1 0.013333333333333334 0.8555555555555555 0.02666666666666667 0.04
1 0.8755555555555555 0.26222222222222225 0.11555555555555555 0.32
1 0.8 0.18444444444444444 0.10666666666666667 0.17333333333333334
1 0.9288888888888889 0.34 0.035555555555555556 0.17333333333333334
1 0.7911111111111111 0.31555555555555553 0.3288888888888889 0.38222222222222224
1 0.8222222222222222 0.40444444444444444 0.17777777777777778 0.28444444444444444
1 0.6066666666666667 0.26666666666666666 0.41333333333333333 0.43555555555555553
1 0.6222222222222222 0.15777777777777777 0.19555555555555557 0.31555555555555553
1 0.37333333333333335 0.3977777777777778 0.35555555555555557 0.40444444444444444
1 0.35777777777777775 0.6 0.47555555555555556 0.5155555555555555
1 0.5511111111111111 0.8222222222222222 0.3022222222222222 0.18666666666666668
1 0.7377777777777778 0.7866666666666666 0.3022222222222222 0.18666666666666668
1 0.7 0.6444444444444445 0.29777777777777775 0.24888888888888888
1 0.8644444444444445 0.5977777777777777 0.26222222222222225 0.28
1 0.6355555555555555 0.4955555555555556 0.4622222222222222 0.4311111111111111
1 0.5444444444444444 0.45555555555555555 0.9022222222222223 0.9022222222222223
1 0.25333333333333335 0.8533333333333334 0.09777777777777778 0.08