1 0.6346863468634686 0.34139784946236557 0.11070110701107011 0.13440860215053763
1 0.8081180811808119 0.5806451612903226 0.08856088560885608 0.13978494623655913
1 0.7822878228782287 0.6827956989247311 0.12546125461254612 0.13978494623655913
1 0.5166051660516605 0.6075268817204301 0.14760147601476015 0.15053763440860216
1 0.6014760147601476 0.5591397849462365 0.07380073800738007 0.12903225806451613
1 0.37453874538745385 0.6236559139784946 0.15129151291512916 0.1935483870967742
1 0.24354243542435425 0.6505376344086021 0.11808118081180811 0.13978494623655913
1 0.2066420664206642 0.5483870967741935 0.14022140221402213 0.21505376344086022
1 0.3339483394833948 0.49193548387096775 0.13653136531365315 0.25268817204301075
1 0.4188191881918819 0.45161290322580644 0.033210332103321034 0.12903225806451613
1 0.5018450184501845 0.4327956989247312 0.15498154981549817 0.20967741935483872
1 0.5682656826568265 0.3709677419354839 0.06642066420664207 0.06451612903225806
1 0.5553505535055351 0.3118279569892473 0.07749077490774908 0.07526881720430108
1 0.47601476014760147 0.3172043010752688 0.11070110701107011 0.10752688172043011
1 0.3634686346863469 0.34139784946236557 0.11439114391143912 0.13440860215053763
1 0.4059040590405904 0.260752688172043 0.08856088560885608 0.06989247311827956
1 0.6033210332103321 0.45698924731182794 0.06273062730627306 0.11827956989247312
1 0.6568265682656826 0.4596774193548387 0.06642066420664207 0.0913978494623656