1 0.7916666666666666 0.6557377049180327 0.15579710144927536 0.24043715846994534
1 0.9311594202898551 0.7841530054644809 0.13043478260869565 0.2568306010928962
1 0.9782608695652174 0.8989071038251366 0.036231884057971016 0.04918032786885246
1 0.9528985507246377 0.9453551912568307 0.08695652173913043 0.09836065573770492
1 0.9166666666666666 0.9562841530054644 0.10144927536231885 0.07650273224043716
1 0.7898550724637681 0.907103825136612 0.15942028985507245 0.17486338797814208
1 0.8297101449275363 0.9672131147540983 0.10144927536231885 0.0546448087431694
1 0.7536231884057971 0.7650273224043715 0.26811594202898553 0.26229508196721313
1 0.7047101449275363 0.644808743169399 0.03260869565217391 0.1092896174863388
1 0.8097826086956522 0.4562841530054645 0.14855072463768115 0.1912568306010929
1 0.8097826086956522 0.5163934426229508 0.03985507246376811 0.04918032786885246
1 0.842391304347826 0.5382513661202186 0.025362318840579712 0.03825136612021858
1 0.9057971014492754 0.4781420765027322 0.15217391304347827 0.1912568306010929
1 0.9148550724637681 0.587431693989071 0.16304347826086957 0.2459016393442623
1 0.6721014492753623 0.9644808743169399 0.14130434782608695 0.060109289617486336
1 0.6757246376811594 0.8989071038251366 0.05434782608695652 0.04918032786885246
1 0.6702898550724637 0.7759562841530054 0.13043478260869565 0.25136612021857924
1 0.5398550724637681 0.8032786885245902 0.15942028985507245 0.29508196721311475
1 0.6014492753623188 0.9262295081967213 0.08695652173913043 0.1366120218579235
1 0.5217391304347826 0.9590163934426229 0.07246376811594203 0.07103825136612021
1 0.5615942028985508 0.6857923497267759 0.06521739130434782 0.07103825136612021
1 0.5815217391304348 0.6229508196721312 0.09782608695652174 0.12021857923497267
1 0.6231884057971014 0.4972677595628415 0.15942028985507245 0.2185792349726776
1 0.6757246376811594 0.592896174863388 0.06884057971014493 0.08196721311475409
1 0.7083333333333334 0.4426229508196721 0.10507246376811594 0.16393442622950818
1 0.7753623188405797 0.40710382513661203 0.06521739130434782 0.08196721311475409
1 0.8442028985507246 0.34153005464480873 0.057971014492753624 0.03825136612021858
1 0.8858695652173914 0.32786885245901637 0.07608695652173914 0.09836065573770492
1 0.9311594202898551 0.3224043715846995 0.050724637681159424 0.1092896174863388
1 0.9746376811594203 0.31693989071038253 0.043478260869565216 0.1092896174863388
1 0.9655797101449275 0.4098360655737705 0.06159420289855073 0.09836065573770492
1 0.8822463768115942 0.2540983606557377 0.05434782608695652 0.04918032786885246
1 0.9112318840579711 0.19672131147540983 0.09057971014492754 0.13114754098360656
1 0.9728260869565217 0.22131147540983606 0.04710144927536232 0.10382513661202186
1 0.9565217391304348 0.09562841530054644 0.07971014492753623 0.14754098360655737
1 0.9293478260869565 0.03551912568306011 0.06159420289855073 0.07103825136612021
1 0.9782608695652174 0.02459016393442623 0.036231884057971016 0.04918032786885246
1 0.8804347826086957 0.1366120218579235 0.057971014492753624 0.08743169398907104
1 0.8967391304347826 0.10382513661202186 0.04710144927536232 0.06557377049180328
1 0.8333333333333334 0.040983606557377046 0.12318840579710146 0.08196721311475409
1 0.8387681159420289 0.01366120218579235 0.11231884057971014 0.0273224043715847
1 0.8170289855072463 0.08743169398907104 0.06159420289855073 0.06557377049180328
1 0.8405797101449275 0.10382513661202186 0.043478260869565216 0.07650273224043716
1 0.7373188405797102 0.040983606557377046 0.06159420289855073 0.08196721311475409
1 0.7916666666666666 0.20491803278688525 0.08333333333333333 0.20218579234972678
1 0.769927536231884 0.22950819672131148 0.04710144927536232 0.14207650273224043
1 0.8278985507246377 0.23224043715846995 0.04710144927536232 0.07103825136612021
1 0.8242753623188406 0.319672131147541 0.09782608695652174 0.10382513661202186
1 0.5760869565217391 0.24316939890710382 0.12318840579710146 0.060109289617486336
1 0.6521739130434783 0.27049180327868855 0.036231884057971016 0.04918032786885246
1 0.644927536231884 0.3251366120218579 0.09420289855072464 0.07103825136612021
1 0.7083333333333334 0.3442622950819672 0.03260869565217391 0.03278688524590164
1 0.7318840579710145 0.3251366120218579 0.07971014492753623 0.08196721311475409
1 0.45108695652173914 0.4344262295081967 0.13405797101449277 0.21311475409836064
1 0.5054347826086957 0.5546448087431693 0.08333333333333333 0.14754098360655737
1 0.4673913043478261 0.6366120218579235 0.07246376811594203 0.08196721311475409
1 0.519927536231884 0.6284153005464481 0.04710144927536232 0.06557377049180328
1 0.4365942028985507 0.7049180327868853 0.09057971014492754 0.14207650273224043
1 0.375 0.7978142076502732 0.10507246376811594 0.15300546448087432
1 0.34057971014492755 0.9207650273224044 0.13043478260869565 0.14754098360655737
1 0.447463768115942 0.8797814207650273 0.11231884057971014 0.22950819672131148
1 0.27717391304347827 0.9672131147540983 0.025362318840579712 0.0546448087431694
1 0.2717391304347826 0.860655737704918 0.10869565217391304 0.15846994535519127
1 0.21557971014492755 0.9234972677595629 0.09782608695652174 0.14207650273224043
1 0.2028985507246377 0.7814207650273224 0.09420289855072464 0.14207650273224043
1 0.11775362318840579 0.8743169398907104 0.12681159420289856 0.17486338797814208
1 0.09601449275362318 0.953551912568306 0.15579710144927536 0.08196721311475409
1 0.02717391304347826 0.9016393442622951 0.05434782608695652 0.13114754098360656
1 0.010869565217391304 0.9754098360655737 0.021739130434782608 0.03825136612021858
1 0.02717391304347826 0.825136612021858 0.05434782608695652 0.1092896174863388
1 0.1068840579710145 0.773224043715847 0.10507246376811594 0.09289617486338798
1 0.1431159420289855 0.6639344262295082 0.09782608695652174 0.12568306010928962
1 0.25 0.6612021857923497 0.11594202898550725 0.18579234972677597
1 0.3170289855072464 0.7021857923497268 0.12681159420289856 0.18032786885245902
1 0.36231884057971014 0.6147540983606558 0.13043478260869565 0.12568306010928962
1 0.3894927536231884 0.5245901639344263 0.09057971014492754 0.09836065573770492
1 0.4365942028985507 0.5710382513661202 0.05434782608695652 0.07103825136612021
1 0.3115942028985507 0.5573770491803278 0.07971014492753623 0.06557377049180328
1 0.20108695652173914 0.5765027322404371 0.09057971014492754 0.08196721311475409
1 0.2554347826086957 0.5245901639344263 0.05434782608695652 0.07650273224043716
1 0.20652173913043478 0.5027322404371585 0.06521739130434782 0.06557377049180328
1 0.15942028985507245 0.5601092896174863 0.028985507246376812 0.04918032786885246
1 0.09239130434782608 0.6612021857923497 0.12681159420289856 0.19672131147540983
1 0.05434782608695652 0.5819672131147541 0.021739130434782608 0.01639344262295082
1 0.03260869565217391 0.5437158469945356 0.06521739130434782 0.10382513661202186
1 0.11594202898550725 0.5027322404371585 0.13043478260869565 0.14207650273224043
1 0.19927536231884058 0.43989071038251365 0.050724637681159424 0.07103825136612021
1 0.29528985507246375 0.39344262295081966 0.14855072463768115 0.28415300546448086
1 0.37318840579710144 0.36065573770491804 0.043478260869565216 0.16393442622950818
1 0.4166666666666667 0.2923497267759563 0.09420289855072464 0.1366120218579235
1 0.49094202898550726 0.2896174863387978 0.11231884057971014 0.09836065573770492
1 0.5452898550724637 0.33060109289617484 0.15579710144927536 0.14754098360655737
1 0.6702898550724637 0.23770491803278687 0.021739130434782608 0.03825136612021858
1 0.6938405797101449 0.226775956284153 0.03260869565217391 0.03825136612021858
1 0.7373188405797102 0.24316939890710382 0.03985507246376811 0.060109289617486336
1 0.6394927536231884 0.21584699453551912 0.025362318840579712 0.03825136612021858
1 0.657608695652174 0.1366120218579235 0.11956521739130435 0.15300546448087432
1 0.6014492753623188 0.1721311475409836 0.021739130434782608 0.03825136612021858
1 0.6141304347826086 0.1912568306010929 0.03260869565217391 0.03278688524590164
1 0.5851449275362319 0.1885245901639344 0.018115942028985508 0.060109289617486336
1 0.5688405797101449 0.1912568306010929 0.021739130434782608 0.0546448087431694
1 0.5652173913043478 0.13114754098360656 0.050724637681159424 0.06557377049180328
1 0.5235507246376812 0.11475409836065574 0.06159420289855073 0.08743169398907104
1 0.4963768115942029 0.18579234972677597 0.06521739130434782 0.07650273224043716
1 0.5362318840579711 0.1885245901639344 0.036231884057971016 0.04918032786885246
1 0.6394927536231884 0.04918032786885246 0.14855072463768115 0.04371584699453552
1 0.7228260869565217 0.12021857923497267 0.03260869565217391 0.06557377049180328
1 0.7318840579710145 0.1885245901639344 0.036231884057971016 0.060109289617486336
1 0.5688405797101449 0.0273224043715847 0.06521739130434782 0.0546448087431694
1 0.6086956521739131 0.02185792349726776 0.12318840579710146 0.04371584699453552
1 0.6865942028985508 0.01366120218579235 0.03260869565217391 0.0273224043715847
1 0.5 0.040983606557377046 0.07246376811594203 0.08196721311475409
1 0.447463768115942 0.10382513661202186 0.08333333333333333 0.13114754098360656
1 0.4492753623188406 0.02459016393442623 0.07246376811594203 0.04918032786885246
1 0.4003623188405797 0.02459016393442623 0.03985507246376811 0.04918032786885246
1 0.35507246376811596 0.13387978142076504 0.12318840579710146 0.22404371584699453
1 0.23731884057971014 0.2677595628415301 0.17753623188405798 0.13114754098360656
1 0.19746376811594202 0.2568306010928962 0.06159420289855073 0.0546448087431694
1 0.22644927536231885 0.20218579234972678 0.06159420289855073 0.08743169398907104
1 0.15760869565217392 0.10109289617486339 0.09057971014492754 0.1366120218579235
1 0.11775362318840579 0.07377049180327869 0.03985507246376811 0.08196721311475409
1 0.06159420289855073 0.07650273224043716 0.08695652173913043 0.1092896174863388
1 0.161231884057971 0.3224043715846995 0.322463768115942 0.273224043715847
1 0.021739130434782608 0.13387978142076504 0.043478260869565216 0.08196721311475409
1 0.1105072463768116 0.02185792349726776 0.11231884057971014 0.04371584699453552
1 0.25905797101449274 0.05191256830601093 0.19202898550724637 0.10382513661202186
1 0.2554347826086957 0.1448087431693989 0.09782608695652174 0.14754098360655737
1 0.49818840579710144 0.4972677595628415 0.9963768115942029 0.994535519125683