1 0.47104247104247104 0.8144329896907216 0.19305019305019305 0.31958762886597936
1 0.5675675675675675 0.7603092783505154 0.09266409266409266 0.20103092783505155
1 0.6138996138996139 0.5360824742268041 0.2084942084942085 0.28865979381443296
1 0.7760617760617761 0.4381443298969072 0.15444015444015444 0.23711340206185566
1 0.581081081081081 0.2345360824742268 0.13513513513513514 0.10824742268041238
1 0.750965250965251 0.29896907216494845 0.03474903474903475 0.16494845360824742
1 0.28378378378378377 0.2757731958762887 0.2972972972972973 0.0979381443298969
1 0.39768339768339767 0.36082474226804123 0.06177606177606178 0.4742268041237113
1 0.5173745173745173 0.4845360824742268 0.6718146718146718 0.13402061855670103
1 0.46525096525096526 0.6211340206185567 0.5521235521235521 0.11855670103092783
1 0.5501930501930502 0.3118556701030928 0.7374517374517374 0.19072164948453607