1 0.4890909090909091 0.5355191256830601 0.2 0.18579234972677597
1 0.68 0.5437158469945356 0.24727272727272728 0.1912568306010929
1 0.7109090909090909 0.4426229508196721 0.20727272727272728 0.20765027322404372
1 0.5345454545454545 0.3469945355191257 0.33454545454545453 0.18032786885245902
1 0.6672727272727272 0.2814207650273224 0.12727272727272726 0.12568306010928962
1 0.5563636363636364 0.23224043715846995 0.12363636363636364 0.08196721311475409
1 0.4672727272727273 0.24043715846994534 0.14181818181818182 0.26229508196721313
1 0.34363636363636363 0.25136612021857924 0.12 0.14207650273224043
1 0.31272727272727274 0.319672131147541 0.18181818181818182 0.1912568306010929
1 0.33090909090909093 0.4890710382513661 0.11636363636363636 0.20218579234972678
1 0.4090909090909091 0.6994535519125683 0.1781818181818182 0.26229508196721313
1 0.5345454545454545 0.5792349726775956 0.7418181818181818 0.7431693989071039
1 0.09090909090909091 0.5 0.18181818181818182 0.5081967213114754
1 0.1890909090909091 0.6775956284153005 0.14545454545454545 0.2185792349726776
1 0.12727272727272726 0.7568306010928961 0.2545454545454545 0.16939890710382513
1 0.15272727272727274 0.6256830601092896 0.3054545454545455 0.6939890710382514