1 0.7921146953405018 0.6527777777777778 0.40860215053763443 0.6833333333333333
1 0.899641577060932 0.3861111111111111 0.1935483870967742 0.48333333333333334
1 0.7365591397849462 0.48055555555555557 0.17562724014336917 0.17222222222222222
1 0.8602150537634409 0.2 0.2724014336917563 0.4
1 0.5878136200716846 0.25 0.4659498207885305 0.5
1 0.44265232974910396 0.6722222222222223 0.44802867383512546 0.6444444444444445
1 0.15232974910394265 0.7638888888888888 0.3046594982078853 0.46111111111111114
1 0.2007168458781362 0.3277777777777778 0.3010752688172043 0.4111111111111111
1 0.3154121863799283 0.09444444444444444 0.21505376344086022 0.18888888888888888
1 0.1057347670250896 0.13333333333333333 0.2114695340501792 0.26666666666666666
1 0.025089605734767026 0.4444444444444444 0.05017921146953405 0.34444444444444444
1 0.4982078853046595 0.49722222222222223 0.996415770609319 0.9944444444444445