1 0.30985915492957744 0.22598870056497175 0.3380281690140845 0.4519774011299435
1 0.721830985915493 0.1638418079096045 0.30985915492957744 0.327683615819209
1 0.6866197183098591 0.4858757062146893 0.4014084507042254 0.576271186440678
1 0.4859154929577465 0.847457627118644 0.2535211267605634 0.2937853107344633
1 0.6355633802816901 0.8559322033898306 0.2007042253521127 0.2768361581920904
1 0.34683098591549294 0.6016949152542372 0.2640845070422535 0.4124293785310734
1 0.30633802816901406 0.827683615819209 0.2676056338028169 0.3333333333333333
1 0.09507042253521127 0.2768361581920904 0.19014084507042253 0.3615819209039548
1 0.1619718309859155 0.07909604519774012 0.20422535211267606 0.15819209039548024
1 0.44366197183098594 0.025423728813559324 0.09154929577464789 0.05084745762711865
1 0.8503521126760564 0.9152542372881356 0.10915492957746478 0.13559322033898305