1 0.5018181818181818 0.3967391304347826 0.2109090909090909 0.3804347826086957
1 0.4527272727272727 0.5570652173913043 0.12727272727272726 0.29891304347826086
1 0.4254545454545455 0.8152173913043478 0.19636363636363635 0.22826086956521738
1 0.6654545454545454 0.7445652173913043 0.3054545454545455 0.3695652173913043
1 0.8127272727272727 0.7364130434782609 0.2 0.15760869565217392
1 0.8381818181818181 0.6385869565217391 0.2 0.21195652173913043
1 0.7545454545454545 0.4483695652173913 0.21454545454545454 0.266304347826087
1 0.8327272727272728 0.4048913043478261 0.10181818181818182 0.21195652173913043
1 0.6327272727272727 0.30434782608695654 0.16 0.25
1 0.68 0.5543478260869565 0.16 0.22826086956521738
1 0.5781818181818181 0.9021739130434783 0.19636363636363635 0.18478260869565216
1 0.4127272727272727 0.9456521739130435 0.19272727272727272 0.09782608695652174
1 0.29818181818181816 0.9157608695652174 0.16727272727272727 0.125
1 0.2727272727272727 0.7690217391304348 0.28363636363636363 0.27717391304347827
1 0.2 0.6603260869565217 0.28363636363636363 0.4076086956521739
1 0.3618181818181818 0.45652173913043476 0.12727272727272726 0.2391304347826087
1 0.3927272727272727 0.28532608695652173 0.15272727272727274 0.24456521739130435
1 0.24727272727272728 0.3695652173913043 0.12363636363636364 0.18478260869565216
1 0.15636363636363637 0.5163043478260869 0.15272727272727274 0.15217391304347827
1 0.13090909090909092 0.657608695652174 0.16727272727272727 0.13043478260869565