1 0.8212927756653993 0.375 0.22813688212927757 0.3229166666666667
1 0.4543726235741445 0.640625 0.21673003802281368 0.28125
1 0.15019011406844107 0.4453125 0.23193916349809887 0.296875
1 0.9847908745247148 0.22135416666666666 0.022813688212927757 0.3072916666666667
1 0.9695817490494296 0.5520833333333334 0.053231939163498096 0.8854166666666666
1 0.9315589353612167 0.5078125 0.08365019011406843 0.765625
1 0.8688212927756654 0.5572916666666666 0.07984790874524715 0.875
1 0.8155893536121673 0.4661458333333333 0.06463878326996197 0.921875
1 0.7262357414448669 0.546875 0.07604562737642585 0.8958333333333334
1 0.7737642585551331 0.734375 0.049429657794676805 0.4166666666666667
1 0.6653992395437263 0.5494791666666666 0.053231939163498096 0.890625
1 0.6026615969581749 0.4791666666666667 0.08745247148288973 0.8541666666666666
1 0.5437262357414449 0.5078125 0.09125475285171103 0.859375
1 0.4714828897338403 0.4713541666666667 0.06844106463878327 0.7552083333333334
1 0.42585551330798477 0.5104166666666666 0.045627376425855515 0.84375
1 0.37832699619771865 0.5 0.057034220532319393 0.78125
1 0.33460076045627374 0.5208333333333334 0.053231939163498096 0.7604166666666666
1 0.2718631178707224 0.4973958333333333 0.08745247148288973 0.7552083333333334
1 0.2224334600760456 0.5416666666666666 0.08745247148288973 0.78125
1 0.14258555133079848 0.5260416666666666 0.06463878326996197 0.9375
1 0.12167300380228137 0.4505208333333333 0.030418250950570342 0.765625
1 0.08935361216730038 0.5494791666666666 0.06463878326996197 0.828125
1 0.03802281368821293 0.53125 0.045627376425855515 0.7604166666666666