1 0.8755555555555555 0.6355555555555555 0.24 0.17777777777777778
1 0.8533333333333334 0.7733333333333333 0.28444444444444444 0.18666666666666668
1 0.78 0.8644444444444445 0.15555555555555556 0.10222222222222223
1 0.8422222222222222 0.9244444444444444 0.1288888888888889 0.08
1 0.7511111111111111 0.9511111111111111 0.16 0.08888888888888889
1 0.5755555555555556 0.8866666666666667 0.19111111111111112 0.21777777777777776
1 0.6133333333333333 0.7177777777777777 0.17777777777777778 0.19111111111111112
1 0.43555555555555553 0.5977777777777777 0.29333333333333333 0.28888888888888886
1 0.4822222222222222 0.5355555555555556 0.36 0.28
1 0.22 0.5844444444444444 0.23555555555555555 0.21777777777777776
1 0.32 0.7066666666666667 0.32 0.2222222222222222
1 0.2511111111111111 0.86 0.2 0.23555555555555555
1 0.11333333333333333 0.7777777777777778 0.16444444444444445 0.18666666666666668
1 0.10888888888888888 0.7244444444444444 0.21777777777777776 0.2311111111111111
1 0.22444444444444445 0.46 0.4488888888888889 0.19111111111111112
1 0.5355555555555556 0.3888888888888889 0.36 0.14666666666666667
1 0.18222222222222223 0.33111111111111113 0.36444444444444446 0.2