1 0.4309090909090909 0.07103825136612021 0.06181818181818182 0.14207650273224043
1 0.9763636363636363 0.01912568306010929 0.04 0.03825136612021858
1 0.32727272727272727 0.7158469945355191 0.14545454545454545 0.30601092896174864
1 0.7254545454545455 0.7295081967213115 0.14909090909090908 0.4644808743169399
1 0.9145454545454546 0.5956284153005464 0.16363636363636364 0.28415300546448086
1 0.9109090909090909 0.8579234972677595 0.1709090909090909 0.273224043715847
1 0.4636363636363636 0.8934426229508197 0.13454545454545455 0.20218579234972678
1 0.5654545454545454 0.7349726775956285 0.16363636363636364 0.2568306010928962
1 0.2309090909090909 0.8797814207650273 0.2509090909090909 0.22950819672131148
1 0.44545454545454544 0.9098360655737705 0.2581818181818182 0.16939890710382513
1 0.46 0.5327868852459017 0.23636363636363636 0.5628415300546448
1 0.6690909090909091 0.45081967213114754 0.33454545454545453 0.2896174863387978
1 0.8981818181818182 0.4890710382513661 0.19636363636363635 0.5081967213114754
1 0.9181818181818182 0.27595628415300544 0.10545454545454545 0.14754098360655737
1 0.7218181818181818 0.15846994535519127 0.09818181818181818 0.2185792349726776
1 0.6072727272727273 0.18032786885245902 0.17454545454545456 0.18579234972677597
1 0.33636363636363636 0.19672131147540983 0.10545454545454545 0.16393442622950818
1 0.5381818181818182 0.30327868852459017 0.3490909090909091 0.2786885245901639
1 0.7945454545454546 0.273224043715847 0.1709090909090909 0.15300546448087432
1 0.29818181818181816 0.23770491803278687 0.19636363636363635 0.2459016393442623
1 0.22363636363636363 0.3743169398907104 0.19272727272727272 0.3224043715846995
1 0.33636363636363636 0.4562841530054645 0.1709090909090909 0.2459016393442623
1 0.1781818181818182 0.5956284153005464 0.14545454545454545 0.29508196721311475
1 0.16363636363636364 0.43989071038251365 0.1890909090909091 0.2786885245901639
1 0.06 0.6065573770491803 0.12 0.30601092896174864
1 0.07636363636363637 0.8087431693989071 0.15272727272727274 0.16393442622950818
1 0.1509090909090909 0.9371584699453552 0.1709090909090909 0.11475409836065574
1 0.49818181818181817 0.5218579234972678 0.9963636363636363 0.9453551912568307