1 0.49833333333333335 0.24702380952380953 0.19666666666666666 0.35119047619047616
1 0.6583333333333333 0.36904761904761907 0.16333333333333333 0.35714285714285715
1 0.705 0.6398809523809523 0.11 0.24404761904761904
1 0.5783333333333334 0.5238095238095238 0.22333333333333333 0.32142857142857145
1 0.6116666666666667 0.8035714285714286 0.18333333333333332 0.2619047619047619
1 0.5366666666666666 0.7202380952380952 0.1 0.14285714285714285
1 0.395 0.7708333333333334 0.22333333333333333 0.3630952380952381
1 0.36833333333333335 0.46130952380952384 0.19 0.3273809523809524
1 0.20666666666666667 0.5238095238095238 0.18 0.3333333333333333
1 0.31 0.6934523809523809 0.10666666666666667 0.16071428571428573
1 0.37833333333333335 0.22916666666666666 0.056666666666666664 0.10119047619047619