1 0.6911196911196911 0.25 0.23166023166023167 0.3247422680412371
1 0.6505791505791506 0.5644329896907216 0.23552123552123552 0.33505154639175255
1 0.4826254826254826 0.3634020618556701 0.2084942084942085 0.28350515463917525
1 0.4266409266409266 0.6597938144329897 0.27413127413127414 0.3711340206185567
1 0.2722007722007722 0.43556701030927836 0.21235521235521235 0.29381443298969073
1 0.08687258687258688 0.46134020618556704 0.17374517374517376 0.634020618556701
1 0.23745173745173745 0.711340206185567 0.1274131274131274 0.26804123711340205
1 0.2471042471042471 0.8582474226804123 0.138996138996139 0.17010309278350516
1 0.38223938223938225 0.904639175257732 0.13127413127413126 0.11855670103092783
1 0.5366795366795367 0.8969072164948454 0.1776061776061776 0.10309278350515463
1 0.747104247104247 0.8505154639175257 0.24324324324324326 0.18556701030927836
1 0.277992277992278 0.15721649484536082 0.21621621621621623 0.27319587628865977
1 0.41312741312741313 0.1134020618556701 0.32432432432432434 0.2268041237113402
1 0.7818532818532818 0.05154639175257732 0.41312741312741313 0.10309278350515463
1 0.8996138996138996 0.43556701030927836 0.19305019305019305 0.654639175257732
1 0.5637065637065637 0.8324742268041238 0.12355212355212356 0.02577319587628866
1 0.5791505791505791 0.7963917525773195 0.08494208494208494 0.04639175257731959
1 0.5888030888030888 0.7551546391752577 0.07335907335907337 0.03608247422680412
1 0.5752895752895753 0.7216494845360825 0.03088803088803089 0.041237113402061855
1 0.6081081081081081 0.729381443298969 0.03474903474903475 0.015463917525773196
1 0.7162162162162162 0.7422680412371134 0.17374517374517376 0.030927835051546393
1 0.7818532818532818 0.5567010309278351 0.04247104247104247 0.3402061855670103
1 0.7432432432432432 0.7061855670103093 0.03474903474903475 0.030927835051546393
1 0.7451737451737451 0.42010309278350516 0.03088803088803089 0.04639175257731959
1 0.7876447876447876 0.36855670103092786 0.03088803088803089 0.02577319587628866
1 0.7857142857142857 0.1134020618556701 0.03474903474903475 0.05154639175257732
1 0.5907335907335908 0.1134020618556701 0.03088803088803089 0.05154639175257732
1 0.39768339768339767 0.25 0.023166023166023165 0.03608247422680412
1 0.5579150579150579 0.24742268041237114 0.02702702702702703 0.030927835051546393
1 0.6003861003861004 0.38917525773195877 0.02702702702702703 0.02577319587628866
1 0.38223938223938225 0.46649484536082475 0.023166023166023165 0.03608247422680412
1 0.361003861003861 0.3247422680412371 0.04247104247104247 0.05154639175257732
1 0.333976833976834 0.8273195876288659 0.03474903474903475 0.03608247422680412