1 0.9655172413793104 0.8505747126436781 0.06206896551724138 0.11494252873563218
1 0.9689655172413794 0.9511494252873564 0.05517241379310345 0.08620689655172414
1 0.9155172413793103 0.9683908045977011 0.05862068965517241 0.05172413793103448
1 0.9224137931034483 0.896551724137931 0.05862068965517241 0.10344827586206896
1 0.9137931034482759 0.853448275862069 0.041379310344827586 0.07471264367816093
1 0.9448275862068966 0.8017241379310345 0.04827586206896552 0.07471264367816093
1 0.9706896551724138 0.735632183908046 0.05172413793103448 0.11494252873563218
1 0.9793103448275862 0.6408045977011494 0.034482758620689655 0.05172413793103448
1 0.9258620689655173 0.6867816091954023 0.09310344827586207 0.1206896551724138
1 0.8879310344827587 0.8017241379310345 0.06551724137931035 0.09770114942528736
1 0.8741379310344828 0.9195402298850575 0.04482758620689655 0.08045977011494253
1 0.8637931034482759 0.9712643678160919 0.03103448275862069 0.04597701149425287
1 0.8275862068965517 0.9281609195402298 0.034482758620689655 0.06321839080459771
1 0.8275862068965517 0.9770114942528736 0.041379310344827586 0.034482758620689655
1 0.7810344827586206 0.9454022988505747 0.05172413793103448 0.09770114942528736
1 0.7258620689655172 0.9310344827586207 0.05172413793103448 0.12643678160919541
1 0.7586206896551724 0.8620689655172413 0.06896551724137931 0.11494252873563218
1 0.8224137931034483 0.8419540229885057 0.06551724137931035 0.1206896551724138
1 0.8396551724137931 0.7614942528735632 0.05172413793103448 0.09770114942528736
1 0.8517241379310345 0.7097701149425287 0.05517241379310345 0.07471264367816093
1 0.7896551724137931 0.6867816091954023 0.06206896551724138 0.07471264367816093
1 0.7862068965517242 0.764367816091954 0.05517241379310345 0.09195402298850575
1 0.7310344827586207 0.7528735632183908 0.05517241379310345 0.13793103448275862
1 0.7293103448275862 0.6350574712643678 0.05862068965517241 0.07471264367816093
1 0.7810344827586206 0.6235632183908046 0.05172413793103448 0.06321839080459771
1 0.8310344827586207 0.5977011494252874 0.14482758620689656 0.19540229885057472
1 0.9275862068965517 0.5775862068965517 0.13793103448275862 0.13218390804597702
1 0.9620689655172414 0.4540229885057471 0.06896551724137931 0.16091954022988506
1 0.8741379310344828 0.4511494252873563 0.11379310344827587 0.16666666666666666
1 0.7637931034482759 0.4425287356321839 0.1 0.16091954022988506
1 0.6672413793103448 0.4482758620689655 0.09310344827586207 0.14942528735632185
1 0.5586206896551724 0.45977011494252873 0.11724137931034483 0.1839080459770115
1 0.44655172413793104 0.4540229885057471 0.10689655172413794 0.1839080459770115
1 0.3482758620689655 0.48563218390804597 0.1103448275862069 0.16666666666666666
1 0.253448275862069 0.47126436781609193 0.09310344827586207 0.16091954022988506
1 0.15517241379310345 0.48563218390804597 0.0896551724137931 0.14367816091954022
1 0.7034482758620689 0.5747126436781609 0.0896551724137931 0.14942528735632185
1 0.6931034482758621 0.7873563218390804 0.041379310344827586 0.28735632183908044
1 0.6 0.5833333333333334 0.11724137931034483 0.15517241379310345
1 0.46206896551724136 0.6005747126436781 0.14482758620689656 0.14367816091954022
1 0.36551724137931035 0.6264367816091954 0.04827586206896552 0.10344827586206896
1 0.3 0.5977011494252874 0.09655172413793103 0.12643678160919541
1 0.2396551724137931 0.5833333333333334 0.1 0.1206896551724138
1 0.15344827586206897 0.5948275862068966 0.07931034482758621 0.08620689655172414
1 0.06379310344827586 0.5114942528735632 0.12758620689655173 0.3563218390804598
1 0.36724137931034484 0.6522988505747126 0.06551724137931035 0.040229885057471264
1 0.41724137931034483 0.7040229885057471 0.04827586206896552 0.10919540229885058
1 0.3603448275862069 0.7327586206896551 0.06551724137931035 0.10919540229885058
1 0.3103448275862069 0.7126436781609196 0.05517241379310345 0.11494252873563218
1 0.2482758620689655 0.6954022988505747 0.06896551724137931 0.08045977011494253
1 0.19310344827586207 0.6609195402298851 0.05517241379310345 0.04597701149425287
1 0.19310344827586207 0.7385057471264368 0.07586206896551724 0.10919540229885058
1 0.15 0.6666666666666666 0.04482758620689655 0.05747126436781609
1 0.11551724137931034 0.7298850574712644 0.07241379310344828 0.09195402298850575
1 0.1 0.6551724137931034 0.04827586206896552 0.04597701149425287
1 0.04482758620689655 0.7183908045977011 0.06896551724137931 0.08045977011494253
1 0.41724137931034483 0.8275862068965517 0.05517241379310345 0.12643678160919541
1 0.4189655172413793 0.8936781609195402 0.04482758620689655 0.040229885057471264
1 0.42931034482758623 0.9482758620689655 0.03793103448275862 0.06896551724137931
1 0.4068965517241379 0.9683908045977011 0.05517241379310345 0.05172413793103448
1 0.3793103448275862 0.9310344827586207 0.08275862068965517 0.11494252873563218
1 0.3586206896551724 0.8247126436781609 0.05517241379310345 0.09770114942528736
1 0.41724137931034483 0.8189655172413793 0.04827586206896552 0.10919540229885058
1 0.3103448275862069 0.9224137931034483 0.04827586206896552 0.07471264367816093
1 0.3258620689655172 0.9683908045977011 0.04482758620689655 0.05172413793103448
1 0.30517241379310345 0.8275862068965517 0.05862068965517241 0.11494252873563218
1 0.25517241379310346 0.7787356321839081 0.04827586206896552 0.07471264367816093
1 0.2517241379310345 0.9051724137931034 0.06206896551724138 0.1781609195402299
1 0.2810344827586207 0.9683908045977011 0.05172413793103448 0.05172413793103448
1 0.2103448275862069 0.8505747126436781 0.04827586206896552 0.11494252873563218
1 0.19310344827586207 0.9482758620689655 0.041379310344827586 0.09195402298850575
1 0.1413793103448276 0.8333333333333334 0.07586206896551724 0.09195402298850575
1 0.10689655172413794 0.9195402298850575 0.08275862068965517 0.12643678160919541
1 0.15 0.9367816091954023 0.05172413793103448 0.11494252873563218
1 0.041379310344827586 0.8189655172413793 0.05517241379310345 0.10919540229885058
1 0.08620689655172414 0.8189655172413793 0.034482758620689655 0.08620689655172414
1 0.04310344827586207 0.9339080459770115 0.05172413793103448 0.1206896551724138
1 0.6413793103448275 0.9712643678160919 0.06896551724137931 0.04597701149425287
1 0.6344827586206897 0.8908045977011494 0.06896551724137931 0.12643678160919541
1 0.6448275862068965 0.7844827586206896 0.041379310344827586 0.09770114942528736
1 0.6448275862068965 0.7183908045977011 0.034482758620689655 0.04597701149425287
1 0.6310344827586207 0.6896551724137931 0.034482758620689655 0.06896551724137931
1 0.6017241379310345 0.7126436781609196 0.05172413793103448 0.09195402298850575
1 0.5706896551724138 0.6695402298850575 0.03793103448275862 0.040229885057471264
1 0.5275862068965518 0.6551724137931034 0.041379310344827586 0.05747126436781609
1 0.49137931034482757 0.7126436781609196 0.05172413793103448 0.09195402298850575
1 0.5379310344827586 0.7155172413793104 0.04827586206896552 0.08620689655172414
1 0.5344827586206896 0.7931034482758621 0.04827586206896552 0.09195402298850575
1 0.5793103448275863 0.7557471264367817 0.04827586206896552 0.06321839080459771
1 0.49137931034482757 0.7988505747126436 0.04482758620689655 0.08045977011494253
1 0.5051724137931034 0.8879310344827587 0.07241379310344828 0.10919540229885058
1 0.5655172413793104 0.9080459770114943 0.05517241379310345 0.08045977011494253
1 0.5758620689655173 0.8247126436781609 0.06896551724137931 0.08620689655172414
1 0.5741379310344827 0.9712643678160919 0.06551724137931035 0.04597701149425287
1 0.503448275862069 0.9712643678160919 0.07586206896551724 0.04597701149425287
1 0.9189655172413793 0.3333333333333333 0.08620689655172414 0.13793103448275862
1 0.9896551724137931 0.3505747126436782 0.013793103448275862 0.08045977011494253
1 0.9758620689655172 0.3505747126436782 0.020689655172413793 0.05747126436781609
1 0.9724137931034482 0.28160919540229884 0.04827586206896552 0.08045977011494253
1 0.9758620689655172 0.21551724137931033 0.041379310344827586 0.06321839080459771
1 0.9310344827586207 0.21551724137931033 0.05517241379310345 0.07471264367816093
1 0.9137931034482759 0.2471264367816092 0.04827586206896552 0.034482758620689655
1 0.8724137931034482 0.27298850574712646 0.04827586206896552 0.08620689655172414
1 0.8327586206896552 0.32471264367816094 0.07931034482758621 0.13218390804597702
1 0.7482758620689656 0.2988505747126437 0.08275862068965517 0.11494252873563218
1 0.6706896551724137 0.3160919540229885 0.07931034482758621 0.12643678160919541
1 0.6224137931034482 0.34195402298850575 0.05172413793103448 0.08620689655172414
1 0.5879310344827586 0.3160919540229885 0.07241379310344828 0.12643678160919541
1 0.5086206896551724 0.33620689655172414 0.07931034482758621 0.1206896551724138
1 0.44482758620689655 0.32471264367816094 0.04827586206896552 0.08620689655172414
1 0.38620689655172413 0.34195402298850575 0.08275862068965517 0.14367816091954022
1 0.4517241379310345 0.2413793103448276 0.05517241379310345 0.06896551724137931
1 0.496551724137931 0.2471264367816092 0.04827586206896552 0.05747126436781609
1 0.5396551724137931 0.2442528735632184 0.05172413793103448 0.07471264367816093
1 0.5775862068965517 0.23563218390804597 0.03793103448275862 0.04597701149425287
1 0.6293103448275862 0.2442528735632184 0.05172413793103448 0.05172413793103448
1 0.6620689655172414 0.22126436781609196 0.020689655172413793 0.028735632183908046
1 0.7 0.2442528735632184 0.041379310344827586 0.06321839080459771
1 0.75 0.21264367816091953 0.04482758620689655 0.05747126436781609
1 0.7931034482758621 0.25862068965517243 0.034482758620689655 0.06896551724137931
1 0.8362068965517241 0.2413793103448276 0.03793103448275862 0.034482758620689655
1 0.8724137931034482 0.20114942528735633 0.07586206896551724 0.05747126436781609
1 0.8017241379310345 0.19827586206896552 0.05862068965517241 0.040229885057471264
1 0.9344827586206896 0.08908045977011494 0.12413793103448276 0.1781609195402299
1 0.7655172413793103 0.09195402298850575 0.04827586206896552 0.09195402298850575
1 0.8137931034482758 0.09482758620689655 0.1310344827586207 0.1896551724137931
1 0.7241379310344828 0.16379310344827586 0.06206896551724138 0.09770114942528736
1 0.6913793103448276 0.1896551724137931 0.03103448275862069 0.08045977011494253
1 0.6603448275862069 0.16954022988505746 0.05862068965517241 0.08620689655172414
1 0.6362068965517241 0.22413793103448276 0.03793103448275862 0.034482758620689655
1 0.603448275862069 0.1781609195402299 0.04827586206896552 0.10344827586206896
1 0.5982758620689655 0.08333333333333333 0.05172413793103448 0.09770114942528736
1 0.38620689655172413 0.22701149425287356 0.06206896551724138 0.08620689655172414
1 0.3396551724137931 0.28160919540229884 0.04482758620689655 0.08045977011494253
1 0.29482758620689653 0.3505747126436782 0.08620689655172414 0.13793103448275862
1 0.23620689655172414 0.3448275862068966 0.04482758620689655 0.10344827586206896
1 0.19655172413793104 0.382183908045977 0.05517241379310345 0.08620689655172414
1 0.13620689655172413 0.3563218390804598 0.07241379310344828 0.11494252873563218
1 0.1482758620689655 0.2614942528735632 0.05517241379310345 0.07471264367816093
1 0.19137931034482758 0.2959770114942529 0.05862068965517241 0.08620689655172414
1 0.22241379310344828 0.2557471264367816 0.05172413793103448 0.07471264367816093
1 0.2637931034482759 0.27873563218390807 0.04482758620689655 0.07471264367816093
1 0.3017241379310345 0.2442528735632184 0.05172413793103448 0.07471264367816093
1 0.020689655172413793 0.2959770114942529 0.041379310344827586 0.10919540229885058
1 0.056896551724137934 0.3103448275862069 0.02413793103448276 0.04597701149425287
1 0.06724137931034482 0.35344827586206895 0.02413793103448276 0.040229885057471264
1 0.0603448275862069 0.16379310344827586 0.03793103448275862 0.07471264367816093
1 0.08620689655172414 0.1781609195402299 0.027586206896551724 0.04597701149425287
1 0.11724137931034483 0.19827586206896552 0.041379310344827586 0.08620689655172414
1 0.11379310344827587 0.12643678160919541 0.020689655172413793 0.04597701149425287
1 0.22758620689655173 0.1867816091954023 0.05517241379310345 0.07471264367816093
1 0.2620689655172414 0.22413793103448276 0.034482758620689655 0.05747126436781609
1 0.2603448275862069 0.1752873563218391 0.03103448275862069 0.040229885057471264
1 0.3120689655172414 0.19540229885057472 0.017241379310344827 0.05747126436781609
1 0.3310344827586207 0.1839080459770115 0.013793103448275862 0.08045977011494253
1 0.41206896551724137 0.1810344827586207 0.03103448275862069 0.09770114942528736
1 0.45 0.1867816091954023 0.03103448275862069 0.1206896551724138
1 0.46551724137931033 0.09770114942528736 0.05517241379310345 0.12643678160919541
1 0.5189655172413793 0.04310344827586207 0.07241379310344828 0.08620689655172414
1 0.5568965517241379 0.09195402298850575 0.05172413793103448 0.09195402298850575
1 0.5586206896551724 0.1724137931034483 0.05517241379310345 0.06896551724137931
1 0.5086206896551724 0.14942528735632185 0.05172413793103448 0.11494252873563218
1 0.022413793103448276 0.10057471264367816 0.04482758620689655 0.20114942528735633
1 0.2413793103448276 0.06609195402298851 0.41379310344827586 0.13218390804597702
1 0.3689655172413793 0.20114942528735633 0.06206896551724138 0.1839080459770115
1 0.2913793103448276 0.14942528735632185 0.03793103448275862 0.11494252873563218
1 0.17413793103448275 0.1867816091954023 0.05172413793103448 0.06321839080459771
1 0.4982758620689655 0.49712643678160917 0.996551724137931 0.9942528735632183