1 0.509469696969697 0.3900523560209424 0.9734848484848485 0.7801047120418848
1 0.6950757575757576 0.7827225130890052 0.6022727272727273 0.2670157068062827
1 0.9128787878787878 0.8219895287958116 0.16666666666666666 0.17801047120418848
1 0.740530303030303 0.27486910994764396 0.5113636363636364 0.5497382198952879
1 0.8996212121212122 0.46335078534031415 0.19318181818181818 0.225130890052356
1 0.9166666666666666 0.4083769633507853 0.1590909090909091 0.16753926701570682
1 0.7329545454545454 0.2696335078534031 0.19318181818181818 0.3507853403141361
1 0.8541666666666666 0.24083769633507854 0.2840909090909091 0.16753926701570682
1 0.8257575757575758 0.07329842931937172 0.24242424242424243 0.14659685863874344
1 0.9583333333333334 0.04712041884816754 0.07575757575757576 0.09424083769633508
1 0.696969696969697 0.08376963350785341 0.1893939393939394 0.16753926701570682
1 0.4753787878787879 0.18586387434554974 0.2916666666666667 0.3717277486910995
1 0.2803030303030303 0.17277486910994763 0.44696969696969696 0.2931937172774869
1 0.21212121212121213 0.10732984293193717 0.4166666666666667 0.21465968586387435
1 0.17424242424242425 0.36910994764397903 0.3484848484848485 0.6020942408376964
1 0.2897727272727273 0.6780104712041884 0.17045454545454544 0.193717277486911
1 0.49242424242424243 0.8298429319371727 0.36363636363636365 0.16230366492146597
1 0.13825757575757575 0.7801047120418848 0.2765151515151515 0.08376963350785341
1 0.1534090909090909 0.725130890052356 0.3068181818181818 0.3507853403141361
1 0.22348484848484848 0.8743455497382199 0.44696969696969696 0.07329842931937172
1 0.03409090909090909 0.4712041884816754 0.06818181818181818 0.27225130890052357
1 0.21212121212121213 0.5916230366492147 0.3106060606060606 0.387434554973822
1 0.4981060606060606 0.4581151832460733 0.9962121212121212 0.9162303664921466