1 0.6913357400722022 0.3021978021978022 0.22021660649819494 0.3516483516483517
1 0.7707581227436823 0.760989010989011 0.17689530685920576 0.2692307692307692
1 0.6498194945848376 0.8736263736263736 0.2743682310469314 0.24175824175824176
1 0.6534296028880866 0.7939560439560439 0.04332129963898917 0.07142857142857142
1 0.31227436823104693 0.7692307692307693 0.4296028880866426 0.3076923076923077
1 0.6534296028880866 0.7225274725274725 0.3898916967509025 0.33516483516483514
1 0.3267148014440433 0.8983516483516484 0.3212996389891697 0.1813186813186813
1 0.33935018050541516 0.9340659340659341 0.2743682310469314 0.12087912087912088
1 0.08664259927797834 0.8434065934065934 0.17328519855595667 0.3021978021978022
1 0.3555956678700361 0.6730769230769231 0.1263537906137184 0.1813186813186813
1 0.22021660649819494 0.6346153846153846 0.1444043321299639 0.19230769230769232
1 0.40794223826714804 0.4835164835164835 0.1588447653429603 0.25274725274725274
1 0.5415162454873647 0.3626373626373626 0.10830324909747292 0.37362637362637363
1 0.5306859205776173 0.23076923076923078 0.09386281588447654 0.16483516483516483
1 0.49097472924187724 0.3626373626373626 0.12274368231046931 0.13186813186813187
1 0.51985559566787 0.6346153846153846 0.26714801444043323 0.3131868131868132
1 0.5541516245487365 0.6730769230769231 0.2490974729241877 0.24725274725274726
1 0.7924187725631769 0.45604395604395603 0.2779783393501805 0.14285714285714285
1 0.8050541516245487 0.5164835164835165 0.259927797833935 0.13186813186813187
1 0.9657039711191335 0.554945054945055 0.061371841155234655 0.10989010989010989
1 0.9422382671480144 0.6263736263736264 0.04332129963898917 0.08791208791208792
1 0.9819494584837545 0.6401098901098901 0.02888086642599278 0.04945054945054945
1 0.9783393501805054 0.7252747252747253 0.036101083032490974 0.0989010989010989
1 0.9458483754512635 0.21978021978021978 0.05776173285198556 0.10989010989010989
1 0.9638989169675091 0.1813186813186813 0.05776173285198556 0.12087912087912088
1 0.8194945848375451 0.22252747252747251 0.07220216606498195 0.1043956043956044
1 0.8862815884476535 0.35714285714285715 0.061371841155234655 0.14285714285714285
1 0.8916967509025271 0.3956043956043956 0.20938628158844766 0.7912087912087912
1 0.8862815884476535 0.6565934065934066 0.039711191335740074 0.23626373626373626
1 0.9205776173285198 0.8159340659340659 0.15162454873646208 0.35714285714285715
1 0.944043321299639 0.8571428571428571 0.10469314079422383 0.27472527472527475
1 0.8501805054151624 0.8076923076923077 0.06859205776173286 0.37362637362637363
1 0.9133574007220217 0.8791208791208791 0.16606498194945848 0.14285714285714285
1 0.6859205776173285 0.08241758241758242 0.36101083032490977 0.16483516483516483
1 0.16606498194945848 0.31868131868131866 0.2527075812274368 0.3076923076923077
1 0.08303249097472924 0.4532967032967033 0.16606498194945848 0.23626373626373626
1 0.34115523465703973 0.2664835164835165 0.11191335740072202 0.14835164835164835
1 0.4151624548736462 0.2032967032967033 0.09386281588447654 0.13186813186813187
1 0.3898916967509025 0.18681318681318682 0.04332129963898917 0.07692307692307693
1 0.37364620938628157 0.06593406593406594 0.061371841155234655 0.07692307692307693
1 0.4151624548736462 0.12087912087912088 0.02888086642599278 0.04395604395604396
1 0.463898916967509 0.15934065934065933 0.05415162454873646 0.04395604395604396
1 0.49458483754512633 0.046703296703296704 0.06498194945848375 0.09340659340659341
1 0.4548736462093863 0.09340659340659341 0.036101083032490974 0.08791208791208792
1 0.41696750902527074 0.0521978021978022 0.09025270758122744 0.1043956043956044
1 0.3140794223826715 0.03296703296703297 0.15162454873646208 0.06593406593406594
1 0.2490974729241877 0.0521978021978022 0.24548736462093862 0.1043956043956044
1 0.11552346570397112 0.04120879120879121 0.23104693140794225 0.08241758241758242
1 0.13176895306859207 0.07142857142857142 0.26353790613718414 0.0989010989010989
1 0.19855595667870035 0.1346153846153846 0.3971119133574007 0.08241758241758242