1 0.1875 0.4230769230769231 0.375 0.3006993006993007
1 0.48011363636363635 0.548951048951049 0.4034090909090909 0.18181818181818182
1 0.13352272727272727 0.5874125874125874 0.26704545454545453 0.18181818181818182
1 0.14772727272727273 0.722027972027972 0.29545454545454547 0.12237762237762238
1 0.53125 0.3548951048951049 0.3125 0.19230769230769232
1 0.7926136363636364 0.22552447552447552 0.3125 0.24825174825174826
1 0.9545454545454546 0.23251748251748253 0.07954545454545454 0.17832167832167833
1 0.8863636363636364 0.06993006993006994 0.2159090909090909 0.13986013986013987
1 0.6505681818181818 0.07692307692307693 0.30113636363636365 0.15384615384615385
1 0.46875 0.20104895104895104 0.32386363636363635 0.17132867132867133
1 0.22443181818181818 0.23776223776223776 0.4034090909090909 0.17482517482517482
1 0.17045454545454544 0.14160839160839161 0.25 0.13636363636363635
1 0.39204545454545453 0.07342657342657342 0.26136363636363635 0.14685314685314685