1 0.9 0.7841530054644809 0.13454545454545455 0.3114754098360656
1 0.8272727272727273 0.5081967213114754 0.2581818181818182 0.44808743169398907
1 0.8709090909090909 0.19398907103825136 0.04 0.15846994535519127
1 0.7909090909090909 0.17486338797814208 0.04727272727272727 0.20765027322404372
1 0.72 0.1721311475409836 0.05090909090909091 0.22404371584699453
1 0.6145454545454545 0.2103825136612022 0.09454545454545454 0.1366120218579235
1 0.610909090909091 0.4016393442622951 0.10909090909090909 0.12568306010928962
1 0.4618181818181818 0.48633879781420764 0.03636363636363636 0.04371584699453552
1 0.4581818181818182 0.5437158469945356 0.04363636363636364 0.03825136612021858
1 0.4509090909090909 0.5819672131147541 0.02181818181818182 0.03825136612021858
1 0.41454545454545455 0.4562841530054645 0.02181818181818182 0.04918032786885246
1 0.3927272727272727 0.5 0.02909090909090909 0.04918032786885246
1 0.41454545454545455 0.5218579234972678 0.03636363636363636 0.04918032786885246
1 0.4127272727272727 0.5710382513661202 0.04 0.03825136612021858
1 0.4254545454545455 0.6147540983606558 0.04363636363636364 0.060109289617486336
1 0.6218181818181818 0.6311475409836066 0.10909090909090909 0.16939890710382513
1 0.6781818181818182 0.7704918032786885 0.11272727272727273 0.15300546448087432
1 0.5636363636363636 0.7622950819672131 0.10181818181818182 0.15846994535519127
1 0.41454545454545455 0.7786885245901639 0.10181818181818182 0.1366120218579235
1 0.4290909090909091 0.25136612021857924 0.19636363636363635 0.26229508196721313
1 0.29454545454545455 0.7076502732240437 0.13090909090909092 0.4644808743169399
1 0.11272727272727273 0.8333333333333334 0.02909090909090909 0.3224043715846995
1 0.1290909090909091 0.8852459016393442 0.025454545454545455 0.2185792349726776
1 0.1509090909090909 0.8661202185792349 0.025454545454545455 0.2568306010928962
1 0.1709090909090909 0.8825136612021858 0.03636363636363636 0.22404371584699453
1 0.19090909090909092 0.8743169398907104 0.03272727272727273 0.24043715846994534
1 0.07818181818181819 0.8661202185792349 0.04 0.2568306010928962
1 0.16363636363636364 0.3989071038251366 0.32727272727272727 0.7978142076502732