1 0.7207357859531772 0.2603550295857988 0.09698996655518395 0.2485207100591716
1 0.7123745819397993 0.3875739644970414 0.24749163879598662 0.24260355029585798
1 0.7558528428093646 0.6124260355029586 0.4013377926421405 0.4556213017751479
1 0.7642140468227425 0.9349112426035503 0.09698996655518395 0.11834319526627218
1 0.8712374581939799 0.9437869822485208 0.08361204013377926 0.10059171597633136
1 0.979933110367893 0.9408284023668639 0.033444816053511704 0.10650887573964497
1 0.6521739130434783 0.8816568047337278 0.06688963210702341 0.09467455621301775
1 0.6086956521739131 0.8727810650887574 0.046822742474916385 0.11242603550295859
1 0.5317725752508361 0.8816568047337278 0.06688963210702341 0.05917159763313609
1 0.1939799331103679 0.5088757396449705 0.10702341137123746 0.21301775147928995
1 0.3060200668896321 0.5502958579881657 0.21739130434782608 0.2958579881656805
1 0.3963210702341137 0.7130177514792899 0.19063545150501673 0.21893491124260356
1 0.4414715719063545 0.8816568047337278 0.06688963210702341 0.11834319526627218
1 0.39297658862876256 0.3106508875739645 0.19732441471571907 0.23076923076923078
1 0.10535117056856187 0.3136094674556213 0.07023411371237458 0.1301775147928994
1 0.1254180602006689 0.3668639053254438 0.2508361204013378 0.5562130177514792