1 0.7581818181818182 0.7349726775956285 0.07636363636363637 0.08196721311475409
1 0.8290909090909091 0.7185792349726776 0.05090909090909091 0.09289617486338798
1 0.8672727272727273 0.6584699453551912 0.05454545454545454 0.09289617486338798
1 0.8218181818181818 0.6256830601092896 0.05818181818181818 0.09289617486338798
1 0.7818181818181819 0.6502732240437158 0.06545454545454546 0.07650273224043716
1 0.6945454545454546 0.7021857923497268 0.05818181818181818 0.09289617486338798
1 0.7236363636363636 0.6557377049180327 0.03636363636363636 0.06557377049180328
1 0.7654545454545455 0.5519125683060109 0.06181818181818182 0.08743169398907104
1 0.7945454545454546 0.5491803278688525 0.03272727272727273 0.08196721311475409
1 0.7163636363636363 0.5819672131147541 0.03636363636363636 0.07103825136612021
1 0.88 0.46174863387978143 0.23272727272727273 0.3879781420765027
1 0.6836363636363636 0.4098360655737705 0.22545454545454546 0.28415300546448086
1 0.5963636363636363 0.5956284153005464 0.20363636363636364 0.2185792349726776
1 0.5581818181818182 0.25956284153005466 0.3018181818181818 0.2568306010928962
1 0.52 0.4781420765027322 0.21818181818181817 0.3333333333333333
1 0.3781818181818182 0.4016393442622951 0.13818181818181818 0.4098360655737705
1 0.22363636363636363 0.1994535519125683 0.15636363636363637 0.22404371584699453
1 0.10909090909090909 0.15300546448087432 0.08727272727272728 0.12021857923497267
1 0.14909090909090908 0.05737704918032787 0.11636363636363636 0.07103825136612021
1 0.05090909090909091 0.1366120218579235 0.10181818181818182 0.22950819672131148