1 0.7033333333333334 0.26785714285714285 0.09333333333333334 0.14285714285714285
1 0.815 0.30357142857142855 0.09 0.2619047619047619
1 0.9166666666666666 0.2261904761904762 0.16 0.4523809523809524
1 0.9666666666666667 0.44345238095238093 0.06 0.18452380952380953
1 0.8916666666666667 0.46726190476190477 0.07 0.16071428571428573
1 0.6716666666666666 0.12797619047619047 0.03666666666666667 0.25595238095238093
1 0.6816666666666666 0.1488095238095238 0.016666666666666666 0.11904761904761904
1 0.7 0.10119047619047619 0.02 0.20238095238095238
1 0.72 0.11011904761904762 0.02 0.22023809523809523
1 0.745 0.16964285714285715 0.03666666666666667 0.3392857142857143
1 0.7616666666666667 0.16071428571428573 0.03 0.32142857142857145
1 0.9733333333333334 0.5386904761904762 0.04666666666666667 0.08928571428571429
1 0.9083333333333333 0.5178571428571429 0.043333333333333335 0.05952380952380952
1 0.8716666666666667 0.5238095238095238 0.03666666666666667 0.08333333333333333
1 0.8783333333333333 0.6071428571428571 0.03666666666666667 0.07142857142857142
1 0.9266666666666666 0.5892857142857143 0.04666666666666667 0.08333333333333333
1 0.97 0.6130952380952381 0.02666666666666667 0.07142857142857142
1 0.99 0.6071428571428571 0.013333333333333334 0.047619047619047616
1 0.99 0.6666666666666666 0.013333333333333334 0.05952380952380952
1 0.9116666666666666 0.6577380952380952 0.09 0.041666666666666664
1 0.965 0.6726190476190477 0.03 0.047619047619047616
1 0.9566666666666667 0.7172619047619048 0.02 0.05357142857142857
1 0.9783333333333334 0.7291666666666666 0.023333333333333334 0.05357142857142857
1 0.8983333333333333 0.6815476190476191 0.09666666666666666 0.041666666666666664
1 0.8416666666666667 0.6964285714285714 0.05 0.05952380952380952
1 0.8016666666666666 0.7648809523809523 0.03666666666666667 0.1130952380952381
1 0.79 0.7291666666666666 0.05333333333333334 0.02976190476190476
1 0.8283333333333334 0.7678571428571429 0.05 0.10714285714285714
1 0.8566666666666667 0.7470238095238095 0.02 0.041666666666666664
1 0.765 0.43452380952380953 0.11 0.17857142857142858
1 0.8266666666666667 0.47619047619047616 0.02 0.10714285714285714
1 0.8383333333333334 0.37797619047619047 0.016666666666666666 0.08928571428571429
1 0.8633333333333333 0.44345238095238093 0.05333333333333334 0.16071428571428573
1 0.8516666666666667 0.4851190476190476 0.016666666666666666 0.07738095238095238
1 0.8166666666666667 0.6130952380952381 0.10666666666666667 0.17857142857142858
1 0.8216666666666667 0.6369047619047619 0.07 0.10714285714285714
1 0.7616666666666667 0.6488095238095238 0.05 0.09523809523809523
1 0.7066666666666667 0.6398809523809523 0.06 0.125
1 0.71 0.5625 0.06 0.08928571428571429
1 0.6883333333333334 0.36607142857142855 0.03666666666666667 0.07738095238095238
1 0.6033333333333334 0.28273809523809523 0.12666666666666668 0.20833333333333334
1 0.485 0.24404761904761904 0.13 0.19047619047619047
1 0.5216666666666666 0.3630952380952381 0.12333333333333334 0.16666666666666666
1 0.6216666666666667 0.4166666666666667 0.07666666666666666 0.09523809523809523
1 0.5833333333333334 0.4791666666666667 0.02666666666666667 0.02976190476190476
1 0.69 0.4523809523809524 0.02 0.047619047619047616
1 0.7066666666666667 0.43154761904761907 0.02 0.041666666666666664
1 0.74 0.5 0.04 0.05952380952380952
1 0.695 0.5 0.03 0.03571428571428571
1 0.7766666666666666 0.47619047619047616 0.02666666666666667 0.05952380952380952
1 0.9183333333333333 0.7291666666666666 0.043333333333333335 0.041666666666666664
1 0.8733333333333333 0.7648809523809523 0.02666666666666667 0.041666666666666664
1 0.8766666666666667 0.8154761904761905 0.02666666666666667 0.047619047619047616
1 0.94 0.9077380952380952 0.11333333333333333 0.17261904761904762
1 0.9666666666666667 0.8005952380952381 0.06 0.07738095238095238
1 0.925 0.8095238095238095 0.023333333333333334 0.07142857142857142
1 0.9066666666666666 0.8511904761904762 0.02666666666666667 0.05952380952380952
1 0.855 0.9047619047619048 0.03 0.07142857142857142
1 0.8883333333333333 0.9107142857142857 0.03666666666666667 0.047619047619047616
1 0.8433333333333334 0.8333333333333334 0.02666666666666667 0.05952380952380952
1 0.8116666666666666 0.8541666666666666 0.03 0.06547619047619048
1 0.78 0.8690476190476191 0.03333333333333333 0.07142857142857142
1 0.7483333333333333 0.8988095238095238 0.03 0.05952380952380952
1 0.7683333333333333 0.9315476190476191 0.03 0.041666666666666664
1 0.8016666666666666 0.9226190476190477 0.03666666666666667 0.05952380952380952
1 0.7283333333333334 0.9285714285714286 0.03666666666666667 0.047619047619047616
1 0.82 0.9702380952380952 0.02666666666666667 0.047619047619047616
1 0.7883333333333333 0.9702380952380952 0.03 0.047619047619047616
1 0.7566666666666667 0.9791666666666666 0.02666666666666667 0.02976190476190476
1 0.725 0.9732142857142857 0.03 0.041666666666666664
1 0.6916666666666667 0.9732142857142857 0.023333333333333334 0.041666666666666664
1 0.7033333333333334 0.8571428571428571 0.13333333333333333 0.27380952380952384
1 0.4483333333333333 0.625 0.19 0.35714285714285715
1 0.58 0.6339285714285714 0.18666666666666668 0.27976190476190477
1 0.6433333333333333 0.7827380952380952 0.12666666666666668 0.13690476190476192
1 0.555 0.8273809523809523 0.18333333333333332 0.13095238095238096
1 0.41833333333333333 0.8690476190476191 0.11666666666666667 0.19047619047619047
1 0.29833333333333334 0.8898809523809523 0.12333333333333334 0.20833333333333334
1 0.405 0.9732142857142857 0.16333333333333333 0.041666666666666664
1 0.5533333333333333 0.9642857142857143 0.06 0.05952380952380952
1 0.06333333333333334 0.4017857142857143 0.12666666666666668 0.24404761904761904
1 0.265 0.3125 0.11666666666666667 0.18452380952380953
1 0.37166666666666665 0.25297619047619047 0.09 0.1488095238095238
1 0.29333333333333333 0.24107142857142858 0.02 0.041666666666666664
1 0.21 0.375 0.02666666666666667 0.05952380952380952
1 0.23333333333333334 0.36904761904761907 0.02666666666666667 0.047619047619047616
1 0.19166666666666668 0.37797619047619047 0.016666666666666666 0.02976190476190476
1 0.17833333333333334 0.4166666666666667 0.043333333333333335 0.047619047619047616
1 0.15666666666666668 0.39880952380952384 0.03333333333333333 0.05952380952380952
1 0.14666666666666667 0.37797619047619047 0.04 0.07738095238095238
1 0.18666666666666668 0.34226190476190477 0.03333333333333333 0.05357142857142857
1 0.815 0.5863095238095238 0.10333333333333333 0.125
1 0.6266666666666667 0.9136904761904762 0.02 0.02976190476190476
1 0.6066666666666667 0.9047619047619048 0.02 0.03571428571428571
1 0.5783333333333334 0.9077380952380952 0.023333333333333334 0.041666666666666664
1 0.5566666666666666 0.8809523809523809 0.02666666666666667 0.03571428571428571
1 0.52 0.8690476190476191 0.02666666666666667 0.03571428571428571
1 0.495 0.8660714285714286 0.03 0.041666666666666664
1 0.49 0.9047619047619048 0.03333333333333333 0.047619047619047616
1 0.5133333333333333 0.9017857142857143 0.013333333333333334 0.02976190476190476
1 0.5316666666666666 0.9047619047619048 0.023333333333333334 0.03571428571428571
1 0.5533333333333333 0.9136904761904762 0.02 0.017857142857142856
1 0.5533333333333333 0.9494047619047619 0.02666666666666667 0.041666666666666664
1 0.5316666666666666 0.9464285714285714 0.023333333333333334 0.047619047619047616
1 0.5133333333333333 0.9494047619047619 0.02666666666666667 0.041666666666666664
1 0.49166666666666664 0.9434523809523809 0.023333333333333334 0.02976190476190476
1 0.4633333333333333 0.9553571428571429 0.02666666666666667 0.02976190476190476
1 0.6333333333333333 0.9732142857142857 0.02 0.041666666666666664
1 0.615 0.9791666666666666 0.016666666666666666 0.02976190476190476
1 0.6033333333333334 0.9404761904761905 0.02666666666666667 0.03571428571428571
1 0.3233333333333333 0.6071428571428571 0.03333333333333333 0.08333333333333333
1 0.36833333333333335 0.5863095238095238 0.03 0.05357142857142857
1 0.29333333333333333 0.5952380952380952 0.02666666666666667 0.05952380952380952
1 0.07666666666666666 0.5833333333333334 0.15333333333333332 0.27380952380952384
1 0.31 0.47619047619047616 0.02 0.05952380952380952
1 0.29 0.4583333333333333 0.03333333333333333 0.05952380952380952
1 0.255 0.4851190476190476 0.03666666666666667 0.05357142857142857
1 0.31333333333333335 0.5357142857142857 0.02666666666666667 0.05952380952380952
1 0.28833333333333333 0.5 0.03666666666666667 0.03571428571428571
1 0.2833333333333333 0.5416666666666666 0.03333333333333333 0.05952380952380952
1 0.24833333333333332 0.5505952380952381 0.03666666666666667 0.07738095238095238
1 0.22666666666666666 0.4791666666666667 0.02 0.02976190476190476
1 0.21666666666666667 0.5238095238095238 0.04666666666666667 0.07142857142857142
1 0.18666666666666668 0.5178571428571429 0.02 0.03571428571428571
1 0.20333333333333334 0.5684523809523809 0.03333333333333333 0.06547619047619048
1 0.23166666666666666 0.5952380952380952 0.03 0.05952380952380952
1 0.17833333333333334 0.5982142857142857 0.03666666666666667 0.041666666666666664
1 0.17166666666666666 0.6339285714285714 0.03 0.05357142857142857
1 0.21 0.6458333333333334 0.04666666666666667 0.06547619047619048
1 0.255 0.6339285714285714 0.03666666666666667 0.06547619047619048
1 0.29833333333333334 0.5982142857142857 0.03 0.05357142857142857
1 0.2833333333333333 0.5476190476190477 0.03333333333333333 0.05952380952380952
1 0.2966666666666667 0.5238095238095238 0.04 0.05952380952380952
1 0.0033333333333333335 0.3482142857142857 0.006666666666666667 0.05357142857142857
1 0.26166666666666666 0.6904761904761905 0.03666666666666667 0.08333333333333333
1 0.2966666666666667 0.6815476190476191 0.02666666666666667 0.07738095238095238
1 0.335 0.6755952380952381 0.03666666666666667 0.05357142857142857
1 0.3333333333333333 0.6041666666666666 0.04 0.07738095238095238
1 0.345 0.7440476190476191 0.03 0.07142857142857142
1 0.32 0.7172619047619048 0.02 0.05357142857142857
1 0.295 0.7678571428571429 0.043333333333333335 0.08333333333333333
1 0.335 0.7857142857142857 0.023333333333333334 0.03571428571428571
1 0.24166666666666667 0.7678571428571429 0.043333333333333335 0.09523809523809523
1 0.22333333333333333 0.7053571428571429 0.04 0.06547619047619048
1 0.175 0.7113095238095238 0.05 0.10119047619047619
1 0.2 0.7797619047619048 0.03333333333333333 0.05952380952380952
1 0.18 0.8005952380952381 0.03333333333333333 0.06547619047619048
1 0.2 0.8482142857142857 0.04666666666666667 0.07738095238095238
1 0.23166666666666666 0.8690476190476191 0.023333333333333334 0.03571428571428571
1 0.20666666666666667 0.9107142857142857 0.03333333333333333 0.05952380952380952
1 0.23 0.9107142857142857 0.013333333333333334 0.047619047619047616
1 0.22 0.9494047619047619 0.02666666666666667 0.05357142857142857
1 0.13333333333333333 0.6964285714285714 0.03333333333333333 0.03571428571428571
1 0.13333333333333333 0.7351190476190477 0.03333333333333333 0.05357142857142857
1 0.14333333333333334 0.7857142857142857 0.03333333333333333 0.047619047619047616
1 0.14833333333333334 0.8482142857142857 0.043333333333333335 0.07738095238095238
1 0.17 0.8988095238095238 0.03333333333333333 0.05952380952380952
1 0.20333333333333334 0.9613095238095238 0.02666666666666667 0.05357142857142857
1 0.16666666666666666 0.9583333333333334 0.03333333333333333 0.05952380952380952
1 0.18666666666666668 0.9821428571428571 0.02 0.023809523809523808
1 0.135 0.9464285714285714 0.023333333333333334 0.047619047619047616
1 0.005 0.7440476190476191 0.01 0.03571428571428571
1 0.025 0.7648809523809523 0.03666666666666667 0.07738095238095238
1 0.06 0.7410714285714286 0.04 0.05357142857142857
1 0.1 0.7470238095238095 0.03333333333333333 0.05357142857142857
1 0.09666666666666666 0.7083333333333334 0.02 0.03571428571428571
1 0.07 0.7916666666666666 0.04 0.07142857142857142
1 0.10666666666666667 0.7976190476190477 0.02666666666666667 0.05952380952380952
1 0.11666666666666667 0.8214285714285714 0.02666666666666667 0.047619047619047616
1 0.07333333333333333 0.8630952380952381 0.03333333333333333 0.05952380952380952
1 0.11333333333333333 0.8839285714285714 0.04 0.06547619047619048
1 0.11333333333333333 0.9375 0.02666666666666667 0.041666666666666664
1 0.11333333333333333 0.9761904761904762 0.03333333333333333 0.03571428571428571
1 0.08666666666666667 0.9672619047619048 0.02 0.02976190476190476
1 0.08666666666666667 0.9285714285714286 0.02666666666666667 0.047619047619047616
1 0.043333333333333335 0.9791666666666666 0.02666666666666667 0.02976190476190476
1 0.07 0.9851190476190477 0.02666666666666667 0.017857142857142856
1 0.03666666666666667 0.9553571428571429 0.07333333333333333 0.07738095238095238
1 0.05333333333333334 0.8958333333333334 0.02666666666666667 0.041666666666666664
1 0.225 0.5059523809523809 0.16333333333333333 0.2857142857142857
1 0.27 0.41369047619047616 0.08 0.08928571428571429
1 0.04 0.8125 0.02666666666666667 0.06547619047619048
1 0.025 0.8244047619047619 0.03 0.041666666666666664
1 0.013333333333333334 0.8541666666666666 0.02666666666666667 0.07738095238095238
1 0.035 0.8928571428571429 0.016666666666666666 0.03571428571428571
1 0.015 0.9017857142857143 0.023333333333333334 0.02976190476190476
1 0.035 0.9553571428571429 0.07 0.07738095238095238