1 0.07528957528957529 0.03865979381443299 0.15057915057915058 0.07731958762886598
1 0.03667953667953668 0.12628865979381443 0.07335907335907337 0.08762886597938144
1 0.11583011583011583 0.11082474226804123 0.10810810810810811 0.10824742268041238
1 0.18146718146718147 0.0979381443298969 0.05405405405405406 0.05154639175257732
1 0.21428571428571427 0.059278350515463915 0.06563706563706563 0.11855670103092783
1 0.27606177606177607 0.05670103092783505 0.10424710424710425 0.1134020618556701
1 0.2722007722007722 0.1211340206185567 0.06563706563706563 0.07731958762886598
1 0.21235521235521235 0.15463917525773196 0.07722007722007722 0.10309278350515463
1 0.333976833976834 0.061855670103092786 0.05791505791505792 0.061855670103092786
1 0.36293436293436293 0.023195876288659795 0.06177606177606178 0.04639175257731959
1 0.3803088803088803 0.06701030927835051 0.03474903474903475 0.05154639175257732
1 0.3667953667953668 0.11597938144329897 0.04633204633204633 0.05670103092783505
1 0.41505791505791506 0.1134020618556701 0.05019305019305019 0.05154639175257732
1 0.4671814671814672 0.07474226804123711 0.13127413127413126 0.14948453608247422
1 0.5521235521235521 0.10824742268041238 0.05405405405405406 0.07216494845360824
1 0.5540540540540541 0.03350515463917526 0.05791505791505792 0.06701030927835051
1 0.6003861003861004 0.06958762886597938 0.04247104247104247 0.13917525773195877
1 0.6814671814671814 0.14690721649484537 0.17374517374517376 0.07731958762886598
1 0.5482625482625483 0.17010309278350516 0.09266409266409266 0.08247422680412371
1 0.6563706563706564 0.020618556701030927 0.0694980694980695 0.041237113402061855
1 0.693050193050193 0.07474226804123711 0.13513513513513514 0.0979381443298969
1 0.7451737451737451 0.02577319587628866 0.10810810810810811 0.05154639175257732
1 0.7895752895752896 0.12371134020618557 0.06563706563706563 0.15463917525773196
1 0.832046332046332 0.06958762886597938 0.0888030888030888 0.13917525773195877
1 0.9343629343629344 0.07474226804123711 0.12355212355212356 0.14948453608247422
1 0.944015444015444 0.31443298969072164 0.10424710424710425 0.23711340206185566
1 0.8783783783783784 0.24484536082474226 0.08108108108108109 0.10824742268041238
1 0.803088803088803 0.3118556701030928 0.1776061776061776 0.2422680412371134
1 0.6718146718146718 0.2757731958762887 0.13127413127413126 0.13917525773195877
1 0.6563706563706564 0.3788659793814433 0.09266409266409266 0.11855670103092783
1 0.7200772200772201 0.4097938144329897 0.08108108108108109 0.08762886597938144
1 0.5154440154440154 0.3247422680412371 0.1969111969111969 0.23711340206185566
1 0.3996138996138996 0.3324742268041237 0.08108108108108109 0.19072164948453607
1 0.2606177606177606 0.28350515463917525 0.09652509652509653 0.13402061855670103
1 0.3281853281853282 0.28350515463917525 0.06177606177606178 0.1134020618556701
1 0.18532818532818532 0.24484536082474226 0.06177606177606178 0.07731958762886598
1 0.21621621621621623 0.32216494845360827 0.05405405405405406 0.08762886597938144
1 0.18532818532818532 0.3556701030927835 0.04633204633204633 0.061855670103092786
1 0.1640926640926641 0.40463917525773196 0.05019305019305019 0.05670103092783505
1 0.22972972972972974 0.41237113402061853 0.07335907335907337 0.061855670103092786
1 0.30115830115830117 0.3943298969072165 0.14671814671814673 0.11855670103092783
1 0.12548262548262548 0.2963917525773196 0.0888030888030888 0.12886597938144329
1 0.07722007722007722 0.30927835051546393 0.09266409266409266 0.17525773195876287
1 0.08687258687258688 0.42010309278350516 0.11196911196911197 0.12886597938144329
1 0.08108108108108109 0.48711340206185566 0.04633204633204633 0.04639175257731959
1 0.02895752895752896 0.33505154639175255 0.05791505791505792 0.24742268041237114
1 0.0694980694980695 0.6082474226804123 0.138996138996139 0.21649484536082475
1 0.14285714285714285 0.5438144329896907 0.16988416988416988 0.07731958762886598
1 0.23166023166023167 0.5489690721649485 0.22393822393822393 0.12886597938144329
1 0.23938223938223938 0.6469072164948454 0.0694980694980695 0.14948453608247422
1 0.2857142857142857 0.6597938144329897 0.07722007722007722 0.1958762886597938
1 0.34555984555984554 0.6185567010309279 0.0888030888030888 0.23711340206185566
1 0.12934362934362933 0.6675257731958762 0.10424710424710425 0.12886597938144329
1 0.3841698841698842 0.5154639175257731 0.11969111969111969 0.07216494845360824
1 0.38996138996138996 0.6030927835051546 0.09266409266409266 0.2268041237113402
1 0.5057915057915058 0.5618556701030928 0.14671814671814673 0.15463917525773196
1 0.49034749034749037 0.6649484536082474 0.11583011583011583 0.10309278350515463
1 0.5868725868725869 0.6623711340206185 0.10810810810810811 0.10824742268041238
1 0.6583011583011583 0.5567010309278351 0.18146718146718147 0.15463917525773196
1 0.6795366795366795 0.6597938144329897 0.11583011583011583 0.10309278350515463
1 0.777992277992278 0.5798969072164949 0.11969111969111969 0.23195876288659795
1 0.8648648648648649 0.5850515463917526 0.13127413127413126 0.23195876288659795
1 0.9478764478764479 0.5876288659793815 0.09652509652509653 0.23711340206185566
1 0.9671814671814671 0.6417525773195877 0.05791505791505792 0.12886597938144329
1 0.971042471042471 0.8324742268041238 0.05019305019305019 0.12886597938144329
1 0.9459459459459459 0.9097938144329897 0.0694980694980695 0.17010309278350516
1 0.8648648648648649 0.8195876288659794 0.07722007722007722 0.09278350515463918
1 0.918918918918919 0.9226804123711341 0.09266409266409266 0.14432989690721648
1 0.859073359073359 0.9226804123711341 0.08108108108108109 0.14432989690721648
1 0.7818532818532818 0.7938144329896907 0.10424710424710425 0.13402061855670103
1 0.8088803088803089 0.9201030927835051 0.09652509652509653 0.14948453608247422
1 0.6776061776061776 0.8402061855670103 0.08108108108108109 0.10309278350515463
1 0.7027027027027027 0.9072164948453608 0.08494208494208494 0.08247422680412371
1 0.6621621621621622 0.9381443298969072 0.15057915057915058 0.1134020618556701
1 0.5965250965250966 0.8015463917525774 0.11969111969111969 0.10824742268041238
1 0.5868725868725869 0.8634020618556701 0.15444015444015444 0.08762886597938144
1 0.5694980694980695 0.9484536082474226 0.08108108108108109 0.09278350515463918
1 0.4922779922779923 0.845360824742268 0.07335907335907337 0.17525773195876287
1 0.4768339768339768 0.9536082474226805 0.07335907335907337 0.08247422680412371
1 0.42277992277992277 0.9020618556701031 0.0888030888030888 0.18556701030927836
1 0.4555984555984556 0.8376288659793815 0.09266409266409266 0.15979381443298968
1 0.3783783783783784 0.8118556701030928 0.07722007722007722 0.11855670103092783
1 0.37258687258687256 0.8788659793814433 0.09652509652509653 0.23195876288659795
1 0.32625482625482627 0.8788659793814433 0.11196911196911197 0.23195876288659795
1 0.2953667953667954 0.9329896907216495 0.04247104247104247 0.12371134020618557
1 0.24903474903474904 0.8891752577319587 0.07335907335907337 0.211340206185567
1 0.22007722007722008 0.8891752577319587 0.08494208494208494 0.211340206185567
1 0.04826254826254826 0.9381443298969072 0.09652509652509653 0.1134020618556701
1 0.07915057915057915 0.8324742268041238 0.14285714285714285 0.11855670103092783
1 0.09652509652509653 0.9304123711340206 0.06177606177606178 0.12886597938144329
1 0.16216216216216217 0.9381443298969072 0.11583011583011583 0.1134020618556701
1 0.16795366795366795 0.8324742268041238 0.09652509652509653 0.11855670103092783