1 0.9054054054054054 0.8479381443298969 0.1583011583011583 0.19072164948453607
1 0.9845559845559846 0.7783505154639175 0.023166023166023165 0.13402061855670103
1 0.916988416988417 0.6778350515463918 0.1583011583011583 0.17010309278350516
1 0.971042471042471 0.5927835051546392 0.05019305019305019 0.15463917525773196
1 0.8938223938223938 0.47164948453608246 0.18146718146718147 0.2422680412371134
1 0.9478764478764479 0.2809278350515464 0.09652509652509653 0.211340206185567
1 0.9864864864864865 0.43556701030927836 0.019305019305019305 0.12886597938144329
1 0.8223938223938224 0.26288659793814434 0.14671814671814673 0.1958762886597938
1 0.915057915057915 0.10309278350515463 0.16216216216216217 0.20618556701030927
1 0.7567567567567568 0.09020618556701031 0.14671814671814673 0.18041237113402062
1 0.6776061776061776 0.21391752577319587 0.11969111969111969 0.15979381443298968
1 0.7142857142857143 0.39690721649484534 0.16988416988416988 0.21649484536082475
1 0.7683397683397684 0.5824742268041238 0.18532818532818532 0.21649484536082475
1 0.7335907335907336 0.7860824742268041 0.1776061776061776 0.20103092783505155
1 0.7934362934362934 0.9304123711340206 0.15057915057915058 0.11855670103092783
1 0.638996138996139 0.9201030927835051 0.16602316602316602 0.14948453608247422
1 0.6061776061776062 0.8247422680412371 0.10038610038610038 0.1134020618556701
1 0.611969111969112 0.6907216494845361 0.1274131274131274 0.15463917525773196
1 0.6312741312741312 0.5463917525773195 0.10424710424710425 0.13402061855670103
1 0.5521235521235521 0.42783505154639173 0.14671814671814673 0.18556701030927836
1 0.5135135135135135 0.25773195876288657 0.15444015444015444 0.1958762886597938
1 0.5907335907335908 0.08762886597938144 0.14671814671814673 0.17525773195876287
1 0.4305019305019305 0.10051546391752578 0.16602316602316602 0.20103092783505155
1 0.36293436293436293 0.010309278350515464 0.07722007722007722 0.020618556701030927
1 0.28957528957528955 0.12628865979381443 0.11583011583011583 0.17010309278350516
1 0.3667953667953668 0.24742268041237114 0.13127413127413126 0.16494845360824742
1 0.39768339768339767 0.4252577319587629 0.16216216216216217 0.20103092783505155
1 0.4768339768339768 0.595360824742268 0.1583011583011583 0.23195876288659795
1 0.35135135135135137 0.6211340206185567 0.14671814671814673 0.20103092783505155
1 0.3301158301158301 0.7551546391752577 0.15057915057915058 0.15979381443298968
1 0.4768339768339768 0.8015463917525774 0.15057915057915058 0.18041237113402062
1 0.49034749034749037 0.9304123711340206 0.14671814671814673 0.12886597938144329
1 0.34942084942084944 0.904639175257732 0.15057915057915058 0.18041237113402062
1 0.19498069498069498 0.845360824742268 0.16602316602316602 0.2268041237113402
1 0.16988416988416988 0.6726804123711341 0.16216216216216217 0.19072164948453607
1 0.2972972972972973 0.5644329896907216 0.14671814671814673 0.211340206185567
1 0.25096525096525096 0.3865979381443299 0.138996138996139 0.1958762886597938
1 0.19498069498069498 0.2268041237113402 0.15057915057915058 0.1958762886597938
1 0.07335907335907337 0.11855670103092783 0.14671814671814673 0.20618556701030927
1 0.07335907335907337 0.3118556701030928 0.12355212355212356 0.14948453608247422
1 0.005791505791505791 0.27835051546391754 0.011583011583011582 0.14432989690721648
1 0.03667953667953668 0.4381443298969072 0.07335907335907337 0.18556701030927836
1 0.05019305019305019 0.6211340206185567 0.10038610038610038 0.19072164948453607
1 0.052123552123552123 0.8350515463917526 0.10424710424710425 0.23711340206185566
1 0.11003861003861004 0.9484536082474226 0.1583011583011583 0.09278350515463918