1 0.8563636363636363 0.8306010928961749 0.28 0.32786885245901637
1 0.8218181818181818 0.6885245901639344 0.3490909090909091 0.6120218579234973
1 0.8527272727272728 0.4918032786885246 0.1709090909090909 0.30601092896174864
1 0.9290909090909091 0.4726775956284153 0.13454545454545455 0.6612021857923497
1 0.9727272727272728 0.6693989071038251 0.04727272727272727 0.2786885245901639
1 0.7890909090909091 0.1912568306010929 0.1890909090909091 0.28415300546448086
1 0.9218181818181819 0.09562841530054644 0.14909090909090908 0.18032786885245902
1 0.8563636363636363 0.03551912568306011 0.16363636363636364 0.07103825136612021
1 0.730909090909091 0.02459016393442623 0.09454545454545454 0.04918032786885246
1 0.6 0.1994535519125683 0.2109090909090909 0.3989071038251366
1 0.5654545454545454 0.07650273224043716 0.15636363636363637 0.15300546448087432
1 0.44363636363636366 0.15027322404371585 0.1890909090909091 0.23497267759562843
1 0.3781818181818182 0.04644808743169399 0.22545454545454546 0.09289617486338798
1 0.6218181818181818 0.39617486338797814 0.2109090909090909 0.2568306010928962
1 0.6181818181818182 0.6693989071038251 0.2545454545454545 0.3770491803278688
1 0.58 0.8442622950819673 0.3381818181818182 0.3005464480874317
1 0.3327272727272727 0.726775956284153 0.16363636363636364 0.28415300546448086
1 0.4254545454545455 0.7377049180327869 0.24727272727272728 0.45901639344262296
1 0.18727272727272729 0.726775956284153 0.18545454545454546 0.28415300546448086
1 0.09454545454545454 0.5573770491803278 0.1890909090909091 0.34972677595628415
1 0.1709090909090909 0.8497267759562842 0.33454545454545453 0.2896174863387978
1 0.07090909090909091 0.3633879781420765 0.14181818181818182 0.3333333333333333
1 0.2109090909090909 0.3469945355191257 0.27636363636363637 0.5519125683060109
1 0.23454545454545456 0.1557377049180328 0.18545454545454546 0.2459016393442623
1 0.16727272727272727 0.12021857923497267 0.16 0.24043715846994534