1 0.9672727272727273 0.953551912568306 0.05818181818181818 0.08196721311475409
1 0.889090909090909 0.9262295081967213 0.06909090909090909 0.09289617486338798
1 0.84 0.9644808743169399 0.05818181818181818 0.060109289617486336
1 0.7781818181818182 0.9562841530054644 0.05818181818181818 0.07650273224043716
1 0.7581818181818182 0.8278688524590164 0.06909090909090909 0.10382513661202186
1 0.6454545454545455 0.8879781420765027 0.12 0.18032786885245902
1 0.5309090909090909 0.8169398907103825 0.11636363636363636 0.18032786885245902
1 0.5709090909090909 0.9699453551912568 0.04363636363636364 0.04918032786885246
1 0.11454545454545455 0.17486338797814208 0.2290909090909091 0.34972677595628415
1 0.22363636363636363 0.36065573770491804 0.12727272727272726 0.18579234972677597
1 0.13818181818181818 0.6830601092896175 0.10909090909090909 0.15300546448087432
1 0.19454545454545455 0.7923497267759563 0.12 0.20765027322404372
1 0.2690909090909091 0.907103825136612 0.14545454545454545 0.17486338797814208
1 0.36 0.9590163934426229 0.06545454545454546 0.07103825136612021
1 0.42727272727272725 0.9699453551912568 0.06909090909090909 0.04918032786885246
1 0.04727272727272727 0.8852459016393442 0.09454545454545454 0.2185792349726776
1 0.025454545454545455 0.9371584699453552 0.05090909090909091 0.11475409836065574
1 0.07090909090909091 0.8060109289617486 0.14181818181818182 0.3770491803278688
1 0.1690909090909091 0.9098360655737705 0.06909090909090909 0.16939890710382513
1 0.13636363636363635 0.4562841530054645 0.2727272727272727 0.3005464480874317
1 0.2727272727272727 0.46994535519125685 0.17454545454545456 0.32786885245901637
1 0.2818181818181818 0.4918032786885246 0.19272727272727272 0.30601092896174864
1 0.3054545454545455 0.4918032786885246 0.2109090909090909 0.30601092896174864
1 0.3054545454545455 0.505464480874317 0.24727272727272728 0.2786885245901639
1 0.30727272727272725 0.5409836065573771 0.24363636363636362 0.22950819672131148
1 0.49454545454545457 0.9644808743169399 0.02909090909090909 0.03825136612021858
1 0.48727272727272725 0.9207650273224044 0.04363636363636364 0.07103825136612021
1 0.509090909090909 0.912568306010929 0.014545454545454545 0.03278688524590164
1 0.4636363636363636 0.9371584699453552 0.025454545454545455 0.060109289617486336
1 0.43454545454545457 0.9180327868852459 0.03272727272727273 0.06557377049180328
1 0.44727272727272727 0.8497267759562842 0.03636363636363636 0.07103825136612021
1 0.4581818181818182 0.8087431693989071 0.014545454545454545 0.04371584699453552
1 0.44363636363636366 0.7950819672131147 0.02181818181818182 0.03825136612021858
1 0.4290909090909091 0.7622950819672131 0.02909090909090909 0.060109289617486336
1 0.4163636363636364 0.7185792349726776 0.025454545454545455 0.04918032786885246
1 0.39090909090909093 0.680327868852459 0.04 0.03825136612021858
1 0.3618181818181818 0.6639344262295082 0.025454545454545455 0.03825136612021858
1 0.32727272727272727 0.6775956284153005 0.03636363636363636 0.0546448087431694
1 0.3527272727272727 0.7021857923497268 0.03636363636363636 0.04918032786885246
1 0.36 0.7486338797814208 0.04363636363636364 0.0546448087431694
1 0.38727272727272727 0.7213114754098361 0.03272727272727273 0.0546448087431694
1 0.4018181818181818 0.7568306010928961 0.03272727272727273 0.060109289617486336
1 0.42 0.8087431693989071 0.04 0.04371584699453552
1 0.38545454545454544 0.8032786885245902 0.03636363636363636 0.06557377049180328
1 0.4127272727272727 0.855191256830601 0.04 0.060109289617486336
1 0.4 0.9153005464480874 0.03636363636363636 0.07103825136612021
1 0.35818181818181816 0.8879781420765027 0.03272727272727273 0.04918032786885246
1 0.3781818181818182 0.855191256830601 0.02909090909090909 0.04918032786885246
1 0.3381818181818182 0.8688524590163934 0.02909090909090909 0.04371584699453552
1 0.3490909090909091 0.8224043715846995 0.03636363636363636 0.07103825136612021
1 0.3090909090909091 0.8360655737704918 0.04363636363636364 0.07650273224043716
1 0.33454545454545453 0.7595628415300546 0.04363636363636364 0.06557377049180328
1 0.3 0.76775956284153 0.025454545454545455 0.060109289617486336
1 0.30727272727272725 0.7213114754098361 0.04727272727272727 0.0546448087431694
1 0.30727272727272725 0.6557377049180327 0.05454545454545454 0.08743169398907104
1 0.26545454545454544 0.6994535519125683 0.04363636363636364 0.0546448087431694
1 0.2690909090909091 0.773224043715847 0.04363636363636364 0.09289617486338798
1 0.26181818181818184 0.6475409836065574 0.05090909090909091 0.060109289617486336
1 0.28545454545454546 0.5792349726775956 0.04 0.06557377049180328
1 0.3145454545454546 0.5628415300546448 0.04 0.06557377049180328
1 0.3509090909090909 0.6092896174863388 0.03272727272727273 0.04918032786885246
1 0.37636363636363634 0.6092896174863388 0.025454545454545455 0.0273224043715847
1 0.39454545454545453 0.644808743169399 0.03272727272727273 0.0546448087431694
1 0.4309090909090909 0.644808743169399 0.04 0.06557377049180328
1 0.43272727272727274 0.5956284153005464 0.03636363636363636 0.04371584699453552
1 0.44545454545454544 0.5628415300546448 0.03272727272727273 0.04371584699453552
1 0.4218181818181818 0.5382513661202186 0.02909090909090909 0.04918032786885246
1 0.4018181818181818 0.5710382513661202 0.04727272727272727 0.060109289617486336
1 0.3836363636363636 0.5218579234972678 0.04 0.03825136612021858
1 0.3509090909090909 0.5327868852459017 0.04 0.060109289617486336