1 0.12 0.7240437158469946 0.15272727272727274 0.18032786885245902
1 0.52 0.8142076502732241 0.9527272727272728 0.36065573770491804
1 0.8290909090909091 0.7759562841530054 0.33454545454545453 0.3825136612021858
1 0.1709090909090909 0.4262295081967213 0.3418181818181818 0.40437158469945356
1 0.5036363636363637 0.5163934426229508 0.12 0.2568306010928962
1 0.46 0.36885245901639346 0.12727272727272726 0.21311475409836064
1 0.38181818181818183 0.6420765027322405 0.13818181818181818 0.3114754098360656
1 0.5909090909090909 0.5273224043715847 0.09090909090909091 0.22404371584699453
1 0.24363636363636362 0.6994535519125683 0.10909090909090909 0.1092896174863388
1 0.7818181818181819 0.5027322404371585 0.4290909090909091 0.4371584699453552
1 0.5527272727272727 0.7841530054644809 0.28363636363636363 0.2896174863387978
1 0.76 0.3114754098360656 0.4727272727272727 0.22950819672131148
1 0.6163636363636363 0.1994535519125683 0.3890909090909091 0.14754098360655737
1 0.9054545454545454 0.15300546448087432 0.18181818181818182 0.2185792349726776
1 0.6872727272727273 0.10109289617486339 0.2909090909090909 0.16939890710382513
1 0.4763636363636364 0.09562841530054644 0.32 0.18032786885245902
1 0.9018181818181819 0.12021857923497267 0.1890909090909091 0.19672131147540983
1 0.16 0.3114754098360656 0.32 0.4371584699453552
1 0.23636363636363636 0.18032786885245902 0.4727272727272727 0.14207650273224043
1 0.1690909090909091 0.06830601092896176 0.3381818181818182 0.1366120218579235