1 0.9083969465648855 0.78125 0.17557251908396945 0.21875
1 0.9103053435114504 0.6015625 0.1717557251908397 0.2760416666666667
1 0.8473282442748091 0.3255208333333333 0.29770992366412213 0.3802083333333333
1 0.9427480916030534 0.17447916666666666 0.10687022900763359 0.3072916666666667
1 0.8282442748091603 0.12760416666666666 0.16793893129770993 0.203125
1 0.9293893129770993 0.059895833333333336 0.13358778625954199 0.11979166666666667
1 0.6545801526717557 0.12239583333333333 0.20229007633587787 0.22395833333333334
1 0.5916030534351145 0.3854166666666667 0.13740458015267176 0.3020833333333333
1 0.7022900763358778 0.4973958333333333 0.2748091603053435 0.3385416666666667
1 0.6431297709923665 0.7526041666666666 0.30916030534351147 0.2864583333333333
1 0.7538167938931297 0.8255208333333334 0.16412213740458015 0.140625
1 0.6603053435114504 0.765625 0.44274809160305345 0.2604166666666667
1 0.5076335877862596 0.7135416666666666 0.1297709923664122 0.19791666666666666
1 0.4847328244274809 0.484375 0.22900763358778625 0.5520833333333334
1 0.5858778625954199 0.3723958333333333 0.16412213740458015 0.3177083333333333
1 0.4541984732824427 0.16666666666666666 0.25190839694656486 0.3333333333333333
1 0.5973282442748091 0.033854166666666664 0.04198473282442748 0.06770833333333333
1 0.11068702290076336 0.5078125 0.22137404580152673 0.3489583333333333
1 0.16221374045801526 0.7604166666666666 0.25572519083969464 0.2708333333333333
1 0.21755725190839695 0.7578125 0.4351145038167939 0.2864583333333333
1 0.5267175572519084 0.5729166666666666 0.0916030534351145 0.07291666666666667
1 0.4580152671755725 0.8463541666666666 0.08396946564885496 0.11979166666666667
1 0.3015267175572519 0.578125 0.15267175572519084 0.21875
1 0.3187022900763359 0.4895833333333333 0.08015267175572519 0.1875
1 0.18129770992366412 0.3463541666666667 0.36259541984732824 0.2552083333333333
1 0.29961832061068705 0.10416666666666667 0.15648854961832062 0.20833333333333334
1 0.3606870229007634 0.1171875 0.10305343511450382 0.234375
1 0.18893129770992367 0.24479166666666666 0.18702290076335878 0.10416666666666667
1 0.07442748091603053 0.20572916666666666 0.14885496183206107 0.15104166666666666
1 0.16412213740458015 0.12760416666666666 0.11450381679389313 0.140625
1 0.15839694656488548 0.03125 0.0648854961832061 0.0625
1 0.0648854961832061 0.078125 0.1297709923664122 0.15625