1 0.8768656716417911 0.6117021276595744 0.11194029850746269 0.18085106382978725
1 0.8936567164179104 0.8590425531914894 0.12313432835820895 0.19680851063829788
1 0.09514925373134328 0.8670212765957447 0.10074626865671642 0.1702127659574468
1 0.5335820895522388 0.15691489361702127 0.08955223880597014 0.14361702127659576
1 0.32276119402985076 0.13031914893617022 0.08582089552238806 0.13297872340425532
1 0.26865671641791045 0.18882978723404256 0.07462686567164178 0.09042553191489362
1 0.2630597014925373 0.2925531914893617 0.08582089552238806 0.1276595744680851
1 0.05783582089552239 0.2632978723404255 0.07835820895522388 0.12234042553191489
1 0.292910447761194 0.45478723404255317 0.0708955223880597 0.11170212765957446
1 0.3656716417910448 0.46808510638297873 0.1044776119402985 0.1276595744680851
1 0.44216417910447764 0.4867021276595745 0.10820895522388059 0.14361702127659576
1 0.5186567164179104 0.5398936170212766 0.11940298507462686 0.16489361702127658
1 0.6026119402985075 0.598404255319149 0.11567164179104478 0.16489361702127658
1 0.667910447761194 0.6861702127659575 0.1044776119402985 0.14893617021276595
1 0.7089552238805971 0.7819148936170213 0.08208955223880597 0.11702127659574468
1 0.4626865671641791 0.6781914893617021 0.6791044776119403 0.5691489361702128
1 0.5578358208955224 0.47606382978723405 0.585820895522388 0.75