1 0.8623188405797102 0.5491803278688525 0.16666666666666666 0.2786885245901639
1 0.677536231884058 0.13387978142076504 0.10144927536231885 0.21311475409836064
1 0.7373188405797102 0.20491803278688525 0.03985507246376811 0.07103825136612021
1 0.7445652173913043 0.226775956284153 0.06159420289855073 0.15846994535519127
1 0.7735507246376812 0.33060109289617484 0.09782608695652174 0.09289617486338798
1 0.8170289855072463 0.3524590163934426 0.09782608695652174 0.12568306010928962
1 0.8152173913043478 0.40437158469945356 0.09420289855072464 0.1092896174863388
1 0.7463768115942029 0.5628415300546448 0.10869565217391304 0.20765027322404372
1 0.7608695652173914 0.6229508196721312 0.057971014492753624 0.08743169398907104
1 0.7210144927536232 0.6775956284153005 0.036231884057971016 0.07650273224043716
1 0.6105072463768116 0.49453551912568305 0.213768115942029 0.11475409836065574
1 0.6884057971014492 0.3770491803278688 0.15217391304347827 0.12021857923497267
1 0.7119565217391305 0.2978142076502732 0.09057971014492754 0.12568306010928962
1 0.4601449275362319 0.2814207650273224 0.463768115942029 0.2786885245901639
1 0.463768115942029 0.16666666666666666 0.34057971014492755 0.16939890710382513
1 0.25181159420289856 0.2786885245901639 0.20652173913043478 0.26229508196721313
1 0.2572463768115942 0.4371584699453552 0.057971014492753624 0.1092896174863388
1 0.24456521739130435 0.5382513661202186 0.03260869565217391 0.08196721311475409
1 0.17572463768115942 0.5109289617486339 0.10507246376811594 0.14754098360655737
1 0.1431159420289855 0.6366120218579235 0.11231884057971014 0.15846994535519127
1 0.059782608695652176 0.5846994535519126 0.07608695652173914 0.1092896174863388
1 0.22644927536231885 0.6612021857923497 0.09057971014492754 0.14207650273224043
1 0.2608695652173913 0.5846994535519126 0.050724637681159424 0.1092896174863388
1 0.302536231884058 0.6721311475409836 0.06884057971014493 0.14207650273224043
1 0.38405797101449274 0.7923497267759563 0.15217391304347827 0.09836065573770492
1 0.3641304347826087 0.7049180327868853 0.11956521739130435 0.16393442622950818
1 0.5833333333333334 0.773224043715847 0.10869565217391304 0.23497267759562843
1 0.5126811594202898 0.7650273224043715 0.04710144927536232 0.13114754098360656
1 0.6195652173913043 0.7486338797814208 0.07246376811594203 0.16393442622950818
1 0.6213768115942029 0.680327868852459 0.0036231884057971015 0.00546448087431694
1 0.6684782608695652 0.7049180327868853 0.06884057971014493 0.0546448087431694
1 0.7409420289855072 0.5683060109289617 0.10507246376811594 0.273224043715847
1 0.6467391304347826 0.6065573770491803 0.11956521739130435 0.24043715846994534
1 0.519927536231884 0.644808743169399 0.19202898550724637 0.18579234972677597
1 0.4528985507246377 0.546448087431694 0.10144927536231885 0.1092896174863388
1 0.4601449275362319 0.412568306010929 0.13768115942028986 0.14754098360655737
1 0.5398550724637681 0.3825136612021858 0.057971014492753624 0.09836065573770492
1 0.6032608695652174 0.4098360655737705 0.07608695652173914 0.06557377049180328
1 0.34601449275362317 0.5218579234972678 0.11231884057971014 0.18032786885245902
1 0.2916666666666667 0.4672131147540984 0.11231884057971014 0.11475409836065574