1 0.865979381443299 0.7162162162162162 0.25773195876288657 0.3436293436293436
1 0.6211340206185567 0.5965250965250966 0.3247422680412371 0.24324324324324326
1 0.845360824742268 0.4498069498069498 0.29896907216494845 0.27413127413127414
1 0.4690721649484536 0.7953667953667953 0.41237113402061853 0.2471042471042471
1 0.31443298969072164 0.5945945945945946 0.28865979381443296 0.22393822393822393
1 0.12628865979381443 0.6891891891891891 0.25257731958762886 0.35135135135135137
1 0.14948453608247422 0.4015444015444015 0.29896907216494845 0.277992277992278
1 0.41494845360824745 0.4555984555984556 0.27319587628865977 0.20077220077220076
1 0.6262886597938144 0.4092664092664093 0.19072164948453607 0.14671814671814673
1 0.7731958762886598 0.27413127413127414 0.14432989690721648 0.10810810810810811
1 0.9020618556701031 0.26640926640926643 0.18556701030927836 0.14671814671814673
1 0.39690721649484534 0.14478764478764478 0.10309278350515463 0.0888030888030888
1 0.48195876288659795 0.1833976833976834 0.10824742268041238 0.09652509652509653
1 0.5257731958762887 0.10231660231660232 0.10309278350515463 0.05791505791505792
1 0.4690721649484536 0.3088803088803089 0.4742268041237113 0.20077220077220076
1 0.6056701030927835 0.17953667953667954 0.12886597938144329 0.10424710424710425
1 0.6262886597938144 0.11969111969111969 0.07731958762886598 0.04633204633204633
1 0.7577319587628866 0.13127413127413126 0.15463917525773196 0.10038610038610038
1 0.7319587628865979 0.19111969111969113 0.13402061855670103 0.08108108108108109
1 0.8762886597938144 0.1776061776061776 0.15463917525773196 0.10810810810810811
1 0.9329896907216495 0.14478764478764478 0.09278350515463918 0.07335907335907337
1 0.25257731958762886 0.2702702702702703 0.1134020618556701 0.10038610038610038
1 0.23969072164948454 0.15637065637065636 0.3865979381443299 0.2277992277992278
1 0.7680412371134021 0.07335907335907337 0.44329896907216493 0.04633204633204633