1 0.7625482625482626 0.35051546391752575 0.28185328185328185 0.30927835051546393
1 0.805019305019305 0.5902061855670103 0.11969111969111969 0.20103092783505155
1 0.667953667953668 0.5025773195876289 0.13127413127413126 0.13917525773195877
1 0.5386100386100386 0.44587628865979384 0.23552123552123552 0.20103092783505155
1 0.4420849420849421 0.327319587628866 0.09652509652509653 0.11855670103092783
1 0.361003861003861 0.30670103092783507 0.22007722007722008 0.27319587628865977
1 0.42857142857142855 0.15463917525773196 0.07722007722007722 0.10309278350515463
1 0.5115830115830116 0.1134020618556701 0.14285714285714285 0.08247422680412371
1 0.38803088803088803 0.07731958762886598 0.08108108108108109 0.07216494845360824
1 0.28957528957528955 0.1056701030927835 0.15444015444015444 0.18041237113402062
1 0.2799227799227799 0.13144329896907217 0.11969111969111969 0.14948453608247422
1 0.21428571428571427 0.19072164948453607 0.11196911196911197 0.14432989690721648
1 0.13320463320463322 0.13659793814432988 0.07335907335907337 0.08762886597938144
1 0.06756756756756757 0.17783505154639176 0.13513513513513514 0.14948453608247422
1 0.10038610038610038 0.26288659793814434 0.13127413127413126 0.15463917525773196
1 0.21042471042471042 0.3015463917525773 0.10424710424710425 0.10824742268041238
1 0.18532818532818532 0.44329896907216493 0.21621621621621623 0.24742268041237114
1 0.1969111969111969 0.5154639175257731 0.16988416988416988 0.2268041237113402
1 0.04247104247104247 0.43041237113402064 0.08494208494208494 0.31443298969072164
1 0.06177606177606178 0.5515463917525774 0.12355212355212356 0.21649484536082475
1 0.138996138996139 0.7010309278350515 0.14671814671814673 0.21649484536082475
1 0.18146718146718147 0.8067010309278351 0.09266409266409266 0.12886597938144329
1 0.03667953667953668 0.7371134020618557 0.07335907335907337 0.21649484536082475
1 0.29343629343629346 0.7628865979381443 0.16216216216216217 0.30927835051546393
1 0.44787644787644787 0.7603092783505154 0.19305019305019305 0.25257731958762886
1 0.3088803088803089 0.5695876288659794 0.07722007722007722 0.11855670103092783
1 0.33204633204633205 0.48195876288659795 0.0694980694980695 0.0979381443298969
1 0.38223938223938225 0.5 0.0694980694980695 0.08247422680412371
1 0.46525096525096526 0.5231958762886598 0.0888030888030888 0.08762886597938144
1 0.555984555984556 0.5567010309278351 0.10038610038610038 0.09278350515463918
1 0.666023166023166 0.6778350515463918 0.09652509652509653 0.12886597938144329
1 0.7374517374517374 0.6262886597938144 0.08494208494208494 0.15979381443298968
1 0.638996138996139 0.75 0.0888030888030888 0.10824742268041238
1 0.5714285714285714 0.7731958762886598 0.0694980694980695 0.09278350515463918
1 0.5714285714285714 0.6623711340206185 0.09266409266409266 0.12886597938144329
1 0.47876447876447875 0.595360824742268 0.10038610038610038 0.10824742268041238
1 0.3803088803088803 0.5979381443298969 0.0888030888030888 0.1134020618556701
1 0.38803088803088803 0.3865979381443299 0.09652509652509653 0.13402061855670103
1 0.5617760617760618 0.25 0.22007722007722008 0.25257731958762886