1 0.603448275862069 0.4844559585492228 0.07279693486590039 0.08808290155440414
1 0.7088122605363985 0.4585492227979275 0.0842911877394636 0.03626943005181347
1 0.7758620689655172 0.5 0.08045977011494253 0.046632124352331605
1 0.7049808429118773 0.6424870466321243 0.39080459770114945 0.48704663212435234
1 0.6340996168582376 0.8264248704663213 0.05747126436781609 0.08808290155440414
1 0.5383141762452107 0.5569948186528497 0.07279693486590039 0.06735751295336788
1 0.5287356321839081 0.5 0.06130268199233716 0.07772020725388601
1 0.4904214559386973 0.727979274611399 0.24521072796934865 0.30569948186528495
1 0.41762452107279696 0.23834196891191708 0.06896551724137931 0.07253886010362694
1 0.38122605363984674 0.44559585492227977 0.2567049808429119 0.34196891191709844
1 0.22030651340996169 0.6191709844559585 0.28735632183908044 0.5647668393782384