1 0.66 0.8579234972677595 0.41818181818181815 0.273224043715847
1 0.8381818181818181 0.7459016393442623 0.31636363636363635 0.47540983606557374
1 0.8454545454545455 0.855191256830601 0.3018181818181818 0.2786885245901639
1 0.5818181818181818 0.644808743169399 0.3054545454545455 0.30601092896174864
1 0.6690909090909091 0.5792349726775956 0.05818181818181818 0.06557377049180328
1 0.5545454545454546 0.43169398907103823 0.24363636363636362 0.28415300546448086
1 0.6545454545454545 0.40437158469945356 0.24727272727272728 0.31693989071038253
1 0.8854545454545455 0.5273224043715847 0.22181818181818183 0.18032786885245902
1 0.9236363636363636 0.6857923497267759 0.14545454545454545 0.14754098360655737
1 0.8872727272727273 0.3825136612021858 0.21818181818181817 0.15300546448087432
1 0.7745454545454545 0.29508196721311475 0.3054545454545455 0.25136612021857924
1 0.9418181818181818 0.15846994535519127 0.10909090909090909 0.31693989071038253
1 0.7490909090909091 0.1092896174863388 0.28363636363636363 0.19672131147540983
1 0.8054545454545454 0.03551912568306011 0.13454545454545455 0.07103825136612021
1 0.88 0.040983606557377046 0.08 0.08196721311475409
1 0.6290909090909091 0.09562841530054644 0.1890909090909091 0.1912568306010929
1 0.5036363636363637 0.06284153005464481 0.18545454545454546 0.12568306010928962
1 0.3981818181818182 0.20491803278688525 0.2 0.2896174863387978
1 0.37272727272727274 0.7131147540983607 0.16363636363636364 0.5628415300546448
1 0.31272727272727274 0.7622950819672131 0.32 0.4644808743169399
1 0.20545454545454545 0.6830601092896175 0.2872727272727273 0.6229508196721312
1 0.15272727272727274 0.5300546448087432 0.24 0.2185792349726776
1 0.06909090909090909 0.7240437158469946 0.11636363636363636 0.2786885245901639
1 0.09090909090909091 0.7349726775956285 0.18181818181818182 0.23497267759562843
1 0.034545454545454546 0.9043715846994536 0.06909090909090909 0.15846994535519127
1 0.02 0.5546448087431693 0.04 0.18032786885245902
1 0.15272727272727274 0.30601092896174864 0.2909090909090909 0.30601092896174864
1 0.0036363636363636364 0.3825136612021858 0.007272727272727273 0.17486338797814208
1 0.22 0.17759562841530055 0.1709090909090909 0.21311475409836064
1 0.15636363636363637 0.06557377049180328 0.16 0.13114754098360656
1 0.3145454545454546 0.06830601092896176 0.18545454545454546 0.1366120218579235
1 0.038181818181818185 0.05737704918032787 0.07636363636363637 0.11475409836065574
1 0.05818181818181818 0.18579234972677597 0.11636363636363636 0.17486338797814208
1 0.49818181818181817 0.4972677595628415 0.9963636363636363 0.994535519125683