1 0.982824427480916 0.8652849740932642 0.026717557251908396 0.06217616580310881
1 0.9236641221374046 0.8341968911917098 0.07633587786259542 0.07253886010362694
1 0.9580152671755725 0.8937823834196891 0.007633587786259542 0.0051813471502590676
1 0.8950381679389313 0.8756476683937824 0.0648854961832061 0.04145077720207254
1 0.8416030534351145 0.8626943005181347 0.07251908396946564 0.05699481865284974
1 0.8931297709923665 0.7746113989637305 0.08396946564885496 0.09844559585492228
1 0.9465648854961832 0.6865284974093264 0.08396946564885496 0.12953367875647667
1 0.9656488549618321 0.7797927461139896 0.061068702290076333 0.08808290155440414
1 0.9751908396946565 0.6347150259067358 0.04198473282442748 0.046632124352331605
1 0.9561068702290076 0.582901554404145 0.08015267175572519 0.08808290155440414
1 0.9809160305343512 0.538860103626943 0.030534351145038167 0.07253886010362694
1 0.9274809160305344 0.5051813471502591 0.06870229007633588 0.12953367875647667
1 0.9637404580152672 0.44559585492227977 0.0648854961832061 0.12435233160621761
1 0.9389312977099237 0.3471502590673575 0.06870229007633588 0.07253886010362694
1 0.9007633587786259 0.30310880829015546 0.06870229007633588 0.06735751295336788
1 0.9675572519083969 0.33419689119170987 0.05725190839694656 0.07772020725388601
1 0.9770992366412213 0.25906735751295334 0.03816793893129771 0.06217616580310881
1 0.9293893129770993 0.24093264248704663 0.07251908396946564 0.07772020725388601
1 0.8969465648854962 0.19689119170984457 0.05343511450381679 0.09326424870466321
1 0.8282442748091603 0.18911917098445596 0.07633587786259542 0.09844559585492228
1 0.8683206106870229 0.2538860103626943 0.04198473282442748 0.06217616580310881
1 0.8301526717557252 0.2538860103626943 0.05725190839694656 0.06217616580310881
1 0.9026717557251909 0.3911917098445596 0.04961832061068702 0.05699481865284974
1 0.8835877862595419 0.4326424870466321 0.05725190839694656 0.06735751295336788
1 0.8492366412213741 0.3316062176165803 0.07251908396946564 0.09326424870466321
1 0.8568702290076335 0.3911917098445596 0.03435114503816794 0.06735751295336788
1 0.8148854961832062 0.3963730569948187 0.04198473282442748 0.05699481865284974
1 0.767175572519084 0.3860103626943005 0.08396946564885496 0.08808290155440414
1 0.8206106870229007 0.4896373056994819 0.15267175572519084 0.12953367875647667
1 0.8530534351145038 0.5647668393782384 0.08015267175572519 0.12435233160621761
1 0.8816793893129771 0.6683937823834197 0.07633587786259542 0.09326424870466321
1 0.8377862595419847 0.7305699481865285 0.08015267175572519 0.09326424870466321
1 0.7919847328244275 0.805699481865285 0.08015267175572519 0.11917098445595854
1 0.8454198473282443 0.8031088082901554 0.026717557251908396 0.04145077720207254
1 0.7557251908396947 0.7098445595854922 0.0916030534351145 0.10362694300518134
1 0.7385496183206107 0.805699481865285 0.03435114503816794 0.07772020725388601
1 0.7423664122137404 0.8704663212435233 0.11068702290076336 0.06217616580310881
1 0.6774809160305344 0.8471502590673575 0.08778625954198473 0.09844559585492228
1 0.6049618320610687 0.8756476683937824 0.07251908396946564 0.04145077720207254
1 0.583969465648855 0.8575129533678757 0.08396946564885496 0.05699481865284974
1 0.6316793893129771 0.7953367875647669 0.04961832061068702 0.07772020725388601
1 0.6965648854961832 0.7590673575129534 0.08015267175572519 0.08808290155440414
1 0.7137404580152672 0.6761658031088082 0.03816793893129771 0.06735751295336788
1 0.7614503816793893 0.6088082901554405 0.07251908396946564 0.09844559585492228
1 0.8148854961832062 0.6476683937823834 0.08015267175572519 0.08290155440414508
1 0.49809160305343514 0.8704663212435233 0.08778625954198473 0.06217616580310881
1 0.42748091603053434 0.8937823834196891 0.03816793893129771 0.015544041450777202
1 0.4217557251908397 0.8730569948186528 0.08015267175572519 0.06735751295336788
1 0.3797709923664122 0.8471502590673575 0.0648854961832061 0.08808290155440414
1 0.3282442748091603 0.8626943005181347 0.09923664122137404 0.06735751295336788
1 0.28053435114503816 0.8886010362694301 0.0648854961832061 0.025906735751295335
1 0.20038167938931298 0.8860103626943006 0.04961832061068702 0.031088082901554404
1 0.24618320610687022 0.8704663212435233 0.05725190839694656 0.05181347150259067
1 0.16603053435114504 0.8678756476683938 0.08015267175572519 0.05699481865284974
1 0.12213740458015267 0.8264248704663213 0.08396946564885496 0.12953367875647667
1 0.08015267175572519 0.8756476683937824 0.04580152671755725 0.04145077720207254
1 0.03435114503816794 0.8601036269430051 0.06870229007633588 0.08290155440414508
1 0.5267175572519084 0.805699481865285 0.0916030534351145 0.11917098445595854
1 0.5896946564885496 0.8005181347150259 0.04198473282442748 0.046632124352331605
1 0.5572519083969466 0.7176165803108808 0.07633587786259542 0.07772020725388601
1 0.6240458015267175 0.6865284974093264 0.0648854961832061 0.06735751295336788
1 0.6679389312977099 0.6398963730569949 0.06870229007633588 0.05699481865284974
1 0.6793893129770993 0.7020725388601037 0.03816793893129771 0.06735751295336788
1 0.648854961832061 0.7487046632124352 0.03816793893129771 0.06735751295336788
1 0.7080152671755725 0.7590673575129534 0.08015267175572519 0.07772020725388601
1 0.6812977099236641 0.6010362694300518 0.09541984732824428 0.09326424870466321
1 0.45229007633587787 0.810880829015544 0.08015267175572519 0.08808290155440414
1 0.4599236641221374 0.7150259067357513 0.08778625954198473 0.11398963730569948
1 0.3931297709923664 0.7875647668393783 0.06870229007633588 0.08290155440414508
1 0.3148854961832061 0.7927461139896373 0.09541984732824428 0.12435233160621761
1 0.22709923664122136 0.7901554404145078 0.10305343511450382 0.11917098445595854
1 0.16030534351145037 0.7383419689119171 0.0916030534351145 0.10880829015544041
1 0.09732824427480916 0.7305699481865285 0.04961832061068702 0.08290155440414508
1 0.04389312977099236 0.7797927461139896 0.08015267175572519 0.09844559585492228
1 0.026717557251908396 0.7357512953367875 0.05343511450381679 0.07253886010362694
1 0.011450381679389313 0.6761658031088082 0.022900763358778626 0.07772020725388601
1 0.06679389312977099 0.6450777202072538 0.08778625954198473 0.10880829015544041
1 0.022900763358778626 0.5880829015544041 0.04580152671755725 0.09844559585492228
1 0.08969465648854962 0.5440414507772021 0.09541984732824428 0.10362694300518134
1 0.15458015267175573 0.5440414507772021 0.04198473282442748 0.05181347150259067
1 0.16603053435114504 0.6347150259067358 0.11068702290076336 0.10880829015544041
1 0.022900763358778626 0.4948186528497409 0.04580152671755725 0.11917098445595854
1 0.07442748091603053 0.4637305699481865 0.09541984732824428 0.08808290155440414
1 0.03244274809160305 0.4067357512953368 0.04961832061068702 0.06735751295336788
1 0.061068702290076333 0.3704663212435233 0.04580152671755725 0.06735751295336788
1 0.11259541984732824 0.37305699481865284 0.07251908396946564 0.08290155440414508
1 0.09541984732824428 0.4067357512953368 0.061068702290076333 0.08808290155440414
1 0.13740458015267176 0.46632124352331605 0.03816793893129771 0.10362694300518134
1 0.1946564885496183 0.4740932642487047 0.0916030534351145 0.12953367875647667
1 0.01717557251908397 0.37823834196891193 0.03435114503816794 0.08290155440414508
1 0.02480916030534351 0.3316062176165803 0.04961832061068702 0.07253886010362694
1 0.07442748091603053 0.3134715025906736 0.08015267175572519 0.08808290155440414
1 0.13549618320610687 0.3160621761658031 0.05725190839694656 0.07253886010362694
1 0.1183206106870229 0.266839378238342 0.08396946564885496 0.05699481865284974
1 0.061068702290076333 0.24870466321243523 0.03816793893129771 0.02072538860103627
1 0.03625954198473282 0.27202072538860106 0.04198473282442748 0.025906735751295335
1 0.03816793893129771 0.19430051813471502 0.07633587786259542 0.10880829015544041
1 0.011450381679389313 0.24093264248704663 0.022900763358778626 0.06735751295336788
1 0.11259541984732824 0.17875647668393782 0.0648854961832061 0.09844559585492228
1 0.15267175572519084 0.20984455958549222 0.06870229007633588 0.07772020725388601
1 0.23091603053435114 0.23834196891191708 0.07251908396946564 0.07253886010362694
1 0.1946564885496183 0.3134715025906736 0.061068702290076333 0.05699481865284974
1 0.18129770992366412 0.14248704663212436 0.08015267175572519 0.09844559585492228
1 0.2538167938931298 0.15544041450777202 0.07251908396946564 0.09326424870466321
1 0.22709923664122136 0.10103626943005181 0.05725190839694656 0.05699481865284974
1 0.2099236641221374 0.04404145077720207 0.09923664122137404 0.08808290155440414
1 0.29389312977099236 0.054404145077720206 0.0916030534351145 0.10880829015544041
1 0.13549618320610687 0.07253886010362694 0.0648854961832061 0.09326424870466321
1 0.0648854961832061 0.10362694300518134 0.061068702290076333 0.08290155440414508
1 0.08015267175572519 0.04922279792746114 0.04580152671755725 0.03626943005181347
1 0.02862595419847328 0.05699481865284974 0.05725190839694656 0.09326424870466321
1 0.30916030534351147 0.22020725388601037 0.06870229007633588 0.06735751295336788
1 0.3015267175572519 0.16839378238341968 0.05343511450381679 0.03626943005181347
1 0.33587786259541985 0.14766839378238342 0.061068702290076333 0.05699481865284974
1 0.3797709923664122 0.12176165803108809 0.03435114503816794 0.05699481865284974
1 0.41030534351145037 0.05181347150259067 0.05725190839694656 0.06217616580310881
1 0.37213740458015265 0.010362694300518135 0.04961832061068702 0.02072538860103627
1 0.4751908396946565 0.031088082901554404 0.08778625954198473 0.06217616580310881
1 0.5858778625954199 0.04145077720207254 0.05725190839694656 0.08290155440414508
1 0.6603053435114504 0.05958549222797927 0.06870229007633588 0.09844559585492228
1 0.7309160305343512 0.11658031088082901 0.08015267175572519 0.10880829015544041
1 0.7900763358778626 0.04922279792746114 0.06870229007633588 0.08808290155440414
1 0.7213740458015268 0.03626943005181347 0.05343511450381679 0.04145077720207254
1 0.6717557251908397 0.15544041450777202 0.08396946564885496 0.09326424870466321
1 0.6889312977099237 0.20207253886010362 0.0648854961832061 0.07253886010362694
1 0.7519083969465649 0.22538860103626943 0.05343511450381679 0.05699481865284974
1 0.7614503816793893 0.18911917098445596 0.0648854961832061 0.05699481865284974
1 0.7919847328244275 0.27979274611398963 0.05725190839694656 0.09326424870466321
1 0.7557251908396947 0.3290155440414508 0.08396946564885496 0.07772020725388601
1 0.6965648854961832 0.33419689119170987 0.03435114503816794 0.06735751295336788
1 0.7118320610687023 0.26424870466321243 0.08778625954198473 0.09326424870466321
1 0.6603053435114504 0.39378238341968913 0.08396946564885496 0.09326424870466321
1 0.6622137404580153 0.4844559585492228 0.05725190839694656 0.09844559585492228
1 0.7137404580152672 0.4740932642487047 0.04580152671755725 0.06735751295336788
1 0.7309160305343512 0.5103626943005182 0.07251908396946564 0.08808290155440414
1 0.583969465648855 0.13730569948186527 0.09923664122137404 0.10880829015544041
1 0.6278625954198473 0.24611398963730569 0.08015267175572519 0.11917098445595854
1 0.583969465648855 0.23575129533678757 0.05343511450381679 0.06735751295336788
1 0.5515267175572519 0.21761658031088082 0.04961832061068702 0.05181347150259067
1 0.5553435114503816 0.27979274611398963 0.05725190839694656 0.06217616580310881
1 0.6049618320610687 0.31088082901554404 0.0648854961832061 0.06217616580310881
1 0.6412213740458015 0.32642487046632124 0.061068702290076333 0.05181347150259067
1 0.6183206106870229 0.38341968911917096 0.04580152671755725 0.07253886010362694
1 0.5610687022900763 0.3704663212435233 0.0916030534351145 0.09844559585492228
1 0.601145038167939 0.46113989637305697 0.07251908396946564 0.07253886010362694
1 0.5400763358778626 0.47668393782383417 0.07251908396946564 0.10362694300518134
1 0.5992366412213741 0.5492227979274611 0.0916030534351145 0.12435233160621761
1 0.549618320610687 0.5777202072538861 0.05343511450381679 0.07772020725388601
1 0.5935114503816794 0.6424870466321243 0.08015267175572519 0.08290155440414508
1 0.5362595419847328 0.6373056994818653 0.05725190839694656 0.08290155440414508
1 0.5038167938931297 0.6658031088082902 0.07633587786259542 0.08808290155440414
1 0.3702290076335878 0.7020725388601037 0.0916030534351145 0.13989637305699482
1 0.3148854961832061 0.7072538860103627 0.026717557251908396 0.06735751295336788
1 0.25763358778625955 0.6813471502590673 0.10305343511450382 0.09844559585492228
1 0.22137404580152673 0.6088082901554405 0.06870229007633588 0.10880829015544041
1 0.26145038167938933 0.5880829015544041 0.05725190839694656 0.09844559585492228
1 0.3187022900763359 0.6062176165803109 0.08015267175572519 0.13471502590673576
1 0.3816793893129771 0.5699481865284974 0.06870229007633588 0.08290155440414508
1 0.41603053435114506 0.5492227979274611 0.03816793893129771 0.07253886010362694
1 0.43320610687022904 0.6295336787564767 0.05725190839694656 0.05699481865284974
1 0.48854961832061067 0.5854922279792746 0.06870229007633588 0.08290155440414508
1 0.4618320610687023 0.5051813471502591 0.08396946564885496 0.10880829015544041
1 0.47900763358778625 0.4378238341968912 0.08778625954198473 0.07772020725388601
1 0.41603053435114506 0.4637305699481865 0.05343511450381679 0.09844559585492228
1 0.3606870229007634 0.4896373056994819 0.0648854961832061 0.08808290155440414
1 0.29389312977099236 0.4792746113989637 0.06870229007633588 0.09844559585492228
1 0.2881679389312977 0.4119170984455959 0.0648854961832061 0.046632124352331605
1 0.18702290076335878 0.3756476683937824 0.06870229007633588 0.08808290155440414
1 0.25763358778625955 0.4015544041450777 0.07251908396946564 0.08808290155440414
1 0.31297709923664124 0.37305699481865284 0.04580152671755725 0.06217616580310881
1 0.26908396946564883 0.3160621761658031 0.08778625954198473 0.09326424870466321
1 0.3301526717557252 0.266839378238342 0.07251908396946564 0.07772020725388601
1 0.37786259541984735 0.22279792746113988 0.061068702290076333 0.08290155440414508
1 0.41412213740458015 0.15803108808290156 0.0648854961832061 0.08808290155440414
1 0.44083969465648853 0.09844559585492228 0.04198473282442748 0.05181347150259067
1 0.4751908396946565 0.09067357512953368 0.03435114503816794 0.046632124352331605
1 0.5114503816793893 0.08549222797927461 0.03816793893129771 0.05699481865284974
1 0.5534351145038168 0.07772020725388601 0.04580152671755725 0.05181347150259067
1 0.5133587786259542 0.16580310880829016 0.05725190839694656 0.06217616580310881
1 0.4599236641221374 0.13471502590673576 0.04961832061068702 0.05181347150259067
1 0.4713740458015267 0.19170984455958548 0.05725190839694656 0.05181347150259067
1 0.4866412213740458 0.22538860103626943 0.05725190839694656 0.046632124352331605
1 0.5057251908396947 0.25906735751295334 0.05725190839694656 0.05181347150259067
1 0.4446564885496183 0.24870466321243523 0.0648854961832061 0.07253886010362694
1 0.41603053435114506 0.28756476683937826 0.06870229007633588 0.08808290155440414
1 0.3511450381679389 0.3160621761658031 0.061068702290076333 0.07253886010362694
1 0.48091603053435117 0.344559585492228 0.061068702290076333 0.09844559585492228
1 0.5190839694656488 0.3238341968911917 0.04580152671755725 0.046632124352331605
1 0.4179389312977099 0.37823834196891193 0.07251908396946564 0.08290155440414508
1 0.35877862595419846 0.40414507772020725 0.06870229007633588 0.08290155440414508
1 0.4122137404580153 0.45595854922279794 0.05343511450381679 0.08290155440414508
1 0.08206106870229007 0.015544041450777202 0.05725190839694656 0.031088082901554404
1 0.13549618320610687 0.012953367875647668 0.04961832061068702 0.025906735751295335
1 0.02099236641221374 0.007772020725388601 0.04198473282442748 0.015544041450777202
1 0.49809160305343514 0.45077720207253885 0.9961832061068703 0.9015544041450777