1 0.8189300411522634 0.7331730769230769 0.32098765432098764 0.46634615384615385
1 0.5123456790123457 0.7115384615384616 0.32510288065843623 0.4423076923076923
1 0.18518518518518517 0.6177884615384616 0.31275720164609055 0.3798076923076923
1 0.19753086419753085 0.33413461538461536 0.3868312757201646 0.2644230769230769
1 0.5493827160493827 0.3557692307692308 0.34156378600823045 0.3269230769230769
1 0.8559670781893004 0.34375 0.27983539094650206 0.3701923076923077
1 0.06790123456790123 0.04326923076923077 0.13580246913580246 0.08653846153846154
1 0.2962962962962963 0.10817307692307693 0.2880658436213992 0.21634615384615385
1 0.6234567901234568 0.0985576923076923 0.32510288065843623 0.1971153846153846
1 0.8827160493827161 0.052884615384615384 0.22633744855967078 0.10576923076923077
1 0.03909465020576132 0.5817307692307693 0.07818930041152264 0.33653846153846156
1 0.1440329218106996 0.9014423076923077 0.27983539094650206 0.1875
1 0.4156378600823045 0.9399038461538461 0.2716049382716049 0.11057692307692307
1 0.7242798353909465 0.9615384615384616 0.18106995884773663 0.0673076923076923
1 0.9897119341563786 0.9182692307692307 0.012345679012345678 0.15384615384615385