1 0.3470319634703196 0.40869565217391307 0.0639269406392694 0.21739130434782608
1 0.7945205479452054 0.3673913043478261 0.0639269406392694 0.1782608695652174
1 0.8333333333333334 0.3826086956521739 0.0684931506849315 0.13043478260869565
1 0.769406392694064 0.3760869565217391 0.0410958904109589 0.14347826086956522
1 0.7374429223744292 0.3869565217391304 0.0502283105022831 0.11304347826086956
1 0.906392694063927 0.4608695652173913 0.0410958904109589 0.06086956521739131
1 0.9018264840182648 0.5347826086956522 0.0502283105022831 0.1565217391304348
1 0.8881278538812786 0.5195652173913043 0.0502283105022831 0.14347826086956522
1 0.8698630136986302 0.532608695652174 0.0593607305936073 0.15217391304347827
1 0.8515981735159818 0.5369565217391304 0.0593607305936073 0.1608695652173913
1 0.8105022831050228 0.5391304347826087 0.0319634703196347 0.1391304347826087
1 0.815068493150685 0.21739130434782608 0.0776255707762557 0.10434782608695652
1 0.7831050228310502 0.22826086956521738 0.0684931506849315 0.10869565217391304
1 0.7625570776255708 0.23478260869565218 0.045662100456621 0.08695652173913043
1 0.7922374429223744 0.08478260869565217 0.0410958904109589 0.09130434782608696
1 0.769406392694064 0.09130434782608696 0.0593607305936073 0.10434782608695652
1 0.723744292237443 0.09782608695652174 0.0593607305936073 0.07391304347826087
1 0.7785388127853882 0.15 0.0958904109589041 0.0391304347826087
1 0.7077625570776256 0.01956521739130435 0.0639269406392694 0.0391304347826087
1 0.7579908675799086 0.017391304347826087 0.0273972602739726 0.034782608695652174
1 0.7853881278538812 0.013043478260869565 0.0365296803652968 0.02608695652173913
1 0.3287671232876712 0.6347826086956522 0.0639269406392694 0.22608695652173913
1 0.2625570776255708 0.6391304347826087 0.0776255707762557 0.23478260869565218
1 0.2922374429223744 0.41304347826086957 0.0730593607305936 0.22608695652173913
1 0.228310502283105 0.44782608695652176 0.0639269406392694 0.2956521739130435
1 0.182648401826484 0.4260869565217391 0.0730593607305936 0.25217391304347825
1 0.182648401826484 0.44782608695652176 0.1004566210045662 0.33043478260869563
1 0.07534246575342465 0.391304347826087 0.0776255707762557 0.21739130434782608
1 0.09817351598173515 0.41956521739130437 0.0867579908675799 0.29130434782608694
1 0.0365296803652968 0.4282608695652174 0.0730593607305936 0.3
1 0.17579908675799086 0.1782608695652174 0.0410958904109589 0.19130434782608696
1 0.1963470319634703 0.20869565217391303 0.0639269406392694 0.14782608695652175
1 0.13926940639269406 0.21521739130434783 0.0319634703196347 0.15217391304347827
1 0.3333333333333333 0.23043478260869565 0.0365296803652968 0.13043478260869565
1 0.2945205479452055 0.2108695652173913 0.0410958904109589 0.10869565217391304
1 0.2694063926940639 0.2108695652173913 0.0365296803652968 0.09130434782608696
1 0.2465753424657534 0.20217391304347826 0.0639269406392694 0.11739130434782609
1 0.06621004566210045 0.17173913043478262 0.0867579908675799 0.1956521739130435
1 0.09360730593607305 0.17173913043478262 0.0410958904109589 0.21304347826086956
1 0.0045662100456621 0.32608695652173914 0.0091324200913242 0.06956521739130435
1 0.00684931506849315 0.1891304347826087 0.0136986301369863 0.06521739130434782
1 0.0091324200913242 0.08260869565217391 0.0182648401826484 0.043478260869565216
1 0.95662100456621 0.85 0.0776255707762557 0.10869565217391304
1 0.8287671232876712 0.8565217391304348 0.1050228310502283 0.10434782608695652
1 0.9406392694063926 0.7021739130434783 0.1004566210045662 0.1
1 0.8904109589041096 0.6304347826086957 0.0730593607305936 0.017391304347826087
1 0.7968036529680366 0.7086956521739131 0.1141552511415525 0.12173913043478261
1 0.6689497716894978 0.8391304347826087 0.1232876712328767 0.11304347826086956
1 0.6301369863013698 0.7 0.1095890410958904 0.10434782608695652
1 0.4269406392694064 0.7217391304347827 0.1232876712328767 0.11304347826086956
1 0.4474885844748858 0.8586956521739131 0.1095890410958904 0.11739130434782609
1 0.2990867579908676 0.8739130434782608 0.1324200913242009 0.11304347826086956
1 0.17579908675799086 0.9065217391304348 0.0319634703196347 0.10869565217391304
1 0.19406392694063926 0.9 0.0136986301369863 0.09565217391304348
1 0.1461187214611872 0.8956521739130435 0.0365296803652968 0.13043478260869565
1 0.1187214611872146 0.9021739130434783 0.0273972602739726 0.10869565217391304
1 0.09360730593607305 0.8978260869565218 0.0228310502283105 0.10869565217391304
1 0.0821917808219178 0.8804347826086957 0.0182648401826484 0.05652173913043478
1 0.2054794520547945 0.7478260869565218 0.0365296803652968 0.09565217391304348
1 0.1917808219178082 0.7478260869565218 0.0273972602739726 0.06956521739130435
1 0.1735159817351598 0.7347826086956522 0.0273972602739726 0.05217391304347826
1 0.1506849315068493 0.7608695652173914 0.0639269406392694 0.11304347826086956
1 0.136986301369863 0.7673913043478261 0.0547945205479452 0.06521739130434782
1 0.1278538812785388 0.7804347826086957 0.045662100456621 0.04782608695652174
1 0.14383561643835616 0.6456521739130435 0.0319634703196347 0.09130434782608696
1 0.1187214611872146 0.6456521739130435 0.0273972602739726 0.1
1 0.0958904109589041 0.6478260869565218 0.0365296803652968 0.10434782608695652
1 0.06164383561643835 0.6521739130434783 0.0502283105022831 0.09565217391304348
1 0.0502283105022831 0.6521739130434783 0.0365296803652968 0.0782608695652174
1 0.02968036529680365 0.7869565217391304 0.0502283105022831 0.11304347826086956
1 0.0593607305936073 0.7956521739130434 0.0273972602739726 0.11304347826086956
1 0.0182648401826484 0.7760869565217391 0.0365296803652968 0.1
1 0.01598173515981735 0.9347826086956522 0.0319634703196347 0.12173913043478261
1 0.0365296803652968 0.9326086956521739 0.0273972602739726 0.11739130434782609
1 0.0045662100456621 0.6326086956521739 0.0091324200913242 0.05652173913043478
1 0.4429223744292237 0.5869565217391305 0.1278538812785388 0.10434782608695652
1 0.5707762557077626 0.5804347826086956 0.1095890410958904 0.1
1 0.7168949771689498 0.5652173913043478 0.1278538812785388 0.10434782608695652
1 0.6484018264840182 0.4673913043478261 0.1095890410958904 0.1
1 0.5091324200913242 0.4652173913043478 0.1050228310502283 0.09565217391304348
1 0.636986301369863 0.3521739130434783 0.1050228310502283 0.0782608695652174
1 0.6757990867579908 0.25869565217391305 0.091324200913242 0.07391304347826087
1 0.5616438356164384 0.26956521739130435 0.1004566210045662 0.0782608695652174
1 0.4269406392694064 0.2782608695652174 0.0958904109589041 0.0782608695652174
1 0.4885844748858447 0.3652173913043478 0.091324200913242 0.08695652173913043
1 0.9817351598173516 0.47608695652173916 0.0273972602739726 0.09130434782608696
1 0.9223744292237442 0.35 0.1461187214611872 0.14347826086956522
1 0.9200913242009132 0.2108695652173913 0.1506849315068493 0.12608695652173912
1 0.9200913242009132 0.10217391304347827 0.1506849315068493 0.09130434782608696
1 0.9155251141552512 0.02391304347826087 0.1598173515981735 0.04782608695652174