1 0.8256484149855908 0.6517241379310345 0.13544668587896252 0.25517241379310346
1 0.8069164265129684 0.42758620689655175 0.138328530259366 0.27586206896551724
1 0.739193083573487 0.7103448275862069 0.11239193083573487 0.3310344827586207
1 0.6239193083573487 0.3586206896551724 0.23919308357348704 0.45517241379310347
1 0.622478386167147 0.7034482758620689 0.14985590778097982 0.3310344827586207
1 0.49855907780979825 0.7827586206896552 0.09221902017291066 0.07586206896551724
1 0.5172910662824207 0.8448275862068966 0.08357348703170028 0.10344827586206896
1 0.430835734870317 0.8517241379310345 0.08357348703170028 0.10344827586206896
1 0.4092219020172911 0.8137931034482758 0.06340057636887608 0.08275862068965517
1 0.5345821325648416 0.6379310344827587 0.2968299711815562 0.3103448275862069
1 0.2737752161383285 0.7137931034482758 0.3285302593659942 0.25517241379310346
1 0.4942363112391931 0.5310344827586206 0.14697406340057637 0.2206896551724138
1 0.45244956772334294 0.4517241379310345 0.09221902017291066 0.2
1 0.2478386167146974 0.5241379310344828 0.13256484149855907 0.15172413793103448
1 0.37175792507204614 0.4586206896551724 0.11527377521613832 0.296551724137931
1 0.21181556195965417 0.43103448275862066 0.20461095100864554 0.43448275862068964
1 0.260806916426513 0.1413793103448276 0.11239193083573487 0.2827586206896552
1 0.31988472622478387 0.42758620689655175 0.414985590778098 0.4413793103448276