1 0.8225190839694656 0.6770833333333334 0.10305343511450382 0.14583333333333334
1 0.7061068702290076 0.5703125 0.1297709923664122 0.19270833333333334
1 0.7118320610687023 0.703125 0.1717557251908397 0.16666666666666666
1 0.7767175572519084 0.8828125 0.24045801526717558 0.22395833333333334
1 0.5763358778625954 0.390625 0.11450381679389313 0.10416666666666667
1 0.6106870229007634 0.4661458333333333 0.04580152671755725 0.078125
1 0.6564885496183206 0.4348958333333333 0.04580152671755725 0.046875
1 0.6736641221374046 0.4791666666666667 0.04961832061068702 0.07291666666666667
1 0.7137404580152672 0.5026041666666666 0.03816793893129771 0.078125
1 0.7366412213740458 0.5208333333333334 0.030534351145038167 0.08333333333333333
1 0.7041984732824428 0.5729166666666666 0.12595419847328243 0.17708333333333334
1 0.6354961832061069 0.8072916666666666 0.13358778625954199 0.17708333333333334
1 0.6374045801526718 0.9140625 0.030534351145038167 0.046875
1 0.6297709923664122 0.96875 0.04580152671755725 0.052083333333333336
1 0.5877862595419847 0.9453125 0.07633587786259542 0.09895833333333333
1 0.5591603053435115 0.8567708333333334 0.08778625954198473 0.11979166666666667
1 0.5190839694656488 0.7395833333333334 0.09923664122137404 0.09375
1 0.549618320610687 0.7447916666666666 0.061068702290076333 0.0625
1 0.5324427480916031 0.7786458333333334 0.07251908396946564 0.06770833333333333
1 0.5362595419847328 0.875 0.07251908396946564 0.17708333333333334
1 0.4847328244274809 0.7942708333333334 0.03816793893129771 0.140625
1 0.3950381679389313 0.78125 0.12595419847328243 0.11458333333333333
1 0.44274809160305345 0.7682291666666666 0.03816793893129771 0.06770833333333333
1 0.4351145038167939 0.8567708333333334 0.09923664122137404 0.140625
1 0.4732824427480916 0.8619791666666666 0.04580152671755725 0.06770833333333333
1 0.4847328244274809 0.9427083333333334 0.06870229007633588 0.0625
1 0.4847328244274809 0.9713541666666666 0.1297709923664122 0.046875
1 0.3435114503816794 0.9036458333333334 0.16793893129770993 0.06770833333333333
1 0.30343511450381677 0.8828125 0.12595419847328243 0.109375
1 0.36259541984732824 0.859375 0.04580152671755725 0.03125
1 0.26908396946564883 0.84375 0.10305343511450382 0.07291666666666667
1 0.30725190839694655 0.8177083333333334 0.14122137404580154 0.052083333333333336
1 0.2767175572519084 0.7890625 0.21755725190839695 0.078125
1 0.2652671755725191 0.7317708333333334 0.08778625954198473 0.057291666666666664
1 0.22709923664122136 0.8880208333333334 0.0648854961832061 0.109375
1 0.21946564885496184 0.8359375 0.08015267175572519 0.057291666666666664
1 0.2748091603053435 0.8463541666666666 0.0916030534351145 0.046875
1 0.33587786259541985 0.9609375 0.16793893129770993 0.06770833333333333
1 0.49427480916030536 0.9791666666666666 0.10305343511450382 0.03125
1 0.22137404580152673 0.9817708333333334 0.05343511450381679 0.026041666666666668
1 0.17748091603053434 0.9375 0.07251908396946564 0.10416666666666667
1 0.14885496183206107 0.9557291666666666 0.061068702290076333 0.078125
1 0.15267175572519084 0.8541666666666666 0.05343511450381679 0.0625
1 0.1431297709923664 0.8072916666666666 0.05725190839694656 0.0625
1 0.1965648854961832 0.7552083333333334 0.04961832061068702 0.0625
1 0.20419847328244276 0.6979166666666666 0.04961832061068702 0.052083333333333336
1 0.16603053435114504 0.6875 0.03435114503816794 0.041666666666666664
1 0.16412213740458015 0.7369791666666666 0.04580152671755725 0.057291666666666664
1 0.12404580152671756 0.7005208333333334 0.04961832061068702 0.046875
1 0.11641221374045801 0.7552083333333334 0.05725190839694656 0.08333333333333333
1 0.08778625954198473 0.8046875 0.04580152671755725 0.057291666666666664
1 0.09923664122137404 0.859375 0.05343511450381679 0.08333333333333333
1 0.05343511450381679 0.7890625 0.04580152671755725 0.06770833333333333
1 0.05152671755725191 0.734375 0.026717557251908396 0.020833333333333332
1 0.08206106870229007 0.7473958333333334 0.03435114503816794 0.057291666666666664
1 0.07633587786259542 0.6354166666666666 0.15267175572519084 0.19791666666666666
1 0.25763358778625955 0.3671875 0.11068702290076336 0.13020833333333334
1 0.22519083969465647 0.2682291666666667 0.09923664122137404 0.057291666666666664
1 0.46564885496183206 0.23697916666666666 0.07633587786259542 0.06770833333333333
1 0.4713740458015267 0.296875 0.08778625954198473 0.11458333333333333
1 0.48282442748091603 0.328125 0.0648854961832061 0.08333333333333333
1 0.48854961832061067 0.4010416666666667 0.05343511450381679 0.041666666666666664
1 0.37404580152671757 0.28125 0.10687022900763359 0.041666666666666664
1 0.13740458015267176 0.3307291666666667 0.1297709923664122 0.2760416666666667
1 0.04961832061068702 0.3515625 0.09923664122137404 0.078125
1 0.04007633587786259 0.5286458333333334 0.08015267175572519 0.13020833333333334
1 0.3110687022900763 0.7395833333333334 0.026717557251908396 0.041666666666666664
1 0.3320610687022901 0.7109375 0.022900763358778626 0.036458333333333336
1 0.3568702290076336 0.7005208333333334 0.019083969465648856 0.026041666666666668
1 0.37595419847328243 0.7135416666666666 0.026717557251908396 0.03125
1 0.41030534351145037 0.7005208333333334 0.026717557251908396 0.026041666666666668
1 0.4312977099236641 0.6953125 0.015267175572519083 0.026041666666666668
1 0.4446564885496183 0.7109375 0.03435114503816794 0.026041666666666668
1 0.45610687022900764 0.6796875 0.026717557251908396 0.036458333333333336
1 0.4770992366412214 0.6822916666666666 0.022900763358778626 0.020833333333333332
1 0.49236641221374045 0.6848958333333334 0.015267175572519083 0.015625
1 0.5190839694656488 0.6979166666666666 0.03816793893129771 0.03125
1 0.5458015267175572 0.7135416666666666 0.022900763358778626 0.03125
1 0.5629770992366412 0.6953125 0.026717557251908396 0.036458333333333336
1 0.5858778625954199 0.7213541666666666 0.026717557251908396 0.036458333333333336
1 0.5992366412213741 0.6927083333333334 0.022900763358778626 0.03125
1 0.6087786259541985 0.7109375 0.026717557251908396 0.036458333333333336
1 0.601145038167939 0.6666666666666666 0.019083969465648856 0.03125
1 0.6221374045801527 0.6770833333333334 0.022900763358778626 0.03125
1 0.28435114503816794 0.7265625 0.019083969465648856 0.036458333333333336
1 0.30725190839694655 0.7057291666666666 0.026717557251908396 0.026041666666666668
1 0.26145038167938933 0.71875 0.011450381679389313 0.03125
1 0.2748091603053435 0.7005208333333334 0.022900763358778626 0.036458333333333336
1 0.29389312977099236 0.6614583333333334 0.022900763358778626 0.03125
1 0.31679389312977096 0.6614583333333334 0.022900763358778626 0.03125
1 0.33587786259541985 0.6536458333333334 0.015267175572519083 0.026041666666666668
1 0.3606870229007634 0.6770833333333334 0.026717557251908396 0.041666666666666664
1 0.42748091603053434 0.6458333333333334 0.030534351145038167 0.041666666666666664
1 0.45038167938931295 0.5625 0.022900763358778626 0.03125
1 0.4541984732824427 0.5989583333333334 0.022900763358778626 0.03125
1 0.5152671755725191 0.5572916666666666 0.022900763358778626 0.03125
1 0.36450381679389315 0.5546875 0.026717557251908396 0.036458333333333336
1 0.3244274809160305 0.5364583333333334 0.030534351145038167 0.041666666666666664
1 0.11259541984732824 0.5286458333333334 0.04198473282442748 0.036458333333333336
1 0.1450381679389313 0.546875 0.05343511450381679 0.0625
1 0.16412213740458015 0.5026041666666666 0.11450381679389313 0.078125
1 0.28053435114503816 0.4609375 0.14122137404580154 0.08854166666666667
1 0.35877862595419846 0.4348958333333333 0.12213740458015267 0.06770833333333333
1 0.38549618320610685 0.4739583333333333 0.16793893129770993 0.07291666666666667
1 0.4618320610687023 0.5677083333333334 0.07633587786259542 0.2604166666666667
1 0.5706106870229007 0.6067708333333334 0.23282442748091603 0.19270833333333334
1 0.5362595419847328 0.484375 0.07251908396946564 0.052083333333333336
1 0.4064885496183206 0.5859375 0.1183206106870229 0.234375
1 0.30343511450381677 0.5911458333333334 0.15648854961832062 0.21354166666666666
1 0.2633587786259542 0.59375 0.22137404580152673 0.14583333333333334