1 0.8204633204633205 0.7216494845360825 0.28957528957528955 0.29896907216494845
1 0.8861003861003861 0.37371134020618557 0.22007722007722008 0.39690721649484534
1 0.6216216216216216 0.4072164948453608 0.33976833976833976 0.4020618556701031
1 0.7702702702702703 0.16752577319587628 0.20463320463320464 0.22164948453608246
1 0.4362934362934363 0.23195876288659795 0.15444015444015444 0.20618556701030927
1 0.5308880308880309 0.13144329896907217 0.35135135135135137 0.26288659793814434
1 0.41312741312741313 0.5541237113402062 0.18532818532818532 0.27319587628865977
1 0.5463320463320464 0.788659793814433 0.27413127413127414 0.3917525773195876
1 0.28957528957528955 0.7422680412371134 0.23938223938223938 0.3402061855670103
1 0.3204633204633205 0.9278350515463918 0.277992277992278 0.13402061855670103
1 0.2413127413127413 0.47164948453608246 0.3667953667953668 0.4896907216494845
1 0.08108108108108109 0.49742268041237114 0.16216216216216217 0.9948453608247423
1 0.29343629343629346 0.1056701030927835 0.13127413127413126 0.20103092783505155
1 0.3687258687258687 0.04639175257731959 0.11969111969111969 0.09278350515463918
1 0.4362934362934363 0.010309278350515464 0.06177606177606178 0.020618556701030927
1 0.21235521235521235 0.1958762886597938 0.12355212355212356 0.15463917525773196
1 0.1138996138996139 0.2809278350515464 0.11969111969111969 0.18041237113402062
1 0.07528957528957529 0.33505154639175255 0.05791505791505792 0.17525773195876287
1 0.04826254826254826 0.17268041237113402 0.09652509652509653 0.11855670103092783
1 0.11776061776061776 0.08762886597938144 0.11969111969111969 0.09278350515463918
1 0.222007722007722 0.020618556701030927 0.0888030888030888 0.041237113402061855