1 0.8090277777777778 0.5942857142857143 0.14583333333333334 0.14857142857142858
1 0.90625 0.6628571428571428 0.0763888888888889 0.24
1 0.8333333333333334 0.44285714285714284 0.1111111111111111 0.14285714285714285
1 0.7621527777777778 0.46285714285714286 0.09375 0.10285714285714286
1 0.6840277777777778 0.5542857142857143 0.10416666666666667 0.16
1 0.7604166666666666 0.7257142857142858 0.24305555555555555 0.2057142857142857
1 0.4878472222222222 0.8028571428571428 0.08680555555555555 0.17714285714285713
1 0.4965277777777778 0.6314285714285715 0.09722222222222222 0.21142857142857144
1 0.5069444444444444 0.31142857142857144 0.09722222222222222 0.15428571428571428
1 0.5416666666666666 0.3742857142857143 0.09027777777777778 0.1657142857142857
1 0.4184027777777778 0.3171428571428571 0.059027777777777776 0.08571428571428572
1 0.1267361111111111 0.9285714285714286 0.07291666666666667 0.13142857142857142
1 0.7013888888888888 0.14285714285714285 0.0625 0.11428571428571428
1 0.75 0.20285714285714285 0.09027777777777778 0.15428571428571428
1 0.7777777777777778 0.10857142857142857 0.06944444444444445 0.12571428571428572
1 0.8159722222222222 0.18 0.0763888888888889 0.13142857142857142
1 0.8767361111111112 0.18 0.04513888888888889 0.07428571428571429
1 0.9097222222222222 0.17714285714285713 0.09027777777777778 0.09142857142857143
1 0.8854166666666666 0.25142857142857145 0.0763888888888889 0.08
1 0.8090277777777778 0.3342857142857143 0.05555555555555555 0.05142857142857143
1 0.7170138888888888 0.33714285714285713 0.09375 0.08
1 0.6319444444444444 0.3142857142857143 0.1388888888888889 0.21714285714285714
1 0.6267361111111112 0.14857142857142858 0.052083333333333336 0.10285714285714286
1 0.7482638888888888 0.06571428571428571 0.1284722222222222 0.08571428571428572
1 0.5138888888888888 0.10285714285714286 0.11805555555555555 0.11428571428571428
1 0.3576388888888889 0.42 0.041666666666666664 0.05142857142857143
1 0.4982638888888889 0.6428571428571429 0.9965277777777778 0.7028571428571428
1 0.6805555555555556 0.1457142857142857 0.6319444444444444 0.2914285714285714
1 0.22916666666666666 0.1657142857142857 0.2777777777777778 0.26285714285714284
1 0.03819444444444445 0.35714285714285715 0.0763888888888889 0.2