1 0.8659003831417624 0.7538860103626943 0.26053639846743293 0.35751295336787564
1 0.921455938697318 0.9533678756476683 0.14942528735632185 0.08290155440414508
1 0.7988505747126436 0.9093264248704663 0.11877394636015326 0.17098445595854922
1 0.896551724137931 0.5544041450777202 0.19923371647509577 0.20725388601036268
1 0.7432950191570882 0.38082901554404147 0.45977011494252873 0.46113989637305697
1 0.6111111111111112 0.39896373056994816 0.08812260536398467 0.12435233160621761
1 0.6743295019157088 0.5051813471502591 0.09961685823754789 0.11917098445595854
1 0.7222222222222222 0.6010362694300518 0.08812260536398467 0.11398963730569948
1 0.7547892720306514 0.6683937823834197 0.06130268199233716 0.08290155440414508
1 0.632183908045977 0.5906735751295337 0.09195402298850575 0.11398963730569948
1 0.5842911877394636 0.4948186528497409 0.08812260536398467 0.10880829015544041
1 0.6455938697318008 0.689119170984456 0.08045977011494253 0.06217616580310881
1 0.6954022988505747 0.7383419689119171 0.08045977011494253 0.07772020725388601
1 0.578544061302682 0.8186528497409327 0.5287356321839081 0.35233160621761656
1 0.735632183908046 0.9715025906735751 0.1532567049808429 0.046632124352331605
1 0.2739463601532567 0.7383419689119171 0.23371647509578544 0.3160621761658031
1 0.4827586206896552 0.6010362694300518 0.24521072796934865 0.19689119170984457
1 0.30268199233716475 0.45077720207253885 0.19923371647509577 0.35233160621761656
1 0.39080459770114945 0.3134715025906736 0.3524904214559387 0.37823834196891193
1 0.04597701149425287 0.2849740932642487 0.09195402298850575 0.3626943005181347
1 0.06513409961685823 0.15025906735751296 0.05363984674329502 0.07253886010362694
1 0.13793103448275862 0.14248704663212436 0.07662835249042145 0.08808290155440414
1 0.17624521072796934 0.21761658031088082 0.07662835249042145 0.10362694300518134
1 0.22030651340996169 0.22020725388601037 0.02681992337164751 0.06735751295336788
1 0.19731800766283525 0.2772020725388601 0.06513409961685823 0.046632124352331605
1 0.13793103448275862 0.32124352331606215 0.07662835249042145 0.10362694300518134
1 0.11685823754789272 0.22279792746113988 0.05747126436781609 0.09326424870466321
1 0.1360153256704981 0.4896373056994819 0.2720306513409962 0.40932642487046633
1 0.11494252873563218 0.8238341968911918 0.09195402298850575 0.12435233160621761
1 0.2260536398467433 0.8989637305699482 0.21455938697318008 0.19170984455958548
1 0.05747126436781609 0.9507772020725389 0.11494252873563218 0.08808290155440414
1 0.06896551724137931 0.8212435233160622 0.13793103448275862 0.3471502590673575