1 0.72 0.43989071038251365 0.2109090909090909 0.3224043715846995
1 0.7654545454545455 0.5136612021857924 0.3236363636363636 0.73224043715847
1 0.5672727272727273 0.6639344262295082 0.20363636363636364 0.3333333333333333
1 0.49636363636363634 0.8825136612021858 0.18545454545454546 0.22404371584699453
1 0.37636363636363634 0.7377049180327869 0.1781818181818182 0.24043715846994534
1 0.3709090909090909 0.5300546448087432 0.18181818181818182 0.28415300546448086
1 0.5272727272727272 0.4016393442622951 0.18181818181818182 0.3114754098360656
1 0.6563636363636364 0.16120218579234974 0.1781818181818182 0.3224043715846995
1 0.21818181818181817 0.5710382513661202 0.17454545454545456 0.2677595628415301
1 0.25272727272727274 0.34153005464480873 0.10545454545454545 0.21311475409836064
1 0.33090909090909093 0.3251366120218579 0.08 0.14754098360655737
1 0.38545454545454544 0.366120218579235 0.02181818181818182 0.04371584699453552
1 0.4509090909090909 0.34153005464480873 0.09454545454545454 0.18032786885245902
1 0.3890909090909091 0.2677595628415301 0.10181818181818182 0.15300546448087432
1 0.5236363636363637 0.2103825136612022 0.10909090909090909 0.09289617486338798
1 0.6018181818181818 0.09562841530054644 0.06909090909090909 0.14754098360655737
1 0.5290909090909091 0.09016393442622951 0.08363636363636363 0.14754098360655737
1 0.4690909090909091 0.12021857923497267 0.08727272727272728 0.16393442622950818
1 0.48545454545454547 0.02185792349726776 0.09818181818181818 0.04371584699453552
1 0.5727272727272728 0.01639344262295082 0.07636363636363637 0.03278688524590164
1 0.4072727272727273 0.1912568306010929 0.09454545454545454 0.09836065573770492
1 0.37636363636363634 0.09016393442622951 0.09818181818181818 0.14754098360655737
1 0.37636363636363634 0.01366120218579235 0.11272727272727273 0.0273224043715847
1 0.27090909090909093 0.06830601092896176 0.10545454545454545 0.12568306010928962
1 0.3018181818181818 0.20218579234972678 0.10181818181818182 0.14207650273224043
1 0.2636363636363636 0.27595628415300544 0.07636363636363637 0.09289617486338798
1 0.22545454545454546 0.1557377049180328 0.08727272727272728 0.15846994535519127
1 0.16545454545454547 0.2814207650273224 0.07636363636363637 0.14754098360655737
1 0.12 0.39617486338797814 0.07272727272727272 0.11475409836065574