1 0.04182509505703422 0.036458333333333336 0.08365019011406843 0.07291666666666667
1 0.03231939163498099 0.16145833333333334 0.06463878326996197 0.16666666666666666
1 0.06273764258555133 0.3046875 0.10266159695817491 0.234375
1 0.13878326996197718 0.3671875 0.09505703422053231 0.234375
1 0.03612167300380228 0.3958333333333333 0.07224334600760456 0.13541666666666666
1 0.06844106463878327 0.5755208333333334 0.13688212927756654 0.296875
1 0.2946768060836502 0.6015625 0.20152091254752852 0.171875
1 0.3650190114068441 0.7604166666666666 0.17490494296577946 0.16666666666666666
1 0.4448669201520912 0.6380208333333334 0.17490494296577946 0.296875
1 0.5874524714828897 0.609375 0.14068441064638784 0.28125
1 0.7281368821292775 0.4817708333333333 0.18631178707224336 0.265625
1 0.7813688212927756 0.3463541666666667 0.11026615969581749 0.19270833333333334
1 0.8878326996197718 0.3567708333333333 0.10266159695817491 0.16145833333333334
1 0.9334600760456274 0.2916666666666667 0.08745247148288973 0.17708333333333334
1 0.9486692015209125 0.1484375 0.09505703422053231 0.16145833333333334
1 0.973384030418251 0.028645833333333332 0.045627376425855515 0.057291666666666664
1 0.8326996197718631 0.14583333333333334 0.1444866920152091 0.19791666666666666
1 0.7091254752851711 0.20833333333333334 0.14068441064638784 0.20833333333333334
1 0.6444866920152091 0.046875 0.20912547528517111 0.09375
1 0.8022813688212928 0.033854166666666664 0.10646387832699619 0.06770833333333333
1 0.5855513307984791 0.21875 0.10646387832699619 0.21875
1 0.5722433460076045 0.4192708333333333 0.13307984790874525 0.234375
1 0.5171102661596958 0.421875 0.09885931558935361 0.16666666666666666
1 0.38783269961977185 0.2526041666666667 0.1444866920152091 0.203125
1 0.24714828897338403 0.140625 0.12927756653992395 0.2604166666666667
1 0.13688212927756654 0.10677083333333333 0.10646387832699619 0.171875
1 0.155893536121673 0.22395833333333334 0.06844106463878327 0.10416666666666667
1 0.24714828897338403 0.5078125 0.20532319391634982 0.234375
1 0.4049429657794677 0.390625 0.17110266159695817 0.21875
1 0.2661596958174905 0.328125 0.16730038022813687 0.13541666666666666
1 0.4011406844106464 0.11197916666666667 0.1634980988593156 0.22395833333333334
1 0.4866920152091255 0.07291666666666667 0.13688212927756654 0.14583333333333334