1 0.5421052631578948 0.0830188679245283 0.14736842105263157 0.1660377358490566
1 0.6842105263157895 0.14528301886792452 0.18947368421052632 0.29056603773584905
1 0.8473684210526315 0.13584905660377358 0.15789473684210525 0.27169811320754716
1 0.9526315789473684 0.12641509433962264 0.08421052631578947 0.2528301886792453
1 0.30526315789473685 0.07169811320754717 0.11578947368421053 0.14339622641509434
1 0.18421052631578946 0.10754716981132076 0.16842105263157894 0.21509433962264152
1 0.3868421052631579 0.02830188679245283 0.05789473684210526 0.04150943396226415
1 0.38421052631578945 0.007547169811320755 0.05263157894736842 0.01509433962264151
1 0.4421052631578947 0.007547169811320755 0.05263157894736842 0.01509433962264151
1 0.45263157894736844 0.026415094339622643 0.06315789473684211 0.03018867924528302
1 0.44473684210526315 0.07169811320754717 0.05789473684210526 0.045283018867924525
1 0.39210526315789473 0.07547169811320754 0.05789473684210526 0.045283018867924525
1 0.021052631578947368 0.11509433962264151 0.042105263157894736 0.033962264150943396
1 0.06315789473684211 0.11886792452830189 0.031578947368421054 0.018867924528301886
1 0.11842105263157894 0.1490566037735849 0.05789473684210526 0.026415094339622643
1 0.21842105263157896 0.22452830188679246 0.06842105263157895 0.08679245283018867
1 0.18421052631578946 0.22830188679245284 0.06315789473684211 0.07169811320754717
1 0.16578947368421051 0.23018867924528302 0.05789473684210526 0.0830188679245283
1 0.12894736842105264 0.22641509433962265 0.07894736842105263 0.0830188679245283
1 0.1 0.23018867924528302 0.07368421052631578 0.09056603773584905
1 0.08157894736842106 0.23018867924528302 0.06842105263157895 0.09056603773584905
1 0.02368421052631579 0.19433962264150945 0.03684210526315789 0.06415094339622641
1 0.013157894736842105 0.18867924528301888 0.02631578947368421 0.06792452830188679
1 0.05526315789473684 0.2528301886792453 0.05789473684210526 0.06037735849056604
1 0.03684210526315789 0.2622641509433962 0.07368421052631578 0.07924528301886792
1 0.02368421052631579 0.29245283018867924 0.04736842105263158 0.04905660377358491
1 0.8894736842105263 0.22641509433962265 0.05263157894736842 0.06792452830188679
1 0.9605263157894737 0.2962264150943396 0.06842105263157895 0.08679245283018867
1 0.9447368421052632 0.2981132075471698 0.08947368421052632 0.07547169811320754
1 0.9052631578947369 0.2981132075471698 0.10526315789473684 0.0830188679245283
1 0.8552631578947368 0.28867924528301886 0.07894736842105263 0.05660377358490566
1 0.7631578947368421 0.2943396226415094 0.09473684210526316 0.09056603773584905
1 0.8631578947368421 0.3320754716981132 0.06315789473684211 0.03773584905660377
1 0.8184210526315789 0.3471698113207547 0.03684210526315789 0.03018867924528302
1 0.7026315789473684 0.3132075471698113 0.05789473684210526 0.06037735849056604
1 0.7552631578947369 0.3660377358490566 0.1 0.052830188679245285
1 0.9710526315789474 0.3622641509433962 0.04736842105263158 0.052830188679245285
1 0.9315789473684211 0.3867924528301887 0.06315789473684211 0.05660377358490566
1 0.9657894736842105 0.4075471698113208 0.05789473684210526 0.052830188679245285
1 0.9815789473684211 0.45849056603773586 0.02631578947368421 0.033962264150943396
1 0.9552631578947368 0.4641509433962264 0.06842105263157895 0.052830188679245285
1 0.8894736842105263 0.4169811320754717 0.10526315789473684 0.07169811320754717
1 0.8763157894736842 0.35660377358490564 0.06842105263157895 0.07169811320754717
1 0.7657894736842106 0.3641509433962264 0.07894736842105263 0.04905660377358491
1 0.8236842105263158 0.40943396226415096 0.05789473684210526 0.04150943396226415
1 0.781578947368421 0.4 0.015789473684210527 0.022641509433962263
1 0.7605263157894737 0.4056603773584906 0.02631578947368421 0.018867924528301886
1 0.7315789473684211 0.4056603773584906 0.031578947368421054 0.018867924528301886
1 0.6973684210526315 0.4075471698113208 0.04736842105263158 0.022641509433962263
1 0.7052631578947368 0.42452830188679247 0.042105263157894736 0.018867924528301886
1 0.7421052631578947 0.42452830188679247 0.031578947368421054 0.018867924528301886
1 0.7657894736842106 0.4207547169811321 0.02631578947368421 0.018867924528301886
1 0.7894736842105263 0.4226415094339623 0.021052631578947368 0.01509433962264151
1 0.7131578947368421 0.44528301886792454 0.02631578947368421 0.01509433962264151
1 0.7473684210526316 0.44716981132075473 0.031578947368421054 0.011320754716981131
1 0.7684210526315789 0.439622641509434 0.031578947368421054 0.011320754716981131
1 0.8 0.4358490566037736 0.031578947368421054 0.011320754716981131
1 0.6894736842105263 0.47358490566037736 0.05263157894736842 0.026415094339622643
1 0.6763157894736842 0.4547169811320755 0.03684210526315789 0.018867924528301886
1 0.7210526315789474 0.47547169811320755 0.042105263157894736 0.022641509433962263
1 0.7552631578947369 0.4679245283018868 0.03684210526315789 0.022641509433962263
1 0.7842105263157895 0.4679245283018868 0.042105263157894736 0.03018867924528302
1 0.8236842105263158 0.4641509433962264 0.04736842105263158 0.03018867924528302
1 0.8657894736842106 0.4528301886792453 0.03684210526315789 0.022641509433962263
1 0.9 0.4679245283018868 0.031578947368421054 0.022641509433962263
1 0.8710526315789474 0.47924528301886793 0.02631578947368421 0.022641509433962263
1 0.8421052631578947 0.4830188679245283 0.031578947368421054 0.022641509433962263
1 0.8447368421052631 0.5 0.02631578947368421 0.018867924528301886
1 0.8710526315789474 0.5 0.03684210526315789 0.018867924528301886
1 0.9105263157894737 0.4981132075471698 0.042105263157894736 0.022641509433962263
1 0.9657894736842105 0.5150943396226415 0.05789473684210526 0.033962264150943396
1 0.7447368421052631 0.5150943396226415 0.18421052631578946 0.06415094339622641
1 0.968421052631579 0.9679245283018868 0.05263157894736842 0.04905660377358491
1 0.9736842105263158 0.9226415094339623 0.042105263157894736 0.033962264150943396
1 0.9184210526315789 0.9245283018867925 0.05789473684210526 0.03018867924528302
1 0.9526315789473684 0.8981132075471698 0.05263157894736842 0.03773584905660377
1 0.9263157894736842 0.869811320754717 0.05263157894736842 0.026415094339622643
1 0.9605263157894737 0.8641509433962264 0.03684210526315789 0.03018867924528302
1 0.9815789473684211 0.8754716981132076 0.02631578947368421 0.03018867924528302
1 0.9736842105263158 0.8320754716981132 0.021052631578947368 0.018867924528301886
1 0.9789473684210527 0.8207547169811321 0.031578947368421054 0.011320754716981131
1 0.9421052631578948 0.8377358490566038 0.042105263157894736 0.03018867924528302
1 0.9447368421052632 0.8132075471698114 0.03684210526315789 0.018867924528301886
1 0.9368421052631579 0.8056603773584906 0.042105263157894736 0.018867924528301886
1 0.9 0.8283018867924529 0.042105263157894736 0.026415094339622643
1 0.9026315789473685 0.8018867924528302 0.03684210526315789 0.018867924528301886
1 0.8631578947368421 0.7924528301886793 0.031578947368421054 0.022641509433962263
1 0.8657894736842106 0.7735849056603774 0.02631578947368421 0.01509433962264151
1 0.8289473684210527 0.7735849056603774 0.03684210526315789 0.01509433962264151
1 0.8315789473684211 0.7905660377358491 0.042105263157894736 0.018867924528301886
1 0.7868421052631579 0.7773584905660378 0.04736842105263158 0.03773584905660377
1 0.8947368421052632 0.8773584905660378 0.07368421052631578 0.07169811320754717
1 0.8184210526315789 0.8207547169811321 0.11052631578947368 0.06415094339622641
1 0.7368421052631579 0.8320754716981132 0.1368421052631579 0.05660377358490566
1 0.8210526315789474 0.8716981132075472 0.06315789473684211 0.045283018867924525
1 0.7578947368421053 0.8905660377358491 0.09473684210526316 0.045283018867924525
1 0.6447368421052632 0.8716981132075472 0.08947368421052632 0.09811320754716982
1 0.6473684210526316 0.9641509433962264 0.09473684210526316 0.06415094339622641
1 0.5736842105263158 0.969811320754717 0.10526315789473684 0.052830188679245285
1 0.5684210526315789 0.869811320754717 0.10526315789473684 0.1320754716981132
1 0.48157894736842105 0.8924528301886793 0.1 0.1169811320754717
1 0.4131578947368421 0.9490566037735849 0.1 0.09433962264150944
1 0.5052631578947369 0.9754716981132076 0.08421052631578947 0.04150943396226415
1 0.39473684210526316 0.9716981132075472 0.11578947368421053 0.04905660377358491
1 0.26842105263157895 0.9528301886792453 0.09473684210526316 0.07924528301886792
1 0.22894736842105262 0.9773584905660377 0.12105263157894737 0.03773584905660377
1 0.3447368421052632 0.960377358490566 0.06842105263157895 0.07169811320754717
1 0.07368421052631578 0.9660377358490566 0.1368421052631579 0.06037735849056604
1 0.16578947368421051 0.9433962264150944 0.11052631578947368 0.03018867924528302
1 0.20789473684210527 0.9 0.1 0.04905660377358491
1 0.13421052631578947 0.8754716981132076 0.07894736842105263 0.09056603773584905
1 0.042105263157894736 0.9056603773584906 0.07368421052631578 0.03773584905660377
1 0.06578947368421052 0.930188679245283 0.11052631578947368 0.06415094339622641
1 0.05 0.8452830188679246 0.1 0.09056603773584905
1 0.12894736842105264 0.8188679245283019 0.04736842105263158 0.03018867924528302
1 0.16052631578947368 0.8075471698113208 0.06842105263157895 0.06792452830188679
1 0.1763157894736842 0.8603773584905661 0.06842105263157895 0.06792452830188679
1 0.07631578947368421 0.7490566037735849 0.11052631578947368 0.1169811320754717
1 0.1736842105263158 0.7377358490566037 0.1368421052631579 0.07169811320754717
1 0.26842105263157895 0.7075471698113207 0.10526315789473684 0.08679245283018867
1 0.26052631578947366 0.6433962264150943 0.08947368421052632 0.04150943396226415
1 0.3131578947368421 0.6830188679245283 0.06842105263157895 0.06792452830188679
1 0.16578947368421051 0.6660377358490566 0.12105263157894737 0.06415094339622641
1 0.10263157894736842 0.6924528301886792 0.06842105263157895 0.04150943396226415
1 0.04736842105263158 0.6735849056603773 0.09473684210526316 0.05660377358490566
1 0.034210526315789476 0.7132075471698113 0.06842105263157895 0.045283018867924525
1 0.26052631578947366 0.4830188679245283 0.1 0.06037735849056604
1 0.3631578947368421 0.4830188679245283 0.10526315789473684 0.06037735849056604
1 0.40789473684210525 0.5283018867924528 0.08947368421052632 0.06037735849056604
1 0.3236842105263158 0.530188679245283 0.08947368421052632 0.04905660377358491
1 0.3684210526315789 0.5547169811320755 0.05263157894736842 0.022641509433962263
1 0.20526315789473684 0.5226415094339623 0.07368421052631578 0.05660377358490566
1 0.2631578947368421 0.5433962264150943 0.08421052631578947 0.052830188679245285
1 0.3078947368421053 0.5773584905660377 0.05789473684210526 0.03773584905660377
1 0.3605263157894737 0.5830188679245283 0.05789473684210526 0.033962264150943396
1 0.3473684210526316 0.6113207547169811 0.05263157894736842 0.03018867924528302
1 0.30526315789473685 0.6169811320754717 0.05263157894736842 0.033962264150943396
1 0.3473684210526316 0.6509433962264151 0.05263157894736842 0.033962264150943396
1 0.3894736842105263 0.6377358490566037 0.05263157894736842 0.03018867924528302
1 0.39210526315789473 0.6056603773584905 0.03684210526315789 0.018867924528301886
1 0.24210526315789474 0.6150943396226415 0.06315789473684211 0.03773584905660377
1 0.2578947368421053 0.5867924528301887 0.06315789473684211 0.033962264150943396
1 0.21052631578947367 0.5754716981132075 0.06315789473684211 0.04150943396226415
1 0.19473684210526315 0.6094339622641509 0.06315789473684211 0.033962264150943396
1 0.15263157894736842 0.5641509433962264 0.05263157894736842 0.026415094339622643
1 0.12631578947368421 0.6188679245283019 0.07368421052631578 0.03773584905660377
1 0.14473684210526316 0.5943396226415094 0.03684210526315789 0.011320754716981131
1 0.11052631578947368 0.5849056603773585 0.06315789473684211 0.03018867924528302
1 0.05 0.6113207547169811 0.05789473684210526 0.03773584905660377
1 0.07368421052631578 0.6415094339622641 0.06315789473684211 0.03773584905660377
1 0.010526315789473684 0.620754716981132 0.021052631578947368 0.04150943396226415
1 0.013157894736842105 0.5773584905660377 0.02631578947368421 0.03773584905660377
1 0.05263157894736842 0.569811320754717 0.06315789473684211 0.03773584905660377
1 0.1 0.5528301886792453 0.05263157894736842 0.026415094339622643
1 0.02894736842105263 0.5415094339622641 0.05789473684210526 0.04150943396226415
1 0.49736842105263157 0.8 0.05789473684210526 0.045283018867924525
1 0.5342105263157895 0.8245283018867925 0.04736842105263158 0.026415094339622643
1 0.5657894736842105 0.7962264150943397 0.07894736842105263 0.052830188679245285
1 0.6131578947368421 0.8226415094339623 0.06842105263157895 0.03018867924528302
1 0.6578947368421053 0.8150943396226416 0.06315789473684211 0.03773584905660377
1 0.6973684210526315 0.8 0.05789473684210526 0.045283018867924525
1 0.7105263157894737 0.7830188679245284 0.05263157894736842 0.026415094339622643
1 0.6157894736842106 0.7811320754716982 0.06315789473684211 0.03018867924528302
1 0.5710526315789474 0.7981132075471699 0.05789473684210526 0.04905660377358491
1 0.6578947368421053 0.7679245283018868 0.05263157894736842 0.033962264150943396
1 0.6 0.7452830188679245 0.05263157894736842 0.033962264150943396
1 0.5868421052631579 0.7132075471698113 0.04736842105263158 0.03018867924528302
1 0.5842105263157895 0.6943396226415094 0.042105263157894736 0.022641509433962263
1 0.5763157894736842 0.6754716981132075 0.02631578947368421 0.01509433962264151
1 0.531578947368421 0.6716981132075471 0.05263157894736842 0.022641509433962263
1 0.5289473684210526 0.6962264150943396 0.07894736842105263 0.026415094339622643
1 0.5 0.660377358490566 0.05263157894736842 0.022641509433962263
1 0.4631578947368421 0.7018867924528301 0.05263157894736842 0.022641509433962263
1 0.4868421052631579 0.720754716981132 0.04736842105263158 0.03018867924528302
1 0.5394736842105263 0.7264150943396226 0.06842105263157895 0.04150943396226415
1 0.5368421052631579 0.7660377358490567 0.06315789473684211 0.03773584905660377
1 0.4921052631578947 0.7584905660377359 0.05789473684210526 0.03018867924528302
1 0.44473684210526315 0.7924528301886793 0.06842105263157895 0.03018867924528302
1 0.4342105263157895 0.7396226415094339 0.06842105263157895 0.052830188679245285
1 0.3894736842105263 0.7622641509433963 0.042105263157894736 0.03773584905660377
1 0.7342105263157894 0.7018867924528301 0.06842105263157895 0.052830188679245285
1 0.6736842105263158 0.7056603773584905 0.05263157894736842 0.03773584905660377
1 0.6263157894736842 0.6792452830188679 0.05263157894736842 0.07547169811320754
1 0.6921052631578948 0.7396226415094339 0.1 0.03018867924528302
1 0.5789473684210527 0.6547169811320754 0.042105263157894736 0.026415094339622643
1 0.8263157894736842 0.7113207547169811 0.06315789473684211 0.04905660377358491
1 0.8236842105263158 0.7471698113207547 0.06842105263157895 0.03018867924528302
1 0.8736842105263158 0.7415094339622641 0.042105263157894736 0.033962264150943396
1 0.9026315789473685 0.7716981132075472 0.05789473684210526 0.04150943396226415
1 0.7736842105263158 0.6886792452830188 0.05263157894736842 0.04905660377358491
1 0.7710526315789473 0.6547169811320754 0.06842105263157895 0.04150943396226415
1 0.7052631578947368 0.6660377358490566 0.07368421052631578 0.04150943396226415
1 0.7026315789473684 0.6358490566037736 0.04736842105263158 0.026415094339622643
1 0.6526315789473685 0.6509433962264151 0.031578947368421054 0.018867924528301886
1 0.33157894736842103 0.7716981132075472 0.09473684210526316 0.05660377358490566
1 0.36578947368421055 0.7226415094339622 0.07894736842105263 0.033962264150943396
1 0.40789473684210525 0.6811320754716981 0.12105263157894737 0.05660377358490566
1 0.4342105263157895 0.620754716981132 0.04736842105263158 0.05660377358490566
1 0.46578947368421053 0.6358490566037736 0.04736842105263158 0.026415094339622643
1 0.5131578947368421 0.6132075471698113 0.03684210526315789 0.026415094339622643
1 0.5184210526315789 0.6415094339622641 0.04736842105263158 0.022641509433962263
1 0.5578947368421052 0.6283018867924528 0.05263157894736842 0.033962264150943396
1 0.6 0.6264150943396226 0.031578947368421054 0.022641509433962263
1 0.5131578947368421 0.6056603773584905 0.04736842105263158 0.04150943396226415
1 0.4789473684210526 0.5886792452830188 0.042105263157894736 0.03018867924528302
1 0.47368421052631576 0.5641509433962264 0.05263157894736842 0.018867924528301886
1 0.5131578947368421 0.5773584905660377 0.04736842105263158 0.03018867924528302
1 0.5657894736842105 0.5943396226415094 0.04736842105263158 0.04150943396226415
1 0.6105263157894737 0.6018867924528302 0.042105263157894736 0.033962264150943396
1 0.6236842105263158 0.5830188679245283 0.03684210526315789 0.033962264150943396
1 0.6526315789473685 0.6037735849056604 0.042105263157894736 0.03018867924528302
1 0.6421052631578947 0.6283018867924528 0.042105263157894736 0.026415094339622643
1 0.6947368421052632 0.6226415094339622 0.06315789473684211 0.03773584905660377
1 0.7421052631578947 0.6056603773584905 0.031578947368421054 0.018867924528301886
1 0.7684210526315789 0.620754716981132 0.042105263157894736 0.026415094339622643
1 0.8105263157894737 0.6283018867924528 0.042105263157894736 0.04150943396226415
1 0.8578947368421053 0.6415094339622641 0.05263157894736842 0.03018867924528302
1 0.8210526315789474 0.6641509433962264 0.031578947368421054 0.03018867924528302
1 0.868421052631579 0.6811320754716981 0.05263157894736842 0.033962264150943396
1 0.9210526315789473 0.7056603773584905 0.05263157894736842 0.045283018867924525
1 0.95 0.6867924528301886 0.04736842105263158 0.03773584905660377
1 0.9842105263157894 0.6943396226415094 0.021052631578947368 0.03773584905660377
1 0.9578947368421052 0.7150943396226415 0.042105263157894736 0.018867924528301886
1 0.9157894736842105 0.7377358490566037 0.042105263157894736 0.026415094339622643
1 0.9736842105263158 0.6528301886792452 0.042105263157894736 0.03018867924528302
1 0.9763157894736842 0.6283018867924528 0.03684210526315789 0.018867924528301886
1 0.9394736842105263 0.6396226415094339 0.03684210526315789 0.018867924528301886
1 0.9447368421052632 0.6169811320754717 0.04736842105263158 0.011320754716981131
1 0.9368421052631579 0.6018867924528302 0.031578947368421054 0.011320754716981131
1 0.9236842105263158 0.6641509433962264 0.06842105263157895 0.03773584905660377
1 0.8973684210526316 0.6339622641509434 0.03684210526315789 0.03018867924528302
1 0.8578947368421053 0.6094339622641509 0.05263157894736842 0.04150943396226415
1 0.9052631578947369 0.6075471698113207 0.031578947368421054 0.01509433962264151
1 0.9578947368421052 0.5849056603773585 0.031578947368421054 0.022641509433962263
1 0.9105263157894737 0.5490566037735849 0.042105263157894736 0.018867924528301886
1 0.8868421052631579 0.5830188679245283 0.03684210526315789 0.026415094339622643
1 0.9236842105263158 0.5792452830188679 0.03684210526315789 0.026415094339622643
1 0.8473684210526315 0.5849056603773585 0.031578947368421054 0.007547169811320755
1 0.7894736842105263 0.5962264150943396 0.031578947368421054 0.01509433962264151
1 0.8184210526315789 0.5924528301886792 0.02631578947368421 0.01509433962264151
1 0.7894736842105263 0.5773584905660377 0.042105263157894736 0.03018867924528302
1 0.8210526315789474 0.569811320754717 0.031578947368421054 0.022641509433962263
1 0.8552631578947368 0.5679245283018868 0.03684210526315789 0.026415094339622643
1 0.8763157894736842 0.5566037735849056 0.02631578947368421 0.018867924528301886
1 0.8578947368421053 0.5433962264150943 0.031578947368421054 0.022641509433962263
1 0.8210526315789474 0.5490566037735849 0.042105263157894736 0.018867924528301886
1 0.781578947368421 0.5509433962264151 0.03684210526315789 0.01509433962264151
1 0.7552631578947369 0.5566037735849056 0.02631578947368421 0.026415094339622643
1 0.7236842105263158 0.5641509433962264 0.03684210526315789 0.026415094339622643
1 0.6921052631578948 0.5622641509433962 0.02631578947368421 0.01509433962264151
1 0.6763157894736842 0.5716981132075472 0.03684210526315789 0.018867924528301886
1 0.7078947368421052 0.5849056603773585 0.02631578947368421 0.022641509433962263
1 0.5763157894736842 0.5584905660377358 0.04736842105263158 0.03018867924528302
1 0.6157894736842106 0.5452830188679245 0.06315789473684211 0.026415094339622643
1 0.6394736842105263 0.5226415094339623 0.06842105263157895 0.04150943396226415
1 0.5815789473684211 0.5169811320754717 0.04736842105263158 0.022641509433962263
1 0.5605263157894737 0.5433962264150943 0.05789473684210526 0.03773584905660377
1 0.5078947368421053 0.5471698113207547 0.05789473684210526 0.03018867924528302
1 0.46578947368421053 0.5433962264150943 0.03684210526315789 0.022641509433962263
1 0.5105263157894737 0.5245283018867924 0.06315789473684211 0.022641509433962263
1 0.5210526315789473 0.5245283018867924 0.06315789473684211 0
1 0.5578947368421052 0.4981132075471698 0.05263157894736842 0.022641509433962263
1 0.5842105263157895 0.49245283018867925 0.031578947368421054 0.026415094339622643
1 0.5026315789473684 0.49433962264150944 0.06842105263157895 0.03773584905660377
1 0.6105263157894737 0.4867924528301887 0.08421052631578947 0.03773584905660377
1 0.44473684210526315 0.49056603773584906 0.06842105263157895 0.07547169811320754
1 0.32105263157894737 0.4018867924528302 0.22105263157894736 0.1169811320754717
1 0.49736842105263157 0.42641509433962266 0.14210526315789473 0.10566037735849057
1 0.4921052631578947 0.3471698113207547 0.08947368421052632 0.0830188679245283
1 0.5052631578947369 0.30377358490566037 0.07368421052631578 0.05660377358490566
1 0.5631578947368421 0.3169811320754717 0.042105263157894736 0.03773584905660377
1 0.5631578947368421 0.29056603773584905 0.042105263157894736 0.03018867924528302
1 0.35526315789473684 0.33584905660377357 0.21578947368421053 0.12830188679245283
1 0.37105263157894736 0.2679245283018868 0.19473684210526315 0.0830188679245283
1 0.2236842105263158 0.330188679245283 0.07894736842105263 0.07169811320754717
1 0.17894736842105263 0.33773584905660375 0.06315789473684211 0.04905660377358491
1 0.13421052631578947 0.3339622641509434 0.05789473684210526 0.05660377358490566
1 0.19473684210526315 0.38301886792452833 0.031578947368421054 0.026415094339622643
1 0.16578947368421051 0.37924528301886795 0.02631578947368421 0.018867924528301886
1 0.14210526315789473 0.37735849056603776 0.031578947368421054 0.022641509433962263
1 0.11315789473684211 0.38113207547169814 0.03684210526315789 0.022641509433962263
1 0.0868421052631579 0.4056603773584906 0.07894736842105263 0.026415094339622643
1 0.1763157894736842 0.4188679245283019 0.03684210526315789 0.022641509433962263
1 0.15 0.4056603773584906 0.03684210526315789 0.018867924528301886
1 0.10526315789473684 0.42641509433962266 0.042105263157894736 0.022641509433962263
1 0.06315789473684211 0.4226415094339623 0.031578947368421054 0.03018867924528302
1 0.06578947368421052 0.5207547169811321 0.03684210526315789 0.022641509433962263
1 0.09473684210526316 0.5264150943396226 0.031578947368421054 0.026415094339622643
1 0.14736842105263157 0.5018867924528302 0.07368421052631578 0.0830188679245283
1 0.19736842105263158 0.47547169811320755 0.03684210526315789 0.03773584905660377
1 0.19473684210526315 0.4490566037735849 0.042105263157894736 0.022641509433962263
1 0.15789473684210525 0.44528301886792454 0.031578947368421054 0.03018867924528302
1 0.12368421052631579 0.44716981132075473 0.04736842105263158 0.026415094339622643
1 0.12631578947368421 0.4716981132075472 0.05263157894736842 0.03018867924528302
1 0.10526315789473684 0.49245283018867925 0.031578947368421054 0.018867924528301886
1 0.06842105263157895 0.4962264150943396 0.031578947368421054 0.018867924528301886
1 0.034210526315789476 0.5 0.02631578947368421 0.018867924528301886
1 0.010526315789473684 0.49433962264150944 0.021052631578947368 0.01509433962264151
1 0.015789473684210527 0.469811320754717 0.031578947368421054 0.026415094339622643
1 0.05 0.4716981132075472 0.02631578947368421 0.022641509433962263
1 0.07894736842105263 0.4716981132075472 0.031578947368421054 0.03018867924528302
1 0.05263157894736842 0.4509433962264151 0.10526315789473684 0.018867924528301886
1 0.5526315789473685 0.3867924528301887 0.031578947368421054 0.026415094339622643
1 0.5815789473684211 0.3849056603773585 0.03684210526315789 0.022641509433962263
1 0.5473684210526316 0.360377358490566 0.042105263157894736 0.026415094339622643
1 0.5394736842105263 0.33584905660377357 0.04736842105263158 0.01509433962264151
1 0.5763157894736842 0.3433962264150943 0.02631578947368421 0.022641509433962263
1 0.6157894736842106 0.3641509433962264 0.042105263157894736 0.018867924528301886
1 0.6526315789473685 0.3660377358490566 0.031578947368421054 0.022641509433962263
1 0.6815789473684211 0.360377358490566 0.03684210526315789 0.026415094339622643
1 0.618421052631579 0.3867924528301887 0.03684210526315789 0.018867924528301886
1 0.6552631578947369 0.3867924528301887 0.02631578947368421 0.018867924528301886
1 0.5815789473684211 0.40943396226415096 0.03684210526315789 0.018867924528301886
1 0.6157894736842106 0.40943396226415096 0.031578947368421054 0.026415094339622643
1 0.6473684210526316 0.4075471698113208 0.031578947368421054 0.022641509433962263
1 0.5868421052631579 0.4377358490566038 0.03684210526315789 0.022641509433962263
1 0.618421052631579 0.4339622641509434 0.02631578947368421 0.022641509433962263
1 0.6447368421052632 0.43018867924528303 0.02631578947368421 0.01509433962264151
1 0.5842105263157895 0.46037735849056605 0.031578947368421054 0.01509433962264151
1 0.6236842105263158 0.45849056603773586 0.03684210526315789 0.026415094339622643
1 0.6473684210526316 0.4528301886792453 0.031578947368421054 0.022641509433962263