1 0.20876288659793815 0.8532818532818532 0.4175257731958763 0.2857142857142857
1 0.04639175257731959 0.9691119691119691 0.09278350515463918 0.05405405405405406
1 0.8711340206185567 0.9768339768339769 0.24742268041237114 0.03861003861003861
1 0.8324742268041238 0.7895752895752896 0.3247422680412371 0.3436293436293436
1 0.9201030927835051 0.4749034749034749 0.14948453608247422 0.37065637065637064
1 0.6855670103092784 0.5154440154440154 0.5670103092783505 0.26640926640926643
1 0.3324742268041237 0.694980694980695 0.3247422680412371 0.23166023166023167
1 0.8298969072164949 0.3088803088803089 0.32989690721649484 0.2471042471042471
1 0.9484536082474226 0.15637065637065636 0.09278350515463918 0.09652509652509653
1 0.5747422680412371 0.305019305019305 0.28350515463917525 0.22393822393822393
1 0.7912371134020618 0.12355212355212356 0.4072164948453608 0.2471042471042471
1 0.7963917525773195 0.10810810810810811 0.10824742268041238 0.12355212355212356
1 0.7474226804123711 0.03667953667953668 0.2268041237113402 0.07335907335907337
1 0.5 0.10810810810810811 0.28865979381443296 0.21621621621621623
1 0.18556701030927836 0.21235521235521235 0.3711340206185567 0.1776061776061776
1 0.19072164948453607 0.42857142857142855 0.38144329896907214 0.22393822393822393
1 0.42783505154639173 0.3474903474903475 0.15463917525773196 0.14671814671814673
1 0.3247422680412371 0.02702702702702703 0.6391752577319587 0.05405405405405406