1 0.48841698841698844 0.3402061855670103 0.35135135135135137 0.4948453608247423
1 0.3416988416988417 0.3118556701030928 0.28185328185328185 0.5412371134020618
1 0.7934362934362934 0.26288659793814434 0.18146718146718147 0.18556701030927836
1 0.8513513513513513 0.3917525773195876 0.16602316602316602 0.16494845360824742
1 0.9613899613899614 0.4329896907216495 0.0694980694980695 0.18556701030927836
1 0.8416988416988417 0.5644329896907216 0.3088803088803089 0.33505154639175255
1 0.7857142857142857 0.711340206185567 0.1274131274131274 0.23711340206185566
1 0.7355212355212355 0.5463917525773195 0.16602316602316602 0.12371134020618557
1 0.6795366795366795 0.7680412371134021 0.15444015444015444 0.14432989690721648
1 0.5984555984555985 0.6494845360824743 0.12355212355212356 0.17525773195876287
1 0.6795366795366795 0.6365979381443299 0.03861003861003861 0.10824742268041238
1 0.6698841698841699 0.22422680412371135 0.17374517374517376 0.27319587628865977
1 0.9478764478764479 0.31443298969072164 0.09652509652509653 0.10309278350515463
1 0.528957528957529 0.17268041237113402 0.23938223938223938 0.15979381443298968
1 0.5463320463320464 0.059278350515463915 0.08108108108108109 0.0979381443298969
1 0.25868725868725867 0.5283505154639175 0.13127413127413126 0.18041237113402062
1 0.2972972972972973 0.7036082474226805 0.138996138996139 0.15979381443298968
1 0.4362934362934363 0.7216494845360825 0.16216216216216217 0.27835051546391754
1 0.5540540540540541 0.7680412371134021 0.1274131274131274 0.18556701030927836
1 0.14478764478764478 0.5927835051546392 0.05791505791505792 0.17525773195876287
1 0.1891891891891892 0.5902061855670103 0.10038610038610038 0.14948453608247422
1 0.1833976833976834 0.48195876288659795 0.05019305019305019 0.0979381443298969
1 0.09652509652509653 0.5128865979381443 0.12355212355212356 0.23195876288659795
1 0.17953667953667954 0.3402061855670103 0.06563706563706563 0.12371134020618557
1 0.21621621621621623 0.42010309278350516 0.03861003861003861 0.06701030927835051
1 0.11969111969111969 0.36597938144329895 0.08494208494208494 0.09278350515463918
1 0.11583011583011583 0.2809278350515464 0.05405405405405406 0.07731958762886598
1 0.16795366795366795 0.24484536082474226 0.06563706563706563 0.04639175257731959
1 0.03861003861003861 0.36597938144329895 0.07722007722007722 0.08247422680412371
1 0.03088803088803089 0.4587628865979381 0.04633204633204633 0.10309278350515463