1 0.14478764478764478 0.04381443298969072 0.25868725868725867 0.08762886597938144
1 0.23745173745173745 0.10824742268041238 0.1891891891891892 0.21649484536082475
1 0.08108108108108109 0.2757731958762887 0.15444015444015444 0.22164948453608246
1 0.0694980694980695 0.12886597938144329 0.138996138996139 0.2268041237113402
1 0.3783783783783784 0.14432989690721648 0.16988416988416988 0.15463917525773196
1 0.4864864864864865 0.29381443298969073 0.2084942084942085 0.28865979381443296
1 0.24517374517374518 0.422680412371134 0.305019305019305 0.3402061855670103
1 0.3416988416988417 0.6056701030927835 0.38996138996138996 0.42783505154639173
1 0.055984555984555984 0.47680412371134023 0.11196911196911197 0.26288659793814434
1 0.11003861003861004 0.8041237113402062 0.22007722007722008 0.3711340206185567
1 0.5405405405405406 0.8402061855670103 0.47876447876447875 0.30927835051546393
1 0.7277992277992278 0.6855670103092784 0.40540540540540543 0.6082474226804123
1 0.5482625482625483 0.13144329896907217 0.1776061776061776 0.26288659793814434
1 0.6853281853281853 0.23195876288659795 0.18146718146718147 0.3402061855670103
1 0.888030888030888 0.38917525773195877 0.21621621621621623 0.6030927835051546
1 0.9227799227799228 0.07474226804123711 0.14671814671814673 0.14948453608247422
1 0.7355212355212355 0.06443298969072164 0.21235521235521235 0.12886597938144329