1 0.09057971014492754 0.7513661202185792 0.057971014492753624 0.10382513661202186
1 0.1431159420289855 0.8278688524590164 0.06159420289855073 0.08196721311475409
1 0.1721014492753623 0.7814207650273224 0.06884057971014493 0.09836065573770492
1 0.24094202898550723 0.7568306010928961 0.12681159420289856 0.14754098360655737
1 0.2807971014492754 0.7704918032786885 0.06884057971014493 0.09836065573770492
1 0.23369565217391305 0.8852459016393442 0.11231884057971014 0.16393442622950818
1 0.19202898550724637 0.907103825136612 0.07246376811594203 0.09836065573770492
1 0.1286231884057971 0.8497267759562842 0.06884057971014493 0.15846994535519127
1 0.20652173913043478 0.9590163934426229 0.08695652173913043 0.07103825136612021
1 0.266304347826087 0.9371584699453552 0.06159420289855073 0.11475409836065574
1 0.3278985507246377 0.8715846994535519 0.08333333333333333 0.2459016393442623
1 0.35507246376811596 0.9316939890710383 0.057971014492753624 0.07103825136612021
1 0.4166666666666667 0.9289617486338798 0.18840579710144928 0.13114754098360656
1 0.4492753623188406 0.8852459016393442 0.14492753623188406 0.15300546448087432
1 0.4438405797101449 0.7923497267759563 0.11231884057971014 0.13114754098360656
1 0.4673913043478261 0.680327868852459 0.10869565217391304 0.09289617486338798
1 0.45108695652173914 0.6366120218579235 0.07608695652173914 0.060109289617486336
1 0.5253623188405797 0.6120218579234973 0.12318840579710146 0.06557377049180328
1 0.6268115942028986 0.5819672131147541 0.14492753623188406 0.07103825136612021
1 0.7318840579710145 0.5901639344262295 0.13768115942028986 0.12021857923497267
1 0.7789855072463768 0.7131147540983607 0.10869565217391304 0.16939890710382513
1 0.8260869565217391 0.6775956284153005 0.07246376811594203 0.08743169398907104
1 0.8079710144927537 0.8469945355191257 0.16666666666666666 0.29508196721311475
1 0.9420289855072463 0.7568306010928961 0.10869565217391304 0.08196721311475409
1 0.9402173913043478 0.8879781420765027 0.11231884057971014 0.18032786885245902
1 0.4528985507246377 0.8032786885245902 0.10144927536231885 0.14207650273224043
1 0.5652173913043478 0.76775956284153 0.13768115942028986 0.14754098360655737
1 0.6612318840579711 0.8497267759562842 0.213768115942029 0.2896174863387978
1 0.29347826086956524 0.6174863387978142 0.14492753623188406 0.12021857923497267
1 0.19927536231884058 0.6693989071038251 0.15217391304347827 0.12568306010928962
1 0.37318840579710144 0.644808743169399 0.14492753623188406 0.13114754098360656
1 0.34782608695652173 0.546448087431694 0.07246376811594203 0.08743169398907104
1 0.48188405797101447 0.4781420765027322 0.057971014492753624 0.060109289617486336
1 0.5054347826086957 0.5300546448087432 0.13405797101449277 0.08743169398907104
1 0.6141304347826086 0.5245901639344263 0.19202898550724637 0.04371584699453552
1 0.4963768115942029 0.14754098360655737 0.15217391304347827 0.18579234972677597
1 0.7065217391304348 0.18579234972677597 0.3115942028985507 0.30601092896174864
1 0.697463768115942 0.4180327868852459 0.19202898550724637 0.3114754098360656
1 0.5760869565217391 0.273224043715847 0.1956521739130435 0.20765027322404372
1 0.5181159420289855 0.35792349726775957 0.1956521739130435 0.3442622950819672
1 0.4257246376811594 0.31420765027322406 0.07608695652173914 0.060109289617486336
1 0.38768115942028986 0.2814207650273224 0.07246376811594203 0.08196721311475409
1 0.41847826086956524 0.18032786885245902 0.08333333333333333 0.04371584699453552
1 0.44565217391304346 0.3743169398907104 0.06521739130434782 0.04918032786885246
1 0.2246376811594203 0.07923497267759563 0.10869565217391304 0.15846994535519127
1 0.3115942028985507 0.08743169398907104 0.07246376811594203 0.17486338797814208
1 0.3822463768115942 0.08469945355191257 0.09782608695652174 0.16939890710382513
1 0.9492753623188406 0.15300546448087432 0.09420289855072464 0.30601092896174864
1 0.8532608695652174 0.1284153005464481 0.14855072463768115 0.2568306010928962
1 0.7065217391304348 0.03551912568306011 0.2028985507246377 0.07103825136612021