1 0.705 0.7321428571428571 0.27666666666666667 0.5238095238095238
1 0.8833333333333333 0.9672619047619048 0.05333333333333334 0.05357142857142857
1 0.9616666666666667 0.9494047619047619 0.056666666666666664 0.08928571428571429
1 0.6666666666666666 0.39285714285714285 0.3466666666666667 0.25
1 0.855 0.5744047619047619 0.20333333333333334 0.48214285714285715
1 0.9233333333333333 0.47023809523809523 0.1 0.23809523809523808
1 0.8616666666666667 0.22023809523809523 0.19 0.25
1 0.75 0.19047619047619047 0.06 0.11904761904761904
1 0.6283333333333333 0.24404761904761904 0.21666666666666667 0.16666666666666666
1 0.47 0.03571428571428571 0.3466666666666667 0.07142857142857142
1 0.17 0.11607142857142858 0.34 0.23214285714285715
1 0.34 0.7380952380952381 0.5666666666666667 0.5119047619047619
1 0.38 0.42857142857142855 0.38 0.3333333333333333
1 0.13 0.5059523809523809 0.26 0.6785714285714286
1 0.4033333333333333 0.9464285714285714 0.03333333333333333 0.09523809523809523