1 0.7319391634980988 0.7905759162303665 0.17870722433460076 0.2198952879581152
1 0.5608365019011406 0.819371727748691 0.17110266159695817 0.25654450261780104
1 0.5152091254752852 0.5890052356020943 0.17870722433460076 0.21465968586387435
1 0.6368821292775665 0.6727748691099477 0.07984790874524715 0.13089005235602094
1 0.37832699619771865 0.774869109947644 0.20152091254752852 0.24083769633507854
1 0.38022813688212925 0.6282722513089005 0.16730038022813687 0.13612565445026178
1 0.188212927756654 0.6963350785340314 0.19391634980988592 0.24083769633507854
1 0.2414448669201521 0.5654450261780105 0.17110266159695817 0.15706806282722513
1 0.33840304182509506 0.48429319371727747 0.2737642585551331 0.13089005235602094
1 0.526615969581749 0.2643979057591623 0.09505703422053231 0.4973821989528796
1 0.6787072243346007 0.5445026178010471 0.19391634980988592 0.16753926701570682