1 0.5449438202247191 0.4576719576719577 0.19101123595505617 0.25925925925925924
1 0.6704119850187266 0.6428571428571429 0.17228464419475656 0.23809523809523808
1 0.9213483146067416 0.4126984126984127 0.149812734082397 0.21164021164021163
1 0.8614232209737828 0.5978835978835979 0.2696629213483146 0.20105820105820105
1 0.12921348314606743 0.656084656084656 0.25842696629213485 0.3386243386243386
1 0.10861423220973783 0.8201058201058201 0.17228464419475656 0.21164021164021163
1 0.15730337078651685 0.7962962962962963 0.3146067415730337 0.3333333333333333
1 0.8352059925093633 0.8015873015873016 0.32209737827715357 0.3333333333333333
1 0.4850187265917603 0.7698412698412699 0.09363295880149813 0.15343915343915343
1 0.49250936329588013 0.8915343915343915 0.06367041198501873 0.12169312169312169
1 0.42134831460674155 0.9338624338624338 0.07116104868913857 0.0582010582010582
1 0.43258426966292135 0.8518518518518519 0.08614232209737828 0.12698412698412698
1 0.7434456928838952 0.4365079365079365 0.19101123595505617 0.18518518518518517
1 0.1853932584269663 0.28835978835978837 0.36329588014981273 0.4497354497354497
1 0.23782771535580524 0.5026455026455027 0.08614232209737828 0.13756613756613756
1 0.17790262172284643 0.5370370370370371 0.07116104868913857 0.10052910052910052
1 0.20786516853932585 0.5925925925925926 0.08614232209737828 0.09523809523809523
1 0.26591760299625467 0.6428571428571429 0.06741573033707865 0.08994708994708994
1 0.3389513108614232 0.6957671957671958 0.11610486891385768 0.164021164021164
1 0.2752808988764045 0.7301587301587301 0.04119850187265917 0.07407407407407407
1 0.14606741573033707 0.13756613756613756 0.14232209737827714 0.24338624338624337
1 0.0599250936329588 0.25396825396825395 0.08239700374531835 0.17989417989417988
1 0.6853932584269663 0.11375661375661375 0.2397003745318352 0.2275132275132275
1 0.8707865168539326 0.20105820105820105 0.19101123595505617 0.2962962962962963
1 0.6835205992509363 0.32275132275132273 0.18352059925093633 0.20105820105820105
1 0.4419475655430712 0.2777777777777778 0.21722846441947566 0.2275132275132275
1 0.3352059925093633 0.4126984126984127 0.23595505617977527 0.2328042328042328
1 0.3295880149812734 0.9285714285714286 0.0749063670411985 0.06878306878306878
1 0.34831460674157305 0.843915343915344 0.0749063670411985 0.13227513227513227
1 0.2808988764044944 0.8227513227513228 0.06741573033707865 0.10052910052910052
1 0.25280898876404495 0.8941798941798942 0.07116104868913857 0.06349206349206349
1 0.5749063670411985 0.955026455026455 0.056179775280898875 0.037037037037037035
1 0.4157303370786517 0.6878306878306878 0.06741573033707865 0.08465608465608465
1 0.3801498127340824 0.7380952380952381 0.056179775280898875 0.07936507936507936
1 0.4681647940074906 0.6137566137566137 0.09737827715355805 0.09523809523809523
1 0.5468164794007491 0.582010582010582 0.0749063670411985 0.1164021164021164
1 0.5243445692883895 0.5079365079365079 0.06741573033707865 0.10582010582010581
1 0.46254681647940077 0.5185185185185185 0.056179775280898875 0.10582010582010581
1 0.3838951310861423 0.4894179894179894 0.07116104868913857 0.08994708994708994
1 0.40074906367041196 0.5873015873015873 0.06741573033707865 0.1164021164021164
1 0.3052434456928839 0.5370370370370371 0.09363295880149813 0.15343915343915343
1 0.7696629213483146 0.6587301587301587 0.026217228464419477 0.047619047619047616
1 0.8014981273408239 0.6402116402116402 0.0299625468164794 0.021164021164021163
1 0.8089887640449438 0.6693121693121693 0.02247191011235955 0.026455026455026454
1 0.8389513108614233 0.6666666666666666 0.03745318352059925 0.05291005291005291
1 0.9082397003745318 0.6984126984126984 0.033707865168539325 0.05291005291005291
1 0.9400749063670412 0.7142857142857143 0.0299625468164794 0.05291005291005291
1 0.8352059925093633 0.16137566137566137 0.32209737827715357 0.32275132275132273
1 0.16104868913857678 0.24338624338624337 0.32209737827715357 0.48677248677248675
1 0.552434456928839 0.6878306878306878 0.033707865168539325 0.05291005291005291
1 0.552434456928839 0.6375661375661376 0.033707865168539325 0.037037037037037035
1 0.5749063670411985 0.6587301587301587 0.033707865168539325 0.037037037037037035
1 0.602996254681648 0.6322751322751323 0.0299625468164794 0.037037037037037035
1 0.6273408239700374 0.6746031746031746 0.026217228464419477 0.047619047619047616
1 0.5917602996254682 0.671957671957672 0.0299625468164794 0.031746031746031744
1 0.6067415730337079 0.7142857142857143 0.0449438202247191 0.05291005291005291
1 0.5636704119850188 0.791005291005291 0.04119850187265917 0.0582010582010582
1 0.6048689138576779 0.7645502645502645 0.04119850187265917 0.047619047619047616
1 0.5168539325842697 0.701058201058201 0.0299625468164794 0.047619047619047616
1 0.4943820224719101 0.6878306878306878 0.0299625468164794 0.05291005291005291
1 0.46629213483146065 0.6693121693121693 0.04119850187265917 0.0582010582010582
1 0.44756554307116103 0.7142857142857143 0.033707865168539325 0.031746031746031744
1 0.5393258426966292 0.7513227513227513 0.02247191011235955 0.05291005291005291
1 0.5449438202247191 0.8412698412698413 0.026217228464419477 0.042328042328042326
1 0.5711610486891385 0.873015873015873 0.026217228464419477 0.05291005291005291
1 0.5468164794007491 0.8968253968253969 0.03745318352059925 0.0582010582010582
1 0.5393258426966292 0.9365079365079365 0.02247191011235955 0.031746031746031744
1 0.5187265917602997 0.9497354497354498 0.033707865168539325 0.037037037037037035
1 0.47752808988764045 0.9523809523809523 0.033707865168539325 0.021164021164021163
1 0.6666666666666666 0.9206349206349206 0.0449438202247191 0.06349206349206349
1 0.6235955056179775 0.9285714285714286 0.033707865168539325 0.047619047619047616
1 0.5936329588014981 0.9047619047619048 0.033707865168539325 0.05291005291005291
1 0.6086142322097379 0.8544973544973545 0.033707865168539325 0.047619047619047616
1 0.6385767790262172 0.8756613756613757 0.033707865168539325 0.0582010582010582
1 0.6179775280898876 0.8201058201058201 0.03745318352059925 0.042328042328042326
1 0.651685393258427 0.8148148148148148 0.0299625468164794 0.05291005291005291
1 0.6423220973782772 0.7698412698412699 0.026217228464419477 0.0582010582010582
1 0.6704119850187266 0.7698412698412699 0.02247191011235955 0.047619047619047616
1 0.7078651685393258 0.7936507936507936 0.0299625468164794 0.05291005291005291
1 0.7078651685393258 0.7301587301587301 0.0449438202247191 0.05291005291005291
1 0.7397003745318352 0.753968253968254 0.026217228464419477 0.0582010582010582
1 0.7621722846441947 0.7671957671957672 0.018726591760299626 0.031746031746031744
1 0.6966292134831461 0.8333333333333334 0.0449438202247191 0.0582010582010582
1 0.7228464419475655 0.8624338624338624 0.03745318352059925 0.06349206349206349
1 0.7602996254681648 0.843915343915344 0.03745318352059925 0.0582010582010582
1 0.7453183520599251 0.8042328042328042 0.03745318352059925 0.05291005291005291
1 0.7883895131086143 0.7962962962962963 0.04119850187265917 0.0582010582010582
1 0.799625468164794 0.7407407407407407 0.04868913857677903 0.05291005291005291
1 0.7640449438202247 0.7301587301587301 0.0299625468164794 0.05291005291005291
1 0.8445692883895131 0.7037037037037037 0.04119850187265917 0.05291005291005291
1 0.8838951310861424 0.7354497354497355 0.03745318352059925 0.05291005291005291
1 0.9194756554307116 0.7671957671957672 0.033707865168539325 0.05291005291005291
1 0.8707865168539326 0.6851851851851852 0.026217228464419477 0.037037037037037035
1 0.850187265917603 0.753968253968254 0.0299625468164794 0.047619047619047616
1 0.8820224719101124 0.7698412698412699 0.033707865168539325 0.0582010582010582
1 0.9026217228464419 0.8148148148148148 0.0299625468164794 0.05291005291005291
1 0.8782771535580525 0.8148148148148148 0.04119850187265917 0.05291005291005291
1 0.8520599250936329 0.7883597883597884 0.033707865168539325 0.031746031746031744
1 0.8239700374531835 0.783068783068783 0.0299625468164794 0.05291005291005291
1 0.7621722846441947 0.8994708994708994 0.04119850187265917 0.05291005291005291
1 0.795880149812734 0.8809523809523809 0.026217228464419477 0.0582010582010582
1 0.8164794007490637 0.8544973544973545 0.0299625468164794 0.037037037037037035
1 0.8370786516853933 0.8862433862433863 0.04119850187265917 0.047619047619047616
1 0.7134831460674157 0.9047619047619048 0.033707865168539325 0.031746031746031744
1 0.6910112359550562 0.8783068783068783 0.026217228464419477 0.042328042328042326
1 0.7247191011235955 0.8597883597883598 0.04119850187265917 0.047619047619047616