1 0.20967741935483872 0.8282208588957055 0.08387096774193549 0.15950920245398773
1 0.12580645161290321 0.8343558282208589 0.09032258064516129 0.17177914110429449
1 0.08709677419354839 0.803680981595092 0.07741935483870968 0.19631901840490798
1 0.1870967741935484 0.7024539877300614 0.12903225806451613 0.15337423312883436
1 0.4096774193548387 0.7852760736196319 0.14193548387096774 0.25766871165644173
1 0.35161290322580646 0.6257668711656442 0.10967741935483871 0.22085889570552147
1 0.30806451612903224 0.8098159509202454 0.07419354838709677 0.15950920245398773
1 0.29838709677419356 0.8650306748466258 0.1 0.12269938650306748
1 0.32741935483870965 0.2822085889570552 0.054838709677419356 0.08588957055214724
1 0.2854838709677419 0.294478527607362 0.041935483870967745 0.0736196319018405
1 0.31129032258064515 0.37423312883435583 0.04838709677419355 0.08588957055214724
1 0.2661290322580645 0.37116564417177916 0.041935483870967745 0.07975460122699386
1 0.27903225806451615 0.21779141104294478 0.054838709677419356 0.06748466257668712
1 0.2403225806451613 0.26380368098159507 0.02903225806451613 0.06134969325153374
1 0.2629032258064516 0.2822085889570552 0.02903225806451613 0.0736196319018405
1 0.22096774193548388 0.3220858895705521 0.041935483870967745 0.07975460122699386
1 0.17903225806451614 0.3558282208588957 0.041935483870967745 0.0736196319018405
1 0.20483870967741935 0.39263803680981596 0.04838709677419355 0.0736196319018405
1 0.17096774193548386 0.44785276073619634 0.04516129032258064 0.09815950920245399
1 0.20967741935483872 0.4815950920245399 0.03870967741935484 0.10429447852760736
1 0.24193548387096775 0.4539877300613497 0.03225806451612903 0.08588957055214724
1 0.2564516129032258 0.5214723926380368 0.04838709677419355 0.09815950920245399
1 0.2903225806451613 0.5245398773006135 0.03870967741935484 0.09202453987730061
1 0.24193548387096775 0.6012269938650306 0.03870967741935484 0.11042944785276074
1 0.19193548387096773 0.5950920245398773 0.06129032258064516 0.09815950920245399
1 0.16612903225806452 0.5460122699386503 0.041935483870967745 0.06134969325153374
1 0.18064516129032257 0.5122699386503068 0.03870967741935484 0.05521472392638037
1 0.5096774193548387 0.19938650306748465 0.13548387096774195 0.1901840490797546
1 0.5919354838709677 0.17791411042944785 0.08709677419354839 0.22085889570552147
1 0.5161290322580645 0.7791411042944786 0.08387096774193549 0.11042944785276074
1 0.5645161290322581 0.8803680981595092 0.03870967741935484 0.10429447852760736
1 0.5048387096774194 0.8680981595092024 0.07419354838709677 0.10429447852760736
1 0.7516129032258064 0.8803680981595092 0.07741935483870968 0.1165644171779141
1 0.7790322580645161 0.8496932515337423 0.08709677419354839 0.15337423312883436
1 0.8451612903225807 0.7668711656441718 0.10967741935483871 0.22085889570552147
1 0.9129032258064517 0.7760736196319018 0.07096774193548387 0.20245398773006135
1 0.6983870967741935 0.147239263803681 0.13870967741935483 0.24539877300613497
1 0.3951612903225806 0.19631901840490798 0.15161290322580645 0.2085889570552147
1 0.41451612903225804 0.08282208588957055 0.18387096774193548 0.1656441717791411
1 0.2532258064516129 0.19325153374233128 0.18387096774193548 0.2147239263803681
1 0.8306451612903226 0.35276073619631904 0.23548387096774193 0.27607361963190186
1 0.9032258064516129 0.656441717791411 0.12258064516129032 0.4049079754601227
1 0.6516129032258065 0.7914110429447853 0.04516129032258064 0.2331288343558282
1 0.6838709677419355 0.8067484662576687 0.04516129032258064 0.06748466257668712
1 0.6870967741935484 0.7300613496932515 0.01935483870967742 0.08588957055214724
1 0.6209677419354839 0.7147239263803681 0.02258064516129032 0.06748466257668712
1 0.603225806451613 0.7668711656441718 0.03870967741935484 0.06134969325153374
1 0.6080645161290322 0.8282208588957055 0.035483870967741936 0.0736196319018405
1 0.6129032258064516 0.8895705521472392 0.05161290322580645 0.06134969325153374
1 0.6887096774193548 0.8711656441717791 0.035483870967741936 0.0736196319018405
1 0.47419354838709676 0.6165644171779141 0.10967741935483871 0.22699386503067484
1 0.5612903225806452 0.8803680981595092 0.03870967741935484 0.1165644171779141
1 0.7693548387096775 0.7300613496932515 0.035483870967741936 0.12269938650306748
1 0.7290322580645161 0.7269938650306749 0.03870967741935484 0.1656441717791411
1 0.8048387096774193 0.7055214723926381 0.02903225806451613 0.11042944785276074
1 0.6435483870967742 0.7883435582822086 0.13870967741935483 0.27607361963190186