1 0.9016666666666666 0.13392857142857142 0.19 0.26785714285714285
1 0.20166666666666666 0.16666666666666666 0.31666666666666665 0.3333333333333333
1 0.375 0.05952380952380952 0.056666666666666664 0.11904761904761904
1 0.36 0.3601190476190476 0.12 0.24404761904761904
1 0.45166666666666666 0.21726190476190477 0.10333333333333333 0.23214285714285715
1 0.5533333333333333 0.2113095238095238 0.1 0.18452380952380953
1 0.655 0.19047619047619047 0.09666666666666666 0.20238095238095238
1 0.7466666666666667 0.09821428571428571 0.11333333333333333 0.19642857142857142
1 0.9016666666666666 0.13095238095238096 0.19 0.2619047619047619
1 0.9583333333333334 0.3958333333333333 0.07666666666666666 0.20833333333333334
1 0.875 0.3958333333333333 0.13 0.20833333333333334
1 0.8233333333333334 0.5059523809523809 0.09333333333333334 0.17857142857142858
1 0.9116666666666666 0.6130952380952381 0.12333333333333334 0.2619047619047619
1 0.8283333333333334 0.8035714285714286 0.11666666666666667 0.2261904761904762
1 0.96 0.7738095238095238 0.07333333333333333 0.2261904761904762
1 0.9316666666666666 0.9136904761904762 0.09666666666666666 0.16071428571428573
1 0.8283333333333334 0.9523809523809523 0.10333333333333333 0.08333333333333333
1 0.745 0.8690476190476191 0.07666666666666666 0.11904761904761904
1 0.7366666666666667 0.7380952380952381 0.09333333333333334 0.15476190476190477
1 0.635 0.8839285714285714 0.14333333333333334 0.22023809523809523
1 0.6483333333333333 0.5535714285714286 0.13666666666666666 0.17857142857142858
1 0.6683333333333333 0.44047619047619047 0.11666666666666667 0.25
1 0.755 0.3244047619047619 0.11 0.27976190476190477
1 0.535 0.4107142857142857 0.13 0.23809523809523808
1 0.5166666666666667 0.6726190476190477 0.15333333333333332 0.27380952380952384
1 0.48 0.8630952380952381 0.11333333333333333 0.20238095238095238
1 0.5466666666666666 0.9702380952380952 0.12666666666666668 0.047619047619047616
1 0.355 0.7827380952380952 0.16333333333333333 0.30357142857142855
1 0.39166666666666666 0.9523809523809523 0.10333333333333333 0.08333333333333333
1 0.27166666666666667 0.8988095238095238 0.16333333333333333 0.19047619047619047
1 0.16833333333333333 0.7113095238095238 0.14333333333333334 0.20833333333333334
1 0.185 0.4732142857142857 0.16333333333333333 0.27976190476190477
1 0.2966666666666667 0.5773809523809523 0.12 0.2261904761904762
1 0.043333333333333335 0.43452380952380953 0.08666666666666667 0.5119047619047619
1 0.04 0.6815476190476191 0.08 0.1488095238095238
1 0.016666666666666666 0.8303571428571429 0.03333333333333333 0.1488095238095238
1 0.08 0.8452380952380952 0.11333333333333333 0.23809523809523808
1 0.13666666666666666 0.9553571428571429 0.1 0.07738095238095238
1 0.03166666666666667 0.9494047619047619 0.06333333333333334 0.08928571428571429