1 0.9193548387096774 0.7758620689655172 0.15207373271889402 0.15517241379310345
1 0.7741935483870968 0.7133620689655172 0.14746543778801843 0.10775862068965517
1 0.8963133640552995 0.6056034482758621 0.14285714285714285 0.10775862068965517
1 0.9792626728110599 0.6012931034482759 0.03225806451612903 0.11637931034482758
1 0.8778801843317973 0.5560344827586207 0.10599078341013825 0.12931034482758622
1 0.9516129032258065 0.5387931034482759 0.08755760368663594 0.08620689655172414
1 0.6981566820276498 0.5258620689655172 0.12442396313364056 0.14655172413793102
1 0.5023041474654378 0.6831896551724138 0.17511520737327188 0.14224137931034483
1 0.07142857142857142 0.8879310344827587 0.14285714285714285 0.08620689655172414
1 0.20046082949308755 0.625 0.10599078341013825 0.07758620689655173
1 0.02304147465437788 0.5711206896551724 0.04608294930875576 0.08189655172413793
1 0.33640552995391704 0.3620689655172414 0.15668202764976957 0.09482758620689655
1 0.22119815668202766 0.28663793103448276 0.1382488479262673 0.11637931034482758
1 0.35023041474654376 0.23922413793103448 0.1382488479262673 0.10775862068965517
1 0.4930875576036866 0.2629310344827586 0.14746543778801843 0.09482758620689655
1 0.6359447004608295 0.1724137931034483 0.11981566820276497 0.08620689655172414
1 0.8548387096774194 0.2801724137931034 0.1336405529953917 0.10344827586206896
1 0.9746543778801844 0.3081896551724138 0.041474654377880185 0.11637931034482758
1 0.9608294930875576 0.21551724137931033 0.06912442396313365 0.08620689655172414
1 0.8778801843317973 0.1724137931034483 0.12442396313364056 0.09482758620689655
1 0.6774193548387096 0.07543103448275862 0.15668202764976957 0.10775862068965517
1 0.5645161290322581 0.11422413793103449 0.1152073732718894 0.09051724137931035
1 0.48847926267281105 0.16594827586206898 0.12903225806451613 0.09913793103448276
1 0.4539170506912442 0.07112068965517242 0.1336405529953917 0.09051724137931035
1 0.5391705069124424 0.040948275862068964 0.11981566820276497 0.08189655172413793
1 0.663594470046083 0.015086206896551725 0.07373271889400922 0.03017241379310345
1 0.8847926267281107 0.015086206896551725 0.10138248847926268 0.03017241379310345
1 0.8778801843317973 0.05172413793103448 0.12442396313364056 0.05172413793103448
1 0.3870967741935484 0.16163793103448276 0.11059907834101383 0.06465517241379311
1 0.3387096774193548 0.0668103448275862 0.1336405529953917 0.08189655172413793
1 0.23963133640552994 0.14439655172413793 0.12903225806451613 0.09913793103448276
1 0.10368663594470046 0.15948275862068967 0.12442396313364056 0.07758620689655173
1 0.16589861751152074 0.09267241379310345 0.10138248847926268 0.08189655172413793
1 0.21658986175115208 0.023706896551724137 0.1382488479262673 0.04741379310344827