1 0.9166666666666666 0.660377358490566 0.11635220125786164 0.25157232704402516
1 0.8380503144654088 0.7389937106918238 0.13522012578616352 0.29559748427672955
1 0.8018867924528302 0.5408805031446541 0.11320754716981132 0.11320754716981132
1 0.839622641509434 0.49056603773584906 0.06289308176100629 0.10062893081761007
1 0.8883647798742138 0.5094339622641509 0.040880503144654086 0.0880503144654088
1 0.9371069182389937 0.48742138364779874 0.06289308176100629 0.09433962264150944
1 0.9323899371069182 0.41823899371069184 0.04716981132075472 0.09433962264150944
1 0.9040880503144654 0.42138364779874216 0.03459119496855346 0.06289308176100629
1 0.8742138364779874 0.44339622641509435 0.03773584905660377 0.06918238993710692
1 0.8710691823899371 0.36477987421383645 0.0440251572327044 0.07547169811320754
1 0.8364779874213837 0.3805031446540881 0.031446540880503145 0.06918238993710692
1 0.8301886792452831 0.44025157232704404 0.0440251572327044 0.050314465408805034
1 0.8050314465408805 0.4371069182389937 0.025157232704402517 0.05660377358490566
1 0.8144654088050315 0.389937106918239 0.025157232704402517 0.06289308176100629
1 0.889937106918239 0.34276729559748426 0.050314465408805034 0.06918238993710692
1 0.8411949685534591 0.2893081761006289 0.059748427672955975 0.0880503144654088
1 0.8616352201257862 0.24213836477987422 0.1320754716981132 0.18238993710691823
1 0.7468553459119497 0.2138364779874214 0.10377358490566038 0.0880503144654088
1 0.7940251572327044 0.2861635220125786 0.03459119496855346 0.06918238993710692
1 0.8128930817610063 0.31761006289308175 0.03459119496855346 0.05660377358490566
1 0.7845911949685535 0.33962264150943394 0.040880503144654086 0.050314465408805034
1 0.7515723270440252 0.4528301886792453 0.10062893081761007 0.1761006289308176
1 0.75 0.32075471698113206 0.040880503144654086 0.07547169811320754
1 0.7216981132075472 0.33962264150943394 0.03459119496855346 0.06289308176100629
1 0.7279874213836478 0.279874213836478 0.03459119496855346 0.06918238993710692
1 0.7515723270440252 0.24528301886792453 0.031446540880503145 0.06289308176100629
1 0.7704402515723271 0.29874213836477986 0.018867924528301886 0.0440251572327044
1 0.7578616352201258 0.5943396226415094 0.03773584905660377 0.1069182389937107
1 0.7688679245283019 0.5974842767295597 0.02830188679245283 0.06289308176100629
1 0.7405660377358491 0.5849056603773585 0.040880503144654086 0.12578616352201258
1 0.7295597484276729 0.60062893081761 0.025157232704402517 0.06918238993710692
1 0.7389937106918238 0.6918238993710691 0.05660377358490566 0.12578616352201258
1 0.7531446540880503 0.7955974842767296 0.07232704402515723 0.1069182389937107
1 0.699685534591195 0.6823899371069182 0.040880503144654086 0.15723270440251572
1 0.7358490566037735 0.15723270440251572 0.11949685534591195 0.11320754716981132
1 0.6462264150943396 0.15723270440251572 0.0660377358490566 0.03773584905660377
1 0.6823899371069182 0.2138364779874214 0.07547169811320754 0.0880503144654088
1 0.6619496855345912 0.22641509433962265 0.08490566037735849 0.0880503144654088
1 0.7358490566037735 0.06289308176100629 0.08176100628930817 0.11320754716981132
1 0.5911949685534591 0.07232704402515723 0.09433962264150944 0.1069182389937107
1 0.470125786163522 0.10062893081761007 0.05345911949685535 0.10062893081761007
1 0.5015723270440252 0.05660377358490566 0.09119496855345911 0.11320754716981132
1 0.37735849056603776 0.09119496855345911 0.1320754716981132 0.16981132075471697
1 0.3160377358490566 0.040880503144654086 0.11635220125786164 0.08176100628930817
1 0.2531446540880503 0.16666666666666666 0.11635220125786164 0.14465408805031446
1 0.1792452830188679 0.08490566037735849 0.1069182389937107 0.16981132075471697
1 0.11949685534591195 0.20440251572327045 0.08176100628930817 0.11949685534591195
1 0.1918238993710692 0.22012578616352202 0.0880503144654088 0.12578616352201258
1 0.12421383647798742 0.34591194968553457 0.1289308176100629 0.16352201257861634
1 0.19025157232704404 0.3018867924528302 0.059748427672955975 0.10062893081761007
1 0.20911949685534592 0.3018867924528302 0.0660377358490566 0.10062893081761007
1 0.6147798742138365 0.6698113207547169 0.059748427672955975 0.15723270440251572
1 0.660377358490566 0.6572327044025157 0.0440251572327044 0.14465408805031446
1 0.6745283018867925 0.7484276729559748 0.03459119496855346 0.0880503144654088
1 0.6430817610062893 0.789308176100629 0.02830188679245283 0.09433962264150944
1 0.5754716981132075 0.8647798742138365 0.16352201257861634 0.22012578616352202
1 0.5267295597484277 0.7012578616352201 0.16666666666666666 0.23270440251572327
1 0.6808176100628931 0.29874213836477986 0.04716981132075472 0.1069182389937107
1 0.6792452830188679 0.3710691823899371 0.025157232704402517 0.050314465408805034
1 0.690251572327044 0.3836477987421384 0.015723270440251572 0.025157232704402517
1 0.6761006289308176 0.42452830188679247 0.018867924528301886 0.031446540880503145
1 0.6918238993710691 0.4308176100628931 0.012578616352201259 0.031446540880503145
1 0.6855345911949685 0.46540880503144655 0.018867924528301886 0.03773584905660377
1 0.7028301886792453 0.5125786163522013 0.03459119496855346 0.05660377358490566
1 0.6761006289308176 0.5220125786163522 0.025157232704402517 0.050314465408805034
1 0.6949685534591195 0.5691823899371069 0.031446540880503145 0.0440251572327044
1 0.6698113207547169 0.5786163522012578 0.025157232704402517 0.06289308176100629
1 0.6462264150943396 0.5723270440251572 0.02830188679245283 0.050314465408805034
1 0.6289308176100629 0.5691823899371069 0.025157232704402517 0.05660377358490566
1 0.5990566037735849 0.5628930817610063 0.02830188679245283 0.05660377358490566
1 0.6132075471698113 0.5220125786163522 0.012578616352201259 0.025157232704402517
1 0.6305031446540881 0.5094339622641509 0.03459119496855346 0.050314465408805034
1 0.64937106918239 0.48742138364779874 0.015723270440251572 0.0440251572327044
1 0.6415094339622641 0.3238993710691824 0.05660377358490566 0.11949685534591195
1 0.6336477987421384 0.4528301886792453 0.02830188679245283 0.050314465408805034
1 0.6053459119496856 0.42138364779874216 0.02830188679245283 0.050314465408805034
1 0.5864779874213837 0.449685534591195 0.0220125786163522 0.031446540880503145
1 0.6069182389937107 0.44654088050314467 0.012578616352201259 0.025157232704402517
1 0.589622641509434 0.4937106918238994 0.03459119496855346 0.05660377358490566
1 0.6147798742138365 0.48742138364779874 0.0220125786163522 0.0440251572327044
1 0.5707547169811321 0.39937106918238996 0.0220125786163522 0.0440251572327044
1 0.5644654088050315 0.36477987421383645 0.0220125786163522 0.03773584905660377
1 0.550314465408805 0.3333333333333333 0.018867924528301886 0.03773584905660377
1 0.5330188679245284 0.3710691823899371 0.0220125786163522 0.050314465408805034
1 0.5440251572327044 0.4056603773584906 0.03773584905660377 0.05660377358490566
1 0.589622641509434 0.32075471698113206 0.05345911949685535 0.0880503144654088
1 0.5408805031446541 0.27044025157232704 0.025157232704402517 0.03773584905660377
1 0.5283018867924528 0.2169811320754717 0.012578616352201259 0.0440251572327044
1 0.539308176100629 0.20125786163522014 0.009433962264150943 0.025157232704402517
1 0.5267295597484277 0.20440251572327045 0.04716981132075472 0.08176100628930817
1 0.5015723270440252 0.1509433962264151 0.040880503144654086 0.050314465408805034
1 0.449685534591195 0.16981132075471697 0.03773584905660377 0.03773584905660377
1 0.44025157232704404 0.24213836477987422 0.050314465408805034 0.08176100628930817
1 0.45125786163522014 0.22327044025157233 0.009433962264150943 0.018867924528301886
1 0.39622641509433965 0.3113207547169811 0.018867924528301886 0.031446540880503145
1 0.40723270440251574 0.34591194968553457 0.05345911949685535 0.10062893081761007
1 0.5062893081761006 0.4716981132075472 0.031446540880503145 0.12578616352201258
1 0.5361635220125787 0.5283018867924528 0.03459119496855346 0.12578616352201258
1 0.5691823899371069 0.5943396226415094 0.025157232704402517 0.09433962264150944
1 0.5550314465408805 0.5 0.05345911949685535 0.11949685534591195
1 0.49842767295597484 0.5786163522012578 0.04716981132075472 0.0880503144654088
1 0.46226415094339623 0.6635220125786163 0.0440251572327044 0.09433962264150944
1 0.4638364779874214 0.789308176100629 0.03459119496855346 0.1069182389937107
1 0.4371069182389937 0.839622641509434 0.050314465408805034 0.09433962264150944
1 0.37735849056603776 0.8647798742138365 0.07547169811320754 0.11949685534591195
1 0.29874213836477986 0.8773584905660378 0.07547169811320754 0.14465408805031446
1 0.2028301886792453 0.8522012578616353 0.14779874213836477 0.27044025157232704
1 0.11320754716981132 0.7704402515723271 0.11949685534591195 0.23270440251572327
1 0.2531446540880503 0.5628930817610063 0.1540880503144654 0.1949685534591195
1 0.25 0.6918238993710691 0.12264150943396226 0.25157232704402516
1 0.2971698113207547 0.7358490566037735 0.02830188679245283 0.06289308176100629
1 0.3081761006289308 0.7924528301886793 0.025157232704402517 0.025157232704402517
1 0.32075471698113206 0.7547169811320755 0.025157232704402517 0.03773584905660377
1 0.3128930817610063 0.6666666666666666 0.015723270440251572 0.0880503144654088
1 0.3238993710691824 0.6981132075471698 0.012578616352201259 0.07547169811320754
1 0.3411949685534591 0.6855345911949685 0.0220125786163522 0.0880503144654088
1 0.360062893081761 0.660377358490566 0.03459119496855346 0.07547169811320754
1 0.36477987421383645 0.6163522012578616 0.05660377358490566 0.0880503144654088
1 0.36163522012578614 0.7704402515723271 0.025157232704402517 0.05660377358490566
1 0.3663522012578616 0.7169811320754716 0.02830188679245283 0.03773584905660377
1 0.40723270440251574 0.7861635220125787 0.059748427672955975 0.0880503144654088
1 0.3946540880503145 0.7044025157232704 0.02830188679245283 0.07547169811320754
1 0.42138364779874216 0.710691823899371 0.031446540880503145 0.06289308176100629
1 0.4119496855345912 0.6289308176100629 0.031446540880503145 0.06289308176100629
1 0.43238993710691825 0.6635220125786163 0.02830188679245283 0.0440251572327044
1 0.4449685534591195 0.660377358490566 0.03459119496855346 0.012578616352201259
1 0.42138364779874216 0.5723270440251572 0.031446540880503145 0.06289308176100629
1 0.4638364779874214 0.5408805031446541 0.02830188679245283 0.050314465408805034
1 0.4339622641509434 0.5062893081761006 0.025157232704402517 0.05660377358490566
1 0.46226415094339623 0.5 0.025157232704402517 0.05660377358490566
1 0.470125786163522 0.4528301886792453 0.0220125786163522 0.03773584905660377
1 0.4921383647798742 0.41823899371069184 0.02830188679245283 0.05660377358490566
1 0.4716981132075472 0.3867924528301887 0.018867924528301886 0.05660377358490566
1 0.45125786163522014 0.3742138364779874 0.02830188679245283 0.0440251572327044
1 0.45125786163522014 0.33962264150943394 0.0220125786163522 0.03773584905660377
1 0.4811320754716981 0.34591194968553457 0.031446540880503145 0.06289308176100629
1 0.43238993710691825 0.44654088050314467 0.040880503144654086 0.06289308176100629
1 0.44025157232704404 0.4119496855345912 0.018867924528301886 0.031446540880503145
1 0.49842767295597484 0.2893081761006289 0.02830188679245283 0.06289308176100629
1 0.4811320754716981 0.2641509433962264 0.025157232704402517 0.050314465408805034
1 0.3789308176100629 0.49056603773584906 0.02830188679245283 0.03773584905660377
1 0.3915094339622642 0.44025157232704404 0.0220125786163522 0.050314465408805034
1 0.36163522012578614 0.3742138364779874 0.025157232704402517 0.0440251572327044
1 0.35062893081761004 0.29245283018867924 0.12264150943396226 0.1069182389937107
1 0.38836477987421386 0.1949685534591195 0.08490566037735849 0.13836477987421383
1 0.31446540880503143 0.25157232704402516 0.0880503144654088 0.0880503144654088
1 0.3081761006289308 0.2672955974842767 0.07547169811320754 0.1069182389937107
1 0.29559748427672955 0.22327044025157233 0.08176100628930817 0.08176100628930817
1 0.3694968553459119 0.44339622641509435 0.02830188679245283 0.0440251572327044
1 0.36477987421383645 0.4119496855345912 0.025157232704402517 0.031446540880503145
1 0.3411949685534591 0.41823899371069184 0.02830188679245283 0.0440251572327044
1 0.35062893081761004 0.4559748427672956 0.02830188679245283 0.031446540880503145
1 0.3474842767295597 0.48742138364779874 0.02830188679245283 0.031446540880503145
1 0.3223270440251572 0.4968553459119497 0.0220125786163522 0.03773584905660377
1 0.31446540880503143 0.5314465408805031 0.018867924528301886 0.0440251572327044
1 0.30345911949685533 0.48427672955974843 0.015723270440251572 0.025157232704402517
1 0.28459119496855345 0.4748427672955975 0.015723270440251572 0.0440251572327044
1 0.2641509433962264 0.46226415094339623 0.025157232704402517 0.0440251572327044
1 0.2751572327044025 0.42138364779874216 0.015723270440251572 0.03773584905660377
1 0.2893081761006289 0.4339622641509434 0.012578616352201259 0.025157232704402517
1 0.3050314465408805 0.4056603773584906 0.031446540880503145 0.0440251572327044
1 0.3018867924528302 0.44339622641509435 0.018867924528301886 0.031446540880503145
1 0.3223270440251572 0.44025157232704404 0.015723270440251572 0.03773584905660377
1 0.3380503144654088 0.42138364779874216 0.015723270440251572 0.03773584905660377
1 0.3380503144654088 0.3805031446540881 0.02830188679245283 0.031446540880503145
1 0.3018867924528302 0.3553459119496855 0.03773584905660377 0.06918238993710692
1 0.2358490566037736 0.44025157232704404 0.025157232704402517 0.050314465408805034
1 0.2531446540880503 0.39937106918238996 0.040880503144654086 0.06918238993710692
1 0.27044025157232704 0.3553459119496855 0.050314465408805034 0.06918238993710692
1 0.22169811320754718 0.330188679245283 0.040880503144654086 0.05660377358490566
1 0.2562893081761006 0.29245283018867924 0.03459119496855346 0.05660377358490566
1 0.2138364779874214 0.3710691823899371 0.0440251572327044 0.03773584905660377
1 0.1792452830188679 0.3710691823899371 0.025157232704402517 0.03773584905660377
1 0.20440251572327045 0.449685534591195 0.05660377358490566 0.14465408805031446
1 0.14465408805031446 0.41509433962264153 0.06289308176100629 0.07547169811320754
1 0.1509433962264151 0.6320754716981132 0.03773584905660377 0.06918238993710692
1 0.1792452830188679 0.6194968553459119 0.031446540880503145 0.08176100628930817
1 0.18238993710691823 0.5471698113207547 0.031446540880503145 0.050314465408805034
1 0.15723270440251572 0.5691823899371069 0.031446540880503145 0.0440251572327044
1 0.15566037735849056 0.5157232704402516 0.040880503144654086 0.06289308176100629
1 0.1509433962264151 0.46226415094339623 0.05660377358490566 0.05660377358490566
1 0.12735849056603774 0.5723270440251572 0.02830188679245283 0.06289308176100629
1 0.13050314465408805 0.5094339622641509 0.015723270440251572 0.03773584905660377
1 0.11635220125786164 0.5 0.031446540880503145 0.08176100628930817
1 0.11163522012578617 0.4371069182389937 0.02830188679245283 0.0440251572327044
1 0.08176100628930817 0.4937106918238994 0.0440251572327044 0.11949685534591195
1 0.09276729559748427 0.5974842767295597 0.0220125786163522 0.03773584905660377
1 0.11320754716981132 0.6383647798742138 0.031446540880503145 0.0440251572327044
1 0.08176100628930817 0.5660377358490566 0.025157232704402517 0.03773584905660377
1 0.055031446540880505 0.60062893081761 0.0220125786163522 0.0440251572327044
1 0.07232704402515723 0.610062893081761 0.025157232704402517 0.03773584905660377
1 0.08176100628930817 0.6477987421383647 0.025157232704402517 0.050314465408805034
1 0.05345911949685535 0.6509433962264151 0.025157232704402517 0.0440251572327044
1 0.06446540880503145 0.6855345911949685 0.040880503144654086 0.050314465408805034
1 0.029874213836477988 0.6540880503144654 0.02830188679245283 0.050314465408805034