1 0.7699619771863118 0.9010416666666666 0.07224334600760456 0.08333333333333333
1 0.6939163498098859 0.9036458333333334 0.07984790874524715 0.09895833333333333
1 0.5741444866920152 0.9010416666666666 0.08365019011406843 0.08333333333333333
1 0.5038022813688213 0.8541666666666666 0.10266159695817491 0.09375
1 0.5893536121673004 0.7864583333333334 0.06844106463878327 0.07291666666666667
1 0.6520912547528517 0.7369791666666666 0.06463878326996197 0.06770833333333333
1 0.7053231939163498 0.7942708333333334 0.07984790874524715 0.078125
1 0.7642585551330798 0.7083333333333334 0.06844106463878327 0.08333333333333333
1 0.8098859315589354 0.7526041666666666 0.08365019011406843 0.09895833333333333
1 0.8555133079847909 0.8072916666666666 0.09125475285171103 0.07291666666666667
1 0.8688212927756654 0.7213541666666666 0.07984790874524715 0.08854166666666667
1 0.9011406844106464 0.6432291666666666 0.07604562737642585 0.078125
1 0.8079847908745247 0.6354166666666666 0.07984790874524715 0.0625
1 0.8288973384030418 0.6015625 0.06844106463878327 0.046875
1 0.908745247148289 0.5755208333333334 0.07604562737642585 0.06770833333333333
1 0.8650190114068441 0.5234375 0.09505703422053231 0.06770833333333333
1 0.8193916349809885 0.5520833333333334 0.07984790874524715 0.052083333333333336
1 0.7300380228136882 0.5729166666666666 0.09125475285171103 0.0625
1 0.6825095057034221 0.609375 0.07984790874524715 0.0625
1 0.7129277566539924 0.65625 0.07224334600760456 0.0625
1 0.6121673003802282 0.6536458333333334 0.08365019011406843 0.06770833333333333
1 0.5798479087452472 0.7135416666666666 0.07984790874524715 0.0625
1 0.5114068441064639 0.7526041666666666 0.09505703422053231 0.06770833333333333
1 0.5342205323193916 0.65625 0.09505703422053231 0.0625
1 0.5532319391634981 0.6015625 0.07224334600760456 0.057291666666666664
1 0.6197718631178707 0.6067708333333334 0.06844106463878327 0.057291666666666664
1 0.655893536121673 0.546875 0.057034220532319393 0.052083333333333336
1 0.7015209125475285 0.5130208333333334 0.057034220532319393 0.057291666666666664
1 0.752851711026616 0.5286458333333334 0.045627376425855515 0.026041666666666668
1 0.7433460076045627 0.4713541666666667 0.04182509505703422 0.036458333333333336
1 0.785171102661597 0.4895833333333333 0.049429657794676805 0.052083333333333336
1 0.8136882129277566 0.4609375 0.053231939163498096 0.046875
1 0.8574144486692015 0.4375 0.057034220532319393 0.041666666666666664
1 0.876425855513308 0.4817708333333333 0.06463878326996197 0.046875
1 0.903041825095057 0.4140625 0.07224334600760456 0.057291666666666664
1 0.9657794676806084 0.4010416666666667 0.053231939163498096 0.052083333333333336
1 0.9752851711026616 0.4479166666666667 0.04182509505703422 0.07291666666666667
1 0.9296577946768061 0.3697916666666667 0.057034220532319393 0.041666666666666664
1 0.5855513307984791 0.5390625 0.060836501901140684 0.057291666666666664
1 0.5133079847908745 0.5625 0.07604562737642585 0.0625
1 0.5247148288973384 0.5052083333333334 0.06844106463878327 0.052083333333333336
1 0.6501901140684411 0.4661458333333333 0.08365019011406843 0.057291666666666664
1 0.688212927756654 0.4166666666666667 0.06844106463878327 0.08333333333333333
1 0.7452471482889734 0.4401041666666667 0.060836501901140684 0.057291666666666664
1 0.7680608365019012 0.3880208333333333 0.06844106463878327 0.06770833333333333
1 0.8098859315589354 0.3567708333333333 0.053231939163498096 0.046875
1 0.8288973384030418 0.3828125 0.045627376425855515 0.057291666666666664
1 0.8460076045627376 0.3385416666666667 0.057034220532319393 0.052083333333333336
1 0.8802281368821293 0.3697916666666667 0.049429657794676805 0.041666666666666664
1 0.9106463878326996 0.2942708333333333 0.06463878326996197 0.057291666666666664
1 0.9619771863117871 0.2786458333333333 0.060836501901140684 0.057291666666666664
1 0.6273764258555133 0.4010416666666667 0.053231939163498096 0.052083333333333336
1 0.5836501901140685 0.375 0.057034220532319393 0.0625
1 0.6178707224334601 0.328125 0.057034220532319393 0.052083333333333336
1 0.6653992395437263 0.3385416666666667 0.03802281368821293 0.052083333333333336
1 0.7110266159695817 0.3046875 0.053231939163498096 0.046875
1 0.752851711026616 0.3411458333333333 0.053231939163498096 0.046875
1 0.7965779467680608 0.3125 0.049429657794676805 0.041666666666666664
1 0.7965779467680608 0.2630208333333333 0.07224334600760456 0.057291666666666664
1 0.8574144486692015 0.2708333333333333 0.04182509505703422 0.052083333333333336
1 0.9049429657794676 0.24739583333333334 0.053231939163498096 0.036458333333333336
1 0.9562737642585551 0.23958333333333334 0.049429657794676805 0.041666666666666664
1 0.8992395437262357 0.21354166666666666 0.034220532319391636 0.041666666666666664
1 0.935361216730038 0.203125 0.03802281368821293 0.03125
1 0.9752851711026616 0.1875 0.04182509505703422 0.0625
1 0.9334600760456274 0.17708333333333334 0.049429657794676805 0.03125
1 0.9524714828897338 0.13541666666666666 0.057034220532319393 0.041666666666666664
1 0.9372623574144486 0.09375 0.06463878326996197 0.052083333333333336
1 0.8479087452471483 0.20833333333333334 0.060836501901140684 0.0625
1 0.7927756653992395 0.22135416666666666 0.057034220532319393 0.026041666666666668
1 0.8098859315589354 0.19270833333333334 0.030418250950570342 0.041666666666666664
1 0.8079847908745247 0.1640625 0.034220532319391636 0.026041666666666668
1 0.8288973384030418 0.1328125 0.045627376425855515 0.057291666666666664
1 0.8574144486692015 0.15364583333333334 0.049429657794676805 0.046875
1 0.8821292775665399 0.11458333333333333 0.060836501901140684 0.041666666666666664
1 0.8384030418250951 0.08333333333333333 0.06463878326996197 0.041666666666666664
1 0.8212927756653993 0.059895833333333336 0.060836501901140684 0.036458333333333336
1 0.967680608365019 0.018229166666666668 0.034220532319391636 0.036458333333333336
1 0.779467680608365 0.0234375 0.045627376425855515 0.046875
1 0.7737642585551331 0.10677083333333333 0.034220532319391636 0.046875
1 0.7433460076045627 0.09635416666666667 0.06463878326996197 0.06770833333333333
1 0.6653992395437263 0.08854166666666667 0.06844106463878327 0.041666666666666664
1 0.6444866920152091 0.06770833333333333 0.057034220532319393 0.041666666666666664
1 0.6368821292775665 0.036458333333333336 0.057034220532319393 0.052083333333333336
1 0.5950570342205324 0.0546875 0.049429657794676805 0.046875
1 0.532319391634981 0.0078125 0.053231939163498096 0.015625
1 0.5285171102661597 0.028645833333333332 0.053231939163498096 0.026041666666666668
1 0.532319391634981 0.046875 0.053231939163498096 0.041666666666666664
1 0.6387832699619772 0.22395833333333334 0.053231939163498096 0.041666666666666664
1 0.6482889733840305 0.2682291666666667 0.06463878326996197 0.06770833333333333
1 0.6958174904942965 0.2526041666666667 0.03802281368821293 0.06770833333333333
1 0.7376425855513308 0.28125 0.045627376425855515 0.0625
1 0.7433460076045627 0.23177083333333334 0.049429657794676805 0.057291666666666664
1 0.7547528517110266 0.20052083333333334 0.04182509505703422 0.036458333333333336
1 0.7300380228136882 0.171875 0.060836501901140684 0.041666666666666664
1 0.7680608365019012 0.15364583333333334 0.053231939163498096 0.046875
1 0.7072243346007605 0.125 0.053231939163498096 0.041666666666666664
1 0.6653992395437263 0.14583333333333334 0.053231939163498096 0.0625
1 0.6539923954372624 0.17447916666666666 0.06844106463878327 0.026041666666666668
1 0.5855513307984791 0.13541666666666666 0.06844106463878327 0.07291666666666667
1 0.6254752851711026 0.09375 0.07224334600760456 0.041666666666666664
1 0.5570342205323194 0.07291666666666667 0.07224334600760456 0.041666666666666664
1 0.5152091254752852 0.09635416666666667 0.07224334600760456 0.026041666666666668
1 0.5019011406844106 0.140625 0.07604562737642585 0.052083333333333336
1 0.5076045627376425 0.18489583333333334 0.06463878326996197 0.057291666666666664
1 0.5798479087452472 0.203125 0.07224334600760456 0.041666666666666664
1 0.5399239543726235 0.2526041666666667 0.06844106463878327 0.057291666666666664
1 0.5627376425855514 0.22916666666666666 0.045627376425855515 0.041666666666666664
1 0.6083650190114068 0.2838541666666667 0.06844106463878327 0.046875
1 0.5684410646387833 0.3072916666666667 0.08745247148288973 0.052083333333333336
1 0.5475285171102662 0.3463541666666667 0.08365019011406843 0.046875
1 0.5380228136882129 0.3984375 0.057034220532319393 0.057291666666666664
1 0.4600760456273764 0.4296875 0.07604562737642585 0.06770833333333333
1 0.4828897338403042 0.3854166666666667 0.060836501901140684 0.0625
1 0.4752851711026616 0.3307291666666667 0.053231939163498096 0.046875
1 0.4847908745247148 0.2786458333333333 0.06463878326996197 0.046875
1 0.4790874524714829 0.24739583333333334 0.06844106463878327 0.046875
1 0.4600760456273764 0.21614583333333334 0.06844106463878327 0.036458333333333336
1 0.44866920152091255 0.1875 0.060836501901140684 0.041666666666666664
1 0.4372623574144487 0.15104166666666666 0.053231939163498096 0.041666666666666664
1 0.4429657794676806 0.11458333333333333 0.057034220532319393 0.052083333333333336
1 0.3916349809885932 0.11197916666666667 0.053231939163498096 0.057291666666666664
1 0.42775665399239543 0.7447916666666666 0.07984790874524715 0.07291666666666667
1 0.4448669201520912 0.6822916666666666 0.08365019011406843 0.0625
1 0.42395437262357416 0.5989583333333334 0.06463878326996197 0.07291666666666667
1 0.42395437262357416 0.5234375 0.06463878326996197 0.06770833333333333
1 0.40874524714828897 0.4609375 0.07984790874524715 0.046875
1 0.38593155893536124 0.421875 0.06463878326996197 0.052083333333333336
1 0.4220532319391635 0.3619791666666667 0.06844106463878327 0.06770833333333333
1 0.3060836501901141 0.8046875 0.07984790874524715 0.08854166666666667
1 0.3593155893536122 0.7630208333333334 0.07984790874524715 0.078125
1 0.279467680608365 0.7369791666666666 0.07984790874524715 0.08854166666666667
1 0.3574144486692015 0.6979166666666666 0.09125475285171103 0.08333333333333333
1 0.2889733840304182 0.6640625 0.06844106463878327 0.078125
1 0.34980988593155893 0.6302083333333334 0.07604562737642585 0.052083333333333336
1 0.2661596958174905 0.6145833333333334 0.09125475285171103 0.08333333333333333
1 0.3403041825095057 0.5729166666666666 0.08745247148288973 0.08333333333333333
1 0.27756653992395436 0.5364583333333334 0.09125475285171103 0.07291666666666667
1 0.35361216730038025 0.4973958333333333 0.07604562737642585 0.06770833333333333
1 0.30228136882129275 0.4713541666666667 0.09505703422053231 0.09895833333333333
1 0.18631178707224336 0.7265625 0.08365019011406843 0.08854166666666667
1 0.22433460076045628 0.7734375 0.07604562737642585 0.06770833333333333
1 0.13307984790874525 0.7369791666666666 0.060836501901140684 0.08854166666666667
1 0.0817490494296578 0.7057291666666666 0.07984790874524715 0.078125
1 0.11026615969581749 0.6432291666666666 0.08365019011406843 0.08854166666666667
1 0.19391634980988592 0.6328125 0.08365019011406843 0.06770833333333333
1 0.17680608365019013 0.5703125 0.06463878326996197 0.057291666666666664
1 0.09885931558935361 0.5703125 0.07604562737642585 0.06770833333333333
1 0.03802281368821293 0.5651041666666666 0.07604562737642585 0.078125
1 0.039923954372623575 0.5078125 0.057034220532319393 0.06770833333333333
1 0.017110266159695818 0.484375 0.034220532319391636 0.08333333333333333
1 0.060836501901140684 0.4557291666666667 0.09125475285171103 0.08854166666666667
1 0.13498098859315588 0.4869791666666667 0.06463878326996197 0.057291666666666664
1 0.1634980988593156 0.5208333333333334 0.07604562737642585 0.052083333333333336
1 0.009505703422053232 0.4036458333333333 0.019011406844106463 0.078125
1 0.053231939163498096 0.3984375 0.06844106463878327 0.057291666666666664
1 0.12927756653992395 0.4010416666666667 0.07604562737642585 0.041666666666666664
1 0.15779467680608364 0.4427083333333333 0.07984790874524715 0.0625
1 0.22433460076045628 0.4921875 0.060836501901140684 0.057291666666666664
1 0.23954372623574144 0.4322916666666667 0.06844106463878327 0.052083333333333336
1 0.2414448669201521 0.3776041666666667 0.06463878326996197 0.046875
1 0.32129277566539927 0.4010416666666667 0.07984790874524715 0.0625
1 0.17870722433460076 0.3932291666666667 0.060836501901140684 0.046875
1 0.10836501901140684 0.359375 0.06463878326996197 0.052083333333333336
1 0.155893536121673 0.3489583333333333 0.06844106463878327 0.08333333333333333
1 0.1844106463878327 0.3072916666666667 0.06463878326996197 0.0625
1 0.23954372623574144 0.328125 0.060836501901140684 0.052083333333333336
1 0.2813688212927757 0.3098958333333333 0.07604562737642585 0.078125
1 0.3288973384030418 0.3359375 0.06463878326996197 0.06770833333333333
1 0.37072243346007605 0.3645833333333333 0.057034220532319393 0.041666666666666664
1 0.4049429657794677 0.3098958333333333 0.06463878326996197 0.046875
1 0.42395437262357416 0.2864583333333333 0.049429657794676805 0.052083333333333336
1 0.376425855513308 0.2526041666666667 0.053231939163498096 0.046875
1 0.33079847908745247 0.234375 0.053231939163498096 0.041666666666666664
1 0.08365019011406843 0.2942708333333333 0.07604562737642585 0.06770833333333333
1 0.1482889733840304 0.2708333333333333 0.060836501901140684 0.041666666666666664
1 0.21482889733840305 0.2578125 0.049429657794676805 0.046875
1 0.25475285171102663 0.24739583333333334 0.030418250950570342 0.036458333333333336
1 0.06844106463878327 0.23177083333333334 0.053231939163498096 0.057291666666666664
1 0.12927756653992395 0.23958333333333334 0.06844106463878327 0.041666666666666664
1 0.155893536121673 0.20833333333333334 0.07604562737642585 0.041666666666666664
1 0.20532319391634982 0.1953125 0.045627376425855515 0.057291666666666664
1 0.2509505703422053 0.21354166666666666 0.053231939163498096 0.052083333333333336
1 0.26996197718631176 0.19010416666666666 0.06844106463878327 0.06770833333333333
1 0.31368821292775667 0.171875 0.057034220532319393 0.052083333333333336
1 0.2262357414448669 0.140625 0.057034220532319393 0.041666666666666664
1 0.2832699619771863 0.1328125 0.04182509505703422 0.057291666666666664
1 0.2984790874524715 0.109375 0.026615969581749048 0.052083333333333336
1 0.21673003802281368 0.09635416666666667 0.053231939163498096 0.06770833333333333
1 0.2585551330798479 0.08072916666666667 0.045627376425855515 0.06770833333333333
1 0.34980988593155893 0.1171875 0.045627376425855515 0.046875
1 0.36311787072243346 0.028645833333333332 0.06463878326996197 0.046875
1 0.36311787072243346 0.0546875 0.06463878326996197 0.036458333333333336
1 0.31368821292775667 0.018229166666666668 0.049429657794676805 0.036458333333333336
1 0.38022813688212925 0.005208333333333333 0.022813688212927757 0.010416666666666666
1 0.39543726235741444 0.010416666666666666 0.045627376425855515 0.020833333333333332