1 0.16363636363636364 0.6229508196721312 0.2545454545454545 0.44808743169398907
1 0.3890909090909091 0.6721311475409836 0.2909090909090909 0.46994535519125685
1 0.5945454545454546 0.7240437158469946 0.2872727272727273 0.5191256830601093
1 0.8618181818181818 0.6639344262295082 0.2690909090909091 0.48633879781420764
1 0.8127272727272727 0.20765027322404372 0.2290909090909091 0.24043715846994534
1 0.7472727272727273 0.40710382513661203 0.33090909090909093 0.3989071038251366
1 0.9109090909090909 0.1557377049180328 0.1709090909090909 0.3114754098360656
1 0.42727272727272725 0.26229508196721313 0.36727272727272725 0.44808743169398907
1 0.11090909090909092 0.42349726775956287 0.22181818181818183 0.3333333333333333
1 0.24 0.24316939890710382 0.11636363636363636 0.2786885245901639
1 0.13090909090909092 0.17486338797814208 0.17454545454545456 0.19672131147540983
1 0.025454545454545455 0.21584699453551912 0.05090909090909091 0.11475409836065574
1 0.11818181818181818 0.06557377049180328 0.19272727272727272 0.13114754098360656
1 0.28545454545454546 0.05737704918032787 0.23636363636363636 0.11475409836065574
1 0.6036363636363636 0.1092896174863388 0.3709090909090909 0.2185792349726776
1 0.8327272727272728 0.04644808743169399 0.11636363636363636 0.09289617486338798
1 0.02181818181818182 0.73224043715847 0.04363636363636364 0.32786885245901637
1 0.13454545454545455 0.912568306010929 0.2690909090909091 0.16393442622950818
1 0.39636363636363636 0.9453551912568307 0.3490909090909091 0.09836065573770492
1 0.8090909090909091 0.9508196721311475 0.19272727272727272 0.08743169398907104
1 0.9545454545454546 0.38524590163934425 0.08363636363636363 0.15846994535519127