1 0.8200757575757576 0.2905759162303665 0.14015151515151514 0.1518324607329843
1 0.6723484848484849 0.3010471204188482 0.14772727272727273 0.17277486910994763
1 0.7386363636363636 0.450261780104712 0.1590909090909091 0.15706806282722513
1 0.5909090909090909 0.4790575916230366 0.12878787878787878 0.16230366492146597
1 0.5473484848484849 0.3193717277486911 0.0946969696969697 0.18848167539267016
1 0.48295454545454547 0.39790575916230364 0.0946969696969697 0.16753926701570682
1 0.48295454545454547 0.6020942408376964 0.1553030303030303 0.24083769633507854
1 0.4071969696969697 0.5209424083769634 0.14015151515151514 0.20418848167539266
1 0.38446969696969696 0.3403141361256545 0.10984848484848485 0.16753926701570682
1 0.26704545454545453 0.387434554973822 0.14772727272727273 0.14659685863874344
1 0.24053030303030304 0.5549738219895288 0.1553030303030303 0.16753926701570682