1 0.20903010033444816 0.6845238095238095 0.11705685618729098 0.17857142857142858
1 0.18227424749163879 0.39285714285714285 0.07692307692307693 0.17857142857142858
1 0.3010033444816054 0.44345238095238093 0.15384615384615385 0.30357142857142855
1 0.3411371237458194 0.6547619047619048 0.12709030100334448 0.25
1 0.27759197324414714 0.8035714285714286 0.14715719063545152 0.21428571428571427
1 0.5016722408026756 0.33035714285714285 0.16722408026755853 0.27976190476190477
1 0.6053511705685619 0.4583333333333333 0.20066889632107024 0.25
1 0.6521739130434783 0.33035714285714285 0.1605351170568562 0.22023809523809523
1 0.5384615384615384 0.12202380952380952 0.14046822742474915 0.22023809523809523
1 0.754180602006689 0.26785714285714285 0.11705685618729098 0.16666666666666666
1 0.7725752508361204 0.12797619047619047 0.16722408026755853 0.19642857142857142