1 0.9510869565217391 0.8461538461538461 0.09057971014492754 0.2967032967032967
1 0.8514492753623188 0.9093406593406593 0.13768115942028986 0.17032967032967034
1 0.7119565217391305 0.8131868131868132 0.16304347826086957 0.25274725274725274
1 0.6793478260869565 0.9203296703296703 0.19202898550724637 0.14835164835164835
1 0.5434782608695652 0.8269230769230769 0.17391304347826086 0.21428571428571427
1 0.6739130434782609 0.7307692307692307 0.15942028985507245 0.18681318681318682
1 0.5036231884057971 0.9093406593406593 0.16666666666666666 0.17032967032967034
1 0.4329710144927536 0.9752747252747253 0.08333333333333333 0.038461538461538464
1 0.75 0.4945054945054945 0.2318840579710145 0.31868131868131866
1 0.9221014492753623 0.3626373626373626 0.14855072463768115 0.45054945054945056
1 0.8822463768115942 0.7142857142857143 0.22826086956521738 0.27472527472527475
1 0.5072463768115942 0.5494505494505495 0.2608695652173913 0.38461538461538464
1 0.7210144927536232 0.35714285714285715 0.2608695652173913 0.23076923076923078
1 0.34601449275362317 0.7664835164835165 0.2572463768115942 0.35714285714285715
1 0.23369565217391305 0.8928571428571429 0.25 0.2032967032967033
1 0.49818840579710144 0.21153846153846154 0.9963768115942029 0.4230769230769231
1 0.27717391304347827 0.18956043956043955 0.09057971014492754 0.12637362637362637
1 0.35507246376811596 0.260989010989011 0.07246376811594203 0.06043956043956044
1 0.3677536231884058 0.33516483516483514 0.09057971014492754 0.13186813186813187
1 0.34601449275362317 0.37362637362637363 0.07608695652173914 0.13186813186813187
1 0.375 0.45054945054945056 0.03985507246376811 0.06593406593406594
1 0.44021739130434784 0.38461538461538464 0.06884057971014493 0.07692307692307693
1 0.32065217391304346 0.5137362637362637 0.09057971014492754 0.15934065934065933
1 0.22644927536231885 0.5412087912087912 0.13405797101449277 0.14835164835164835
1 0.17572463768115942 0.6428571428571429 0.09057971014492754 0.14285714285714285
1 0.22282608695652173 0.6785714285714286 0.04710144927536232 0.11538461538461539
1 0.14673913043478262 0.7307692307692307 0.11956521739130435 0.14285714285714285
1 0.06702898550724638 0.8296703296703297 0.05434782608695652 0.15384615384615385
1 0.02355072463768116 0.8763736263736264 0.04710144927536232 0.13736263736263737
1 0.021739130434782608 0.9697802197802198 0.043478260869565216 0.04945054945054945
1 0.021739130434782608 0.7637362637362637 0.043478260869565216 0.08791208791208792
1 0.05434782608695652 0.6813186813186813 0.10869565217391304 0.15384615384615385
1 0.08695652173913043 0.5989010989010989 0.09420289855072464 0.10989010989010989
1 0.018115942028985508 0.5879120879120879 0.036231884057971016 0.16483516483516483
1 0.04891304347826087 0.45879120879120877 0.09057971014492754 0.14835164835164835
1 0.13043478260869565 0.47527472527472525 0.11594202898550725 0.17032967032967034
1 0.2463768115942029 0.4175824175824176 0.10144927536231885 0.14285714285714285
1 0.28442028985507245 0.2967032967032967 0.07608695652173914 0.12087912087912088
1 0.1956521739130435 0.3131868131868132 0.10869565217391304 0.12087912087912088
1 0.22826086956521738 0.25824175824175827 0.028985507246376812 0.03296703296703297
1 0.16847826086956522 0.38186813186813184 0.03985507246376811 0.06043956043956044
1 0.17391304347826086 0.19230769230769232 0.07971014492753623 0.12087912087912088
1 0.21739130434782608 0.22252747252747251 0.036231884057971016 0.09340659340659341
1 0.10869565217391304 0.2554945054945055 0.08695652173913043 0.09340659340659341
1 0.09782608695652174 0.3434065934065934 0.10144927536231885 0.09340659340659341
1 0.02717391304347826 0.38186813186813184 0.05434782608695652 0.1043956043956044
1 0.49818840579710144 0.49725274725274726 0.9963768115942029 0.9945054945054945