1 0.8034351145038168 0.6197916666666666 0.16412213740458015 0.21875
1 0.8225190839694656 0.2682291666666667 0.24045801526717558 0.3697916666666667
1 0.8797709923664122 0.125 0.23282442748091603 0.25
1 0.5152671755725191 0.3359375 0.22137404580152673 0.3802083333333333
1 0.6374045801526718 0.11197916666666667 0.25190839694656486 0.22395833333333334
1 0.4198473282442748 0.125 0.19083969465648856 0.25
1 0.25763358778625955 0.09114583333333333 0.1717557251908397 0.18229166666666666
1 0.2881679389312977 0.3333333333333333 0.24045801526717558 0.3229166666666667
1 0.4351145038167939 0.5963541666666666 0.11450381679389313 0.13020833333333334
1 0.2748091603053435 0.5885416666666666 0.20610687022900764 0.20833333333333334
1 0.08206106870229007 0.6744791666666666 0.16412213740458015 0.171875
1 0.1049618320610687 0.4140625 0.18702290076335878 0.2760416666666667
1 0.09351145038167939 0.21354166666666666 0.18702290076335878 0.3645833333333333