1 0.7327272727272728 0.2459016393442623 0.5272727272727272 0.4371584699453552
1 0.7872727272727272 0.546448087431694 0.3527272727272727 0.273224043715847
1 0.850909090909091 0.6994535519125683 0.16 0.15300546448087432
1 0.29818181818181816 0.8907103825136612 0.5963636363636363 0.20765027322404372
1 0.07818181818181819 0.7568306010928961 0.15636363636363637 0.2677595628415301
1 0.2690909090909091 0.22950819672131148 0.26181818181818184 0.39344262295081966
1 0.41818181818181815 0.12295081967213115 0.20363636363636364 0.2459016393442623
1 0.12181818181818181 0.060109289617486336 0.1709090909090909 0.12021857923497267
1 0.2381818181818182 0.030054644808743168 0.1709090909090909 0.060109289617486336
1 0.43454545454545457 0.48360655737704916 0.06181818181818182 0.08196721311475409
1 0.4690909090909091 0.5546448087431693 0.05090909090909091 0.12568306010928962
1 0.43272727272727274 0.5737704918032787 0.05818181818181818 0.1092896174863388
1 0.39454545454545453 0.587431693989071 0.05454545454545454 0.10382513661202186
1 0.37454545454545457 0.6557377049180327 0.08 0.09836065573770492
1 0.42 0.7131147540983607 0.06181818181818182 0.09289617486338798
1 0.4781818181818182 0.6939890710382514 0.07636363636363637 0.12021857923497267
1 0.5454545454545454 0.73224043715847 0.06545454545454546 0.12021857923497267
1 0.5836363636363636 0.7431693989071039 0.06181818181818182 0.12021857923497267
1 0.47454545454545455 0.7568306010928961 0.05454545454545454 0.09289617486338798
1 0.4163636363636364 0.76775956284153 0.04727272727272727 0.03825136612021858
1 0.3418181818181818 0.726775956284153 0.08 0.09836065573770492
1 0.33090909090909093 0.6229508196721312 0.06545454545454546 0.13114754098360656
1 0.32545454545454544 0.5710382513661202 0.07636363636363637 0.08196721311475409
1 0.26545454545454544 0.6284153005464481 0.08 0.09836065573770492
1 0.22 0.5792349726775956 0.05454545454545454 0.1092896174863388
1 0.22 0.6967213114754098 0.09090909090909091 0.11475409836065574
1 0.2672727272727273 0.7595628415300546 0.06909090909090909 0.07650273224043716
1 0.20545454545454545 0.7786885245901639 0.06909090909090909 0.09289617486338798
1 0.16 0.7131147540983607 0.02909090909090909 0.10382513661202186