1 0.6841085271317829 0.3487179487179487 0.08914728682170543 0.15384615384615385
1 0.6027131782945736 0.28974358974358977 0.1124031007751938 0.15897435897435896
1 0.6085271317829457 0.1564102564102564 0.27906976744186046 0.30256410256410254
1 0.8178294573643411 0.658974358974359 0.35658914728682173 0.49743589743589745
1 0.6686046511627907 0.4794871794871795 0.1124031007751938 0.15897435897435896
1 0.5813953488372093 0.45897435897435895 0.03875968992248062 0.035897435897435895
1 0.622093023255814 0.4846153846153846 0.04263565891472868 0.046153846153846156
1 0.5930232558139535 0.5025641025641026 0.03875968992248062 0.05128205128205128
1 0.6162790697674418 0.5384615384615384 0.03875968992248062 0.041025641025641026
1 0.5930232558139535 0.5692307692307692 0.03875968992248062 0.05128205128205128
1 0.560077519379845 0.5358974358974359 0.03488372093023256 0.046153846153846156
1 0.563953488372093 0.4948717948717949 0.03488372093023256 0.046153846153846156
1 0.5581395348837209 0.7102564102564103 0.17054263565891473 0.16923076923076924
1 0.436046511627907 0.8692307692307693 0.1434108527131783 0.21025641025641026
1 0.4476744186046512 0.9307692307692308 0.03488372093023256 0.05641025641025641
1 0.43410852713178294 0.5846153846153846 0.08527131782945736 0.10256410256410256
1 0.4844961240310077 0.5 0.08527131782945736 0.1282051282051282
1 0.4050387596899225 0.47692307692307695 0.07364341085271318 0.11282051282051282
1 0.3701550387596899 0.5615384615384615 0.06589147286821706 0.09743589743589744
1 0.39341085271317827 0.6564102564102564 0.07364341085271318 0.11282051282051282
1 0.436046511627907 0.5794871794871795 0.08139534883720931 0.10256410256410256
1 0.4748062015503876 0.6538461538461539 0.06589147286821706 0.11794871794871795
1 0.501937984496124 0.5820512820512821 0.04263565891472868 0.07692307692307693
1 0.4883720930232558 0.3717948717948718 0.06201550387596899 0.09743589743589744
1 0.5329457364341085 0.3487179487179487 0.050387596899224806 0.08205128205128205
1 0.4844961240310077 0.2846153846153846 0.07751937984496124 0.08717948717948718
1 0.32170542635658916 0.8025641025641026 0.07751937984496124 0.13846153846153847
1 0.22286821705426357 0.8282051282051283 0.1124031007751938 0.14871794871794872
1 0.18023255813953487 0.39487179487179486 0.08914728682170543 0.13333333333333333
1 0.12790697674418605 0.4948717948717949 0.11627906976744186 0.1282051282051282
1 0.21705426356589147 0.617948717948718 0.2248062015503876 0.2
1 0.34689922480620156 0.3923076923076923 0.2131782945736434 0.3333333333333333