1 0.15263157894736842 0.2796610169491525 0.30526315789473685 0.559322033898305
1 0.3543859649122807 0.09322033898305085 0.1824561403508772 0.1864406779661017
1 0.5175438596491229 0.096045197740113 0.1368421052631579 0.192090395480226
1 0.6684210526315789 0.11581920903954802 0.15789473684210525 0.23163841807909605
1 0.8631578947368421 0.0903954802259887 0.26666666666666666 0.1807909604519774
1 0.8333333333333334 0.23728813559322035 0.17894736842105263 0.2033898305084746
1 0.9596491228070175 0.2740112994350282 0.07368421052631578 0.24293785310734464
1 0.5859649122807018 0.2937853107344633 0.09824561403508772 0.2033898305084746
1 0.7298245614035088 0.24293785310734464 0.03508771929824561 0.04519774011299435
1 0.36140350877192984 0.3672316384180791 0.14035087719298245 0.22598870056497175
1 0.42280701754385963 0.2627118644067797 0.22807017543859648 0.1864406779661017
1 0.8 0.4378531073446328 0.14736842105263157 0.20903954802259886
1 0.9298245614035088 0.4180790960451977 0.13333333333333333 0.1694915254237288
1 0.9473684210526315 0.5028248587570622 0.09824561403508772 0.192090395480226
1 0.6736842105263158 0.4745762711864407 0.13333333333333333 0.2033898305084746
1 0.6929824561403509 0.3107344632768362 0.1649122807017544 0.13559322033898305
1 0.02456140350877193 0.6638418079096046 0.04912280701754386 0.1751412429378531
1 0.017543859649122806 0.7966101694915254 0.03508771929824561 0.13559322033898305
1 0.07894736842105263 0.940677966101695 0.15789473684210525 0.10734463276836158
1 0.1649122807017544 0.7542372881355932 0.24561403508771928 0.4124293785310734
1 0.2982456140350877 0.8954802259887006 0.12631578947368421 0.1977401129943503
1 0.3456140350877193 0.7090395480225988 0.1368421052631579 0.23163841807909605
1 0.39649122807017545 0.8050847457627118 0.056140350877192984 0.096045197740113
1 0.44035087719298244 0.9209039548022598 0.17192982456140352 0.14689265536723164
1 0.6614035087719298 0.8615819209039548 0.2771929824561403 0.2655367231638418
1 0.8298245614035088 0.788135593220339 0.17192982456140352 0.24293785310734464
1 0.9578947368421052 0.8135593220338984 0.07719298245614035 0.22598870056497175
1 0.8964912280701754 0.9378531073446328 0.2 0.11299435028248588
1 0.8859649122807017 0.6271186440677966 0.12982456140350876 0.15819209039548024
1 0.9701754385964912 0.6440677966101694 0.05263157894736842 0.14689265536723164
1 0.7649122807017544 0.6073446327683616 0.12631578947368421 0.12994350282485875
1 0.7140350877192982 0.7033898305084746 0.11578947368421053 0.096045197740113
1 0.48596491228070177 0.8192090395480226 0.12982456140350876 0.22598870056497175
1 0.5087719298245614 0.4180790960451977 0.04912280701754386 0.0903954802259887
1 0.5631578947368421 0.4265536723163842 0.03859649122807018 0.0847457627118644
1 0.5157894736842106 0.3672316384180791 0.028070175438596492 0.03389830508474576
1 0.5614035087719298 0.3870056497175141 0.028070175438596492 0.01694915254237288
1 0.47368421052631576 0.4096045197740113 0.042105263157894736 0.0847457627118644
1 0.443859649122807 0.4632768361581921 0.05263157894736842 0.06779661016949153
1 0.4824561403508772 0.5056497175141242 0.06666666666666667 0.096045197740113
1 0.5333333333333333 0.5056497175141242 0.056140350877192984 0.0847457627118644
1 0.5859649122807018 0.5112994350282486 0.042105263157894736 0.07344632768361582
1 0.5859649122807018 0.4548022598870056 0.04912280701754386 0.062146892655367235
1 0.44035087719298244 0.5621468926553672 0.05964912280701754 0.10734463276836158
1 0.3280701754385965 0.5536723163841808 0.17192982456140352 0.2033898305084746
1 0.5035087719298246 0.5790960451977402 0.05263157894736842 0.096045197740113
1 0.5631578947368421 0.5819209039548022 0.05964912280701754 0.1016949152542373
1 0.612280701754386 0.5847457627118644 0.03859649122807018 0.096045197740113
1 0.6403508771929824 0.556497175141243 0.0456140350877193 0.096045197740113
1 0.6526315789473685 0.6497175141242938 0.07719298245614035 0.1016949152542373
1 0.5807017543859649 0.6581920903954802 0.06666666666666667 0.07344632768361582
1 0.6192982456140351 0.7259887005649718 0.05263157894736842 0.062146892655367235
1 0.5578947368421052 0.7372881355932204 0.07017543859649122 0.10734463276836158
1 0.519298245614035 0.6694915254237288 0.06315789473684211 0.096045197740113
1 0.4614035087719298 0.6497175141242938 0.08771929824561403 0.11299435028248588
1 0.43333333333333335 0.556497175141243 0.07368421052631578 0.10734463276836158
1 0.4982456140350877 0.4971751412429379 0.9964912280701754 0.9943502824858758