1 0.9517374517374517 0.06958762886597938 0.0888030888030888 0.11855670103092783
1 0.944015444015444 0.17010309278350516 0.06563706563706563 0.07216494845360824
1 0.9594594594594594 0.29896907216494845 0.07335907335907337 0.20618556701030927
1 0.9247104247104247 0.36855670103092786 0.08108108108108109 0.13917525773195877
1 0.9806949806949807 0.4381443298969072 0.03088803088803089 0.09278350515463918
1 0.861003861003861 0.4329896907216495 0.0694980694980695 0.08247422680412371
1 0.915057915057915 0.47680412371134023 0.08494208494208494 0.0979381443298969
1 0.974903474903475 0.5283505154639175 0.04247104247104247 0.08762886597938144
1 0.9208494208494209 0.5695876288659794 0.07335907335907337 0.08762886597938144
1 0.9671814671814671 0.6211340206185567 0.05791505791505792 0.08762886597938144
1 0.9671814671814671 0.6984536082474226 0.05791505791505792 0.06701030927835051
1 0.9362934362934363 0.7860824742268041 0.11969111969111969 0.14948453608247422
1 0.8996138996138996 0.8788659793814433 0.09266409266409266 0.13917525773195877
1 0.974903474903475 0.8969072164948454 0.04247104247104247 0.1134020618556701
1 0.915057915057915 0.9742268041237113 0.12355212355212356 0.041237113402061855
1 0.9594594594594594 0.30670103092783507 0.07335907335907337 0.15979381443298968
1 0.04633204633204633 0.10309278350515463 0.07722007722007722 0.08247422680412371
1 0.011583011583011582 0.18556701030927836 0.023166023166023165 0.10309278350515463
1 0.08301158301158301 0.17525773195876287 0.10424710424710425 0.10309278350515463
1 0.10617760617760617 0.10824742268041238 0.03474903474903475 0.030927835051546393
1 0.13513513513513514 0.10824742268041238 0.11583011583011583 0.1134020618556701
1 0.25868725868725867 0.03608247422680412 0.14671814671814673 0.07216494845360824
1 0.3281853281853282 0.07216494845360824 0.12355212355212356 0.13402061855670103
1 0.3996138996138996 0.04381443298969072 0.05791505791505792 0.06701030927835051
1 0.22586872586872586 0.11597938144329897 0.08108108108108109 0.07731958762886598
1 0.277992277992278 0.17268041237113402 0.10810810810810811 0.11855670103092783
1 0.18146718146718147 0.18814432989690721 0.07722007722007722 0.05670103092783505
1 0.13513513513513514 0.24742268041237114 0.05405405405405406 0.08247422680412371
1 0.059845559845559844 0.2912371134020619 0.11969111969111969 0.17010309278350516
1 0.16795366795366795 0.3479381443298969 0.09652509652509653 0.13917525773195877
1 0.22972972972972974 0.2809278350515464 0.1274131274131274 0.17010309278350516
1 0.06756756756756757 0.4381443298969072 0.09652509652509653 0.15463917525773196
1 0.13127413127413126 0.5438144329896907 0.12355212355212356 0.17010309278350516
1 0.21042471042471042 0.4639175257731959 0.13513513513513514 0.12371134020618557
1 0.2876447876447876 0.3917525773195876 0.10424710424710425 0.09278350515463918
1 0.31467181467181465 0.31958762886597936 0.06563706563706563 0.1134020618556701
1 0.07528957528957529 0.6056701030927835 0.1274131274131274 0.0979381443298969
1 0.11776061776061776 0.7139175257731959 0.11196911196911197 0.11855670103092783
1 0.023166023166023165 0.7551546391752577 0.04633204633204633 0.11855670103092783
1 0.0444015444015444 0.8505154639175257 0.0888030888030888 0.16494845360824742
1 0.10810810810810811 0.9072164948453608 0.21621621621621623 0.17525773195876287
1 0.17953667953667954 0.8144329896907216 0.1891891891891892 0.23711340206185566
1 0.5656370656370656 0.7551546391752577 0.1583011583011583 0.18041237113402062
1 0.4980694980694981 0.9304123711340206 0.16216216216216217 0.12886597938144329
1 0.5482625482625483 0.8582474226804123 0.10038610038610038 0.14948453608247422
1 0.6312741312741312 0.8865979381443299 0.08108108108108109 0.12371134020618557
1 0.6988416988416989 0.904639175257732 0.08494208494208494 0.0979381443298969
1 0.7374517374517374 0.9587628865979382 0.05405405405405406 0.07216494845360824
1 0.7722007722007722 0.9201030927835051 0.0694980694980695 0.13917525773195877
1 0.6525096525096525 0.9639175257731959 0.07722007722007722 0.061855670103092786
1 0.8204633204633205 0.8427835051546392 0.0888030888030888 0.13917525773195877
1 0.8397683397683398 0.7525773195876289 0.06563706563706563 0.1134020618556701
1 0.693050193050193 0.7757731958762887 0.11196911196911197 0.17010309278350516
1 0.7606177606177607 0.7577319587628866 0.03861003861003861 0.041237113402061855
1 0.7664092664092664 0.7139175257731959 0.05019305019305019 0.0979381443298969
1 0.7258687258687259 0.6701030927835051 0.03861003861003861 0.041237113402061855
1 0.5945945945945946 0.6211340206185567 0.13127413127413126 0.14948453608247422
1 0.667953667953668 0.6469072164948454 0.07722007722007722 0.10824742268041238
1 0.7393822393822393 0.5747422680412371 0.13513513513513514 0.15979381443298968
1 0.666023166023166 0.5695876288659794 0.04247104247104247 0.06701030927835051
1 0.8378378378378378 0.5463917525773195 0.10038610038610038 0.07216494845360824
1 0.8976833976833977 0.6443298969072165 0.10424710424710425 0.12371134020618557
1 0.7837837837837838 0.5025773195876289 0.09266409266409266 0.10824742268041238
1 0.6911196911196911 0.44072164948453607 0.10038610038610038 0.11855670103092783
1 0.6023166023166023 0.4252577319587629 0.10038610038610038 0.11855670103092783
1 0.7837837837837838 0.4020618556701031 0.0694980694980695 0.07216494845360824
1 0.8243243243243243 0.25 0.05791505791505792 0.0979381443298969
1 0.8571428571428571 0.16752577319587628 0.11583011583011583 0.07731958762886598
1 0.88996138996139 0.25773195876288657 0.07335907335907337 0.08247422680412371
1 0.8976833976833977 0.3427835051546392 0.05791505791505792 0.08762886597938144
1 0.8648648648648649 0.3402061855670103 0.06177606177606178 0.07216494845360824
1 0.8262548262548263 0.3324742268041237 0.08494208494208494 0.08762886597938144
1 0.7625482625482626 0.25 0.08108108108108109 0.12886597938144329
1 0.8301158301158301 0.04381443298969072 0.12355212355212356 0.08762886597938144
1 0.9015444015444015 0.01804123711340206 0.07335907335907337 0.03608247422680412
1 0.8359073359073359 0.11855670103092783 0.08108108108108109 0.07216494845360824
1 0.9073359073359073 0.1056701030927835 0.04633204633204633 0.06701030927835051
1 0.7760617760617761 0.10824742268041238 0.03861003861003861 0.07216494845360824
1 0.7316602316602316 0.030927835051546393 0.08108108108108109 0.061855670103092786
1 0.667953667953668 0.028350515463917526 0.03861003861003861 0.03608247422680412
1 0.7104247104247104 0.06958762886597938 0.05405405405405406 0.04639175257731959
1 0.7007722007722008 0.12371134020618557 0.08108108108108109 0.061855670103092786
1 0.6235521235521235 0.05412371134020619 0.05791505791505792 0.05670103092783505
1 0.5694980694980695 0.061855670103092786 0.06563706563706563 0.09278350515463918
1 0.5 0.07216494845360824 0.0888030888030888 0.09278350515463918
1 0.5115830115830116 0.02577319587628866 0.019305019305019305 0.030927835051546393
1 0.4671814671814672 0.03350515463917526 0.03088803088803089 0.02577319587628866
1 0.4343629343629344 0.07216494845360824 0.02702702702702703 0.030927835051546393
1 0.38223938223938225 0.15979381443298968 0.07722007722007722 0.10309278350515463
1 0.416988416988417 0.10051546391752578 0.04633204633204633 0.06701030927835051
1 0.444015444015444 0.18814432989690721 0.04633204633204633 0.04639175257731959
1 0.48455598455598453 0.14690721649484537 0.06563706563706563 0.06701030927835051
1 0.5521235521235521 0.15979381443298968 0.0694980694980695 0.08247422680412371
1 0.4980694980694981 0.1958762886597938 0.06177606177606178 0.07216494845360824
1 0.5579150579150579 0.24484536082474226 0.0888030888030888 0.10824742268041238
1 0.6158301158301158 0.14175257731958762 0.06563706563706563 0.11855670103092783
1 0.6853281853281853 0.20103092783505155 0.0888030888030888 0.09278350515463918
1 0.6814671814671814 0.28350515463917525 0.0888030888030888 0.09278350515463918
1 0.6274131274131274 0.23711340206185566 0.02702702702702703 0.07216494845360824
1 0.35714285714285715 0.9381443298969072 0.10424710424710425 0.1134020618556701
1 0.2606177606177606 0.961340206185567 0.07335907335907337 0.06701030927835051
1 0.35714285714285715 0.8505154639175257 0.11969111969111969 0.13402061855670103
1 0.4305019305019305 0.7268041237113402 0.0888030888030888 0.16494845360824742
1 0.444015444015444 0.8427835051546392 0.05405405405405406 0.07731958762886598
1 0.3301158301158301 0.7654639175257731 0.11196911196911197 0.10824742268041238
1 0.2953667953667954 0.6314432989690721 0.1969111969111969 0.2422680412371134
1 0.2084942084942085 0.6881443298969072 0.08494208494208494 0.07731958762886598
1 0.3861003861003861 0.5592783505154639 0.10810810810810811 0.17010309278350516
1 0.47876447876447875 0.4948453608247423 0.14671814671814673 0.1134020618556701
1 0.48455598455598453 0.42010309278350516 0.08108108108108109 0.06701030927835051
1 0.5424710424710425 0.3917525773195876 0.05019305019305019 0.05154639175257732
1 0.37258687258687256 0.44329896907216493 0.1274131274131274 0.10309278350515463
1 0.42084942084942084 0.3788659793814433 0.03088803088803089 0.04639175257731959
1 0.3938223938223938 0.327319587628866 0.08494208494208494 0.11855670103092783
1 0.4343629343629344 0.23969072164948454 0.08108108108108109 0.07731958762886598
1 0.5 0.2860824742268041 0.08108108108108109 0.08762886597938144
1 0.46332046332046334 0.3402061855670103 0.08494208494208494 0.09278350515463918
1 0.5617760617760618 0.3324742268041237 0.08108108108108109 0.07731958762886598
1 0.637065637065637 0.35309278350515466 0.0694980694980695 0.03608247422680412
1 0.4980694980694981 0.49742268041237114 0.9961389961389961 0.9948453608247423