1 0.7711111111111111 0.7244444444444444 0.14666666666666667 0.1511111111111111
1 0.7066666666666667 0.7844444444444445 0.20444444444444446 0.22666666666666666
1 0.2111111111111111 0.64 0.22666666666666666 0.28444444444444444
1 0.4444444444444444 0.8222222222222222 0.3022222222222222 0.28444444444444444
1 0.4822222222222222 0.7666666666666667 0.26222222222222225 0.17333333333333334
1 0.5266666666666666 0.6888888888888889 0.17333333333333334 0.16
1 0.38666666666666666 0.6 0.13333333333333333 0.1688888888888889
1 0.5066666666666667 0.45555555555555555 0.24 0.24444444444444444
1 0.6 0.5288888888888889 0.2222222222222222 0.1688888888888889
1 0.6577777777777778 0.54 0.18666666666666668 0.15555555555555556
1 0.6933333333333334 0.5688888888888889 0.2222222222222222 0.24
1 0.6644444444444444 0.41555555555555557 0.16444444444444445 0.16444444444444445
1 0.6733333333333333 0.32222222222222224 0.19111111111111112 0.10222222222222223
1 0.6555555555555556 0.3422222222222222 0.21777777777777776 0.2222222222222222
1 0.66 0.22666666666666666 0.22666666666666666 0.09777777777777778
1 0.6044444444444445 0.13777777777777778 0.3288888888888889 0.19555555555555557
1 0.47555555555555556 0.24888888888888888 0.14222222222222222 0.18666666666666668
1 0.4088888888888889 0.23777777777777778 0.07111111111111111 0.29777777777777775
1 0.37777777777777777 0.27555555555555555 0.08888888888888889 0.32
1 0.3711111111111111 0.12444444444444444 0.18222222222222223 0.044444444444444446
1 0.2 0.11555555555555555 0.16 0.1688888888888889
1 0.28 0.2222222222222222 0.1511111111111111 0.1511111111111111
1 0.24 0.28444444444444444 0.2577777777777778 0.10666666666666667
1 0.32222222222222224 0.4111111111111111 0.12 0.19111111111111112
1 0.21333333333333335 0.40444444444444444 0.16 0.19555555555555557