1 0.25636363636363635 0.3087431693989071 0.43272727272727274 0.6174863387978142
1 0.42363636363636364 0.6147540983606558 0.24363636363636362 0.2896174863387978
1 0.45636363636363636 0.6775956284153005 0.2509090909090909 0.28415300546448086
1 0.5254545454545455 0.7103825136612022 0.2290909090909091 0.30601092896174864
1 0.5963636363636363 0.73224043715847 0.19636363636363635 0.29508196721311475
1 0.6836363636363636 0.7404371584699454 0.1890909090909091 0.2786885245901639
1 0.7781818181818182 0.7377049180327869 0.14545454545454545 0.273224043715847
1 0.8618181818181818 0.7295081967213115 0.11636363636363636 0.2896174863387978
1 0.9109090909090909 0.7131147540983607 0.14181818181818182 0.2568306010928962
1 0.9690909090909091 0.6885245901639344 0.05454545454545454 0.20765027322404372
1 0.9727272727272728 0.5710382513661202 0.04727272727272727 0.04918032786885246