1 0.9709090909090909 0.8442622950819673 0.05090909090909091 0.1912568306010929
1 0.9454545454545454 0.9398907103825137 0.07272727272727272 0.1092896174863388
1 0.9145454545454546 0.8579234972677595 0.08363636363636363 0.12021857923497267
1 0.9145454545454546 0.7568306010928961 0.08363636363636363 0.10382513661202186
1 0.9636363636363636 0.6885245901639344 0.06545454545454546 0.13114754098360656
1 0.9636363636363636 0.5846994535519126 0.06545454545454546 0.16393442622950818
1 0.9690909090909091 0.45081967213114754 0.05454545454545454 0.11475409836065574
1 0.9636363636363636 0.34972677595628415 0.06545454545454546 0.12021857923497267
1 0.9472727272727273 0.21584699453551912 0.09818181818181818 0.15846994535519127
1 0.9690909090909091 0.09016393442622951 0.05454545454545454 0.10382513661202186
1 0.96 0.01366120218579235 0.07272727272727272 0.0273224043715847
1 0.8636363636363636 0.00273224043715847 0.11272727272727273 0.00546448087431694
1 0.8672727272727273 0.1092896174863388 0.12 0.16393442622950818
1 0.8636363636363636 0.2103825136612022 0.06181818181818182 0.07103825136612021
1 0.8581818181818182 0.33879781420765026 0.11636363636363636 0.07650273224043716
1 0.8981818181818182 0.3005464480874317 0.08727272727272728 0.1092896174863388
1 0.8818181818181818 0.5327868852459017 0.15636363636363637 0.366120218579235
1 0.7872727272727272 0.6912568306010929 0.12 0.20218579234972678
1 0.8345454545454546 0.76775956284153 0.07636363636363637 0.09289617486338798
1 0.7781818181818182 0.8579234972677595 0.18181818181818182 0.19672131147540983
1 0.8418181818181818 0.9016393442622951 0.14181818181818182 0.18579234972677597
1 0.769090909090909 0.9726775956284153 0.05454545454545454 0.04371584699453552
1 0.6836363636363636 0.9371584699453552 0.13818181818181818 0.11475409836065574
1 0.6618181818181819 0.8306010928961749 0.08727272727272728 0.09836065573770492
1 0.6636363636363637 0.6666666666666666 0.14909090909090908 0.25136612021857924
1 0.6672727272727272 0.4562841530054645 0.12 0.1912568306010929
1 0.7763636363636364 0.4781420765027322 0.14181818181818182 0.22404371584699453
1 0.7454545454545455 0.1994535519125683 0.19636363636363635 0.20218579234972678
1 0.6945454545454546 0.27595628415300544 0.18181818181818182 0.20218579234972678
1 0.6309090909090909 0.319672131147541 0.14909090909090908 0.16939890710382513
1 0.5509090909090909 0.9617486338797814 0.11272727272727273 0.06557377049180328
1 0.62 0.9043715846994536 0.06181818181818182 0.09289617486338798
1 0.54 0.8469945355191257 0.14909090909090908 0.20765027322404372
1 0.5509090909090909 0.6420765027322405 0.14181818181818182 0.23497267759562843
1 0.4763636363636364 0.7049180327868853 0.06545454545454546 0.14207650273224043
1 0.4781818181818182 0.9480874316939891 0.04 0.09289617486338798
1 0.44181818181818183 0.9781420765027322 0.05454545454545454 0.03278688524590164
1 0.4163636363636364 0.9262295081967213 0.04 0.07103825136612021
1 0.3836363636363636 0.9617486338797814 0.04727272727272727 0.06557377049180328
1 0.36 0.9289617486338798 0.05818181818181818 0.08743169398907104
1 0.24545454545454545 0.8688524590163934 0.19272727272727272 0.25136612021857924
1 0.3 0.9590163934426229 0.10545454545454545 0.07103825136612021
1 0.1618181818181818 0.9781420765027322 0.06181818181818182 0.03278688524590164
1 0.07090909090909091 0.9016393442622951 0.14181818181818182 0.18579234972677597
1 0.15272727272727274 0.7704918032786885 0.12363636363636364 0.16393442622950818
1 0.24363636363636362 0.6612021857923497 0.12363636363636364 0.16393442622950818
1 0.3290909090909091 0.6639344262295082 0.04 0.09289617486338798
1 0.3654545454545455 0.6530054644808743 0.04 0.09289617486338798
1 0.4 0.7650273224043715 0.15272727272727274 0.25136612021857924
1 0.4490909090909091 0.5846994535519126 0.11272727272727273 0.1092896174863388
1 0.42727272727272725 0.4344262295081967 0.12 0.2459016393442623
1 0.5363636363636364 0.43169398907103823 0.11272727272727273 0.18579234972677597
1 0.6054545454545455 0.4918032786885246 0.06181818181818182 0.12021857923497267
1 0.5818181818181818 0.09016393442622951 0.15272727272727274 0.18032786885245902
1 0.649090909090909 0.030054644808743168 0.08363636363636363 0.060109289617486336
1 0.7145454545454546 0.01912568306010929 0.04727272727272727 0.03825136612021858
1 0.5563636363636364 0.2103825136612022 0.09454545454545454 0.09289617486338798
1 0.6181818181818182 0.19398907103825136 0.05090909090909091 0.060109289617486336
1 0.5181818181818182 0.273224043715847 0.07636363636363637 0.12021857923497267
1 0.56 0.2896174863387978 0.05818181818181818 0.06557377049180328
1 0.43636363636363634 0.24043715846994534 0.10909090909090909 0.19672131147540983
1 0.48545454545454547 0.12021857923497267 0.11272727272727273 0.16393442622950818
1 0.3927272727272727 0.06830601092896176 0.09454545454545454 0.11475409836065574
1 0.4090909090909091 0.16120218579234974 0.08363636363636363 0.09289617486338798
1 0.3509090909090909 0.2103825136612022 0.09090909090909091 0.14754098360655737
1 0.31636363636363635 0.28415300546448086 0.05818181818181818 0.0546448087431694
1 0.3018181818181818 0.3333333333333333 0.06545454545454546 0.1092896174863388
1 0.36363636363636365 0.3524590163934426 0.08727272727272728 0.11475409836065574
1 0.3527272727272727 0.505464480874317 0.07272727272727272 0.14754098360655737
1 0.3109090909090909 0.5819672131147541 0.10545454545454545 0.09289617486338798
1 0.2909090909090909 0.453551912568306 0.12363636363636364 0.15300546448087432
1 0.19090909090909092 0.5355191256830601 0.12727272727272726 0.16393442622950818
1 0.14181818181818182 0.6612021857923497 0.08727272727272728 0.12021857923497267
1 0.10363636363636364 0.6120218579234973 0.07636363636363637 0.08743169398907104
1 0.038181818181818185 0.7103825136612022 0.07636363636363637 0.24043715846994534
1 0.0890909090909091 0.7240437158469946 0.03272727272727273 0.04918032786885246
1 0.06909090909090909 0.5409836065573771 0.12363636363636364 0.15300546448087432
1 0.15272727272727274 0.4371584699453552 0.08727272727272728 0.09836065573770492
1 0.2 0.3442622950819672 0.13090909090909092 0.18579234972677597
1 0.056363636363636366 0.4098360655737705 0.11272727272727273 0.18579234972677597
1 0.06727272727272728 0.32786885245901637 0.12 0.13114754098360656
1 0.11090909090909092 0.27049180327868855 0.08363636363636363 0.11475409836065574
1 0.17454545454545456 0.1885245901639344 0.10909090909090909 0.14754098360655737
1 0.2636363636363636 0.20491803278688525 0.09090909090909091 0.11475409836065574
1 0.32 0.1092896174863388 0.05818181818181818 0.07650273224043716
1 0.3563636363636364 0.11202185792349727 0.04363636363636364 0.07103825136612021
1 0.24727272727272728 0.08196721311475409 0.09454545454545454 0.14207650273224043
1 0.1618181818181818 0.07377049180327869 0.07636363636363637 0.10382513661202186
1 0.20363636363636364 0.06284153005464481 0.02181818181818182 0.04918032786885246
1 0.13454545454545455 0.12568306010928962 0.05090909090909091 0.06557377049180328
1 0.09636363636363636 0.16939890710382513 0.05454545454545454 0.07650273224043716
1 0.04181818181818182 0.20491803278688525 0.08363636363636363 0.12568306010928962
1 0.012727272727272728 0.2459016393442623 0.025454545454545455 0.09836065573770492
1 0.06363636363636363 0.11475409836065574 0.05454545454545454 0.07650273224043716
1 0.08 0.04644808743169399 0.08 0.07103825136612021
1 0.02181818181818182 0.07650273224043716 0.04363636363636364 0.07650273224043716
1 0.02181818181818182 0.12021857923497267 0.04363636363636364 0.0546448087431694
1 0.06 0.02459016393442623 0.12 0.04918032786885246
1 0.24727272727272728 0.03278688524590164 0.19636363636363635 0.06557377049180328
1 0.49818181818181817 0.4972677595628415 0.9963636363636363 0.994535519125683