1 0.0898876404494382 0.1164021164021164 0.1797752808988764 0.2328042328042328
1 0.26591760299625467 0.11375661375661375 0.2397003745318352 0.2275132275132275
1 0.449438202247191 0.1164021164021164 0.23220973782771537 0.2328042328042328
1 0.651685393258427 0.11904761904761904 0.2397003745318352 0.23809523809523808
1 0.8146067415730337 0.1111111111111111 0.16853932584269662 0.2222222222222222
1 0.9307116104868914 0.1164021164021164 0.13108614232209737 0.2328042328042328
1 0.3651685393258427 0.4312169312169312 0.09363295880149813 0.06878306878306878
1 0.46254681647940077 0.48677248677248675 0.11610486891385768 0.1164021164021164
1 0.36142322097378277 0.49206349206349204 0.09363295880149813 0.08465608465608465
1 0.32771535580524347 0.5052910052910053 0.11610486891385768 0.12169312169312169
1 0.45692883895131087 0.5873015873015873 0.10486891385767791 0.12698412698412698
1 0.2247191011235955 0.6587301587301587 0.08239700374531835 0.06878306878306878
1 0.1891385767790262 0.6957671957671958 0.14606741573033707 0.0582010582010582
1 0.3089887640449438 0.6746031746031746 0.07865168539325842 0.0582010582010582
1 0.350187265917603 0.6825396825396826 0.06367041198501873 0.09523809523809523
1 0.31086142322097376 0.6243386243386243 0.0749063670411985 0.09523809523809523
1 0.552434456928839 0.753968253968254 0.07865168539325842 0.07936507936507936
1 0.7134831460674157 0.8756613756613757 0.056179775280898875 0.06878306878306878
1 0.7865168539325843 0.9074074074074074 0.0749063670411985 0.047619047619047616
1 0.700374531835206 0.9126984126984127 0.08239700374531835 0.037037037037037035
1 0.47191011235955055 0.9021164021164021 0.0599250936329588 0.0582010582010582
1 0.3389513108614232 0.8756613756613757 0.19850187265917604 0.10052910052910052
1 0.3895131086142322 0.9074074074074074 0.0898876404494382 0.037037037037037035
1 0.46441947565543074 0.8253968253968254 0.0898876404494382 0.1164021164021164
1 0.5411985018726592 0.7407407407407407 0.10112359550561797 0.10582010582010581
1 0.5973782771535581 0.7354497354497355 0.056179775280898875 0.10582010582010581
1 0.5973782771535581 0.6984126984126984 0.09363295880149813 0.12698412698412698
1 0.6460674157303371 0.6825396825396826 0.11610486891385768 0.05291005291005291
1 0.4756554307116105 0.6904761904761905 0.0449438202247191 0.10052910052910052
1 0.43258426966292135 0.6931216931216931 0.04119850187265917 0.1164021164021164
1 0.3951310861423221 0.6798941798941799 0.04868913857677903 0.10052910052910052
1 0.40636704119850187 0.7671957671957672 0.08614232209737828 0.08465608465608465
1 0.352059925093633 0.828042328042328 0.11235955056179775 0.0582010582010582
1 0.31273408239700373 0.7883597883597884 0.07116104868913857 0.07407407407407407
1 0.35580524344569286 0.7619047619047619 0.06741573033707865 0.07407407407407407
1 0.1760299625468165 0.7433862433862434 0.0599250936329588 0.026455026455026454
1 0.2247191011235955 0.753968253968254 0.0749063670411985 0.0582010582010582
1 0.25842696629213485 0.791005291005291 0.0749063670411985 0.06878306878306878
1 0.20037453183520598 0.8253968253968254 0.09363295880149813 0.10582010582010581
1 0.24344569288389514 0.8888888888888888 0.17228464419475656 0.09523809523809523
1 0.13857677902621723 0.917989417989418 0.1947565543071161 0.037037037037037035
1 0.05805243445692884 0.873015873015873 0.11610486891385768 0.10582010582010581
1 0.08239700374531835 0.8306878306878307 0.09737827715355805 0.06349206349206349
1 0.14606741573033707 0.798941798941799 0.0898876404494382 0.1164021164021164
1 0.4681647940074906 0.11375661375661375 0.9363295880149812 0.2275132275132275