1 0.13166666666666665 0.6785714285714286 0.03666666666666667 0.05952380952380952
1 0.035 0.12202380952380952 0.03666666666666667 0.06547619047619048
1 0.195 0.03869047619047619 0.05 0.07738095238095238
1 0.24833333333333332 0.041666666666666664 0.056666666666666664 0.08333333333333333
1 0.175 0.05952380952380952 0.023333333333333334 0.07142857142857142
1 0.03166666666666667 0.36607142857142855 0.056666666666666664 0.10119047619047619
1 0.6733333333333333 0.28273809523809523 0.16666666666666666 0.5297619047619048
1 0.5483333333333333 0.23214285714285715 0.09 0.30952380952380953
1 0.575 0.4255952380952381 0.05 0.08928571428571429
1 0.58 0.5595238095238095 0.02666666666666667 0.15476190476190477
1 0.5216666666666666 0.6726190476190477 0.043333333333333335 0.047619047619047616
1 0.49333333333333335 0.7767857142857143 0.04666666666666667 0.07738095238095238
1 0.46166666666666667 0.8422619047619048 0.043333333333333335 0.07738095238095238
1 0.44 0.12202380952380952 0.11333333333333333 0.22023809523809523
1 0.4266666666666667 0.3125 0.08666666666666667 0.23214285714285715
1 0.39 0.43154761904761907 0.1 0.16071428571428573
1 0.5733333333333334 0.46130952380952384 0.08666666666666667 0.06547619047619048