1 0.1622222222222222 0.7777777777777778 0.2088888888888889 0.43555555555555553
1 0.39555555555555555 0.7955555555555556 0.38222222222222224 0.4
1 0.5933333333333334 0.7511111111111111 0.5911111111111111 0.4888888888888889
1 0.8822222222222222 0.58 0.22666666666666666 0.4311111111111111
1 0.8911111111111111 0.8111111111111111 0.2088888888888889 0.3688888888888889
1 0.7488888888888889 0.7711111111111111 0.29777777777777775 0.4488888888888889
1 0.49777777777777776 0.6066666666666667 0.9955555555555555 0.3333333333333333
1 0.03111111111111111 0.8311111111111111 0.06222222222222222 0.13333333333333333
1 0.1711111111111111 0.3111111111111111 0.3422222222222222 0.6222222222222222
1 0.5444444444444444 0.31555555555555553 0.9022222222222223 0.6311111111111111
1 0.6666666666666666 0.32666666666666666 0.6577777777777778 0.6088888888888889
1 0.5444444444444444 0.08 0.30666666666666664 0.16
1 0.28444444444444444 0.12444444444444444 0.4444444444444444 0.1511111111111111
1 0.17777777777777778 0.31333333333333335 0.35555555555555557 0.14666666666666667
1 0.09555555555555556 0.18 0.14666666666666667 0.12
1 0.024444444444444446 0.13555555555555557 0.04888888888888889 0.27111111111111114