1 0.44468085106382976 0.3294392523364486 0.14042553191489363 0.09813084112149532
1 0.4978723404255319 0.7149532710280374 0.0851063829787234 0.07476635514018691
1 0.40638297872340423 0.6308411214953271 0.04680851063829787 0.04672897196261682
1 0.35106382978723405 0.6261682242990654 0.04680851063829787 0.40186915887850466
1 0.39787234042553193 0.8785046728971962 0.08936170212765958 0.22429906542056074
1 0.5127659574468085 0.8317757009345794 0.10638297872340426 0.32710280373831774
1 0.6319148936170212 0.8785046728971962 0.13191489361702127 0.2336448598130841
1 0.8212765957446808 0.8411214953271028 0.34893617021276596 0.21495327102803738
1 0.8425531914893617 0.9532710280373832 0.30638297872340425 0.08411214953271028
1 0.8808510638297873 0.9532710280373832 0.2297872340425532 0.08411214953271028
1 0.30425531914893617 0.7850467289719626 0.09787234042553192 0.4205607476635514
1 0.24893617021276596 0.7476635514018691 0.1148936170212766 0.12149532710280374
1 0.15319148936170213 0.8551401869158879 0.18723404255319148 0.1588785046728972
1 0.20638297872340425 0.6051401869158879 0.4127659574468085 0.4439252336448598
1 0.02127659574468085 0.8457943925233645 0.0425531914893617 0.11214953271028037
1 0.5361702127659574 0.5163551401869159 0.24680851063829787 0.2570093457943925
1 0.7978723404255319 0.6565420560747663 0.3872340425531915 0.2102803738317757
1 0.9085106382978724 0.6425233644859814 0.17446808510638298 0.14485981308411214
1 0.7638297872340426 0.5490654205607477 0.1574468085106383 0.3317757009345794
1 0.9170212765957447 0.5677570093457944 0.1574468085106383 0.1261682242990654
1 0.9063829787234042 0.3901869158878505 0.10212765957446808 0.3130841121495327
1 0.9638297872340426 0.42990654205607476 0.06382978723404255 0.17757009345794392
1 0.44680851063829785 0.2546728971962617 0.6638297872340425 0.16355140186915887
1 0.6446808510638298 0.26401869158878505 0.14042553191489363 0.17289719626168223
1 0.20212765957446807 0.32242990654205606 0.225531914893617 0.3364485981308411
1 0.2404255319148936 0.31542056074766356 0.35319148936170214 0.16355140186915887
1 0.4 0.14953271028037382 0.3148936170212766 0.22429906542056074
1 0.4085106382978723 0.10046728971962617 0.17872340425531916 0.20093457943925233
1 0.46170212765957447 0.08878504672897196 0.1148936170212766 0.17757009345794392
1 0.5957446808510638 0.10514018691588785 0.18723404255319148 0.2102803738317757
1 0.7425531914893617 0.11448598130841121 0.14893617021276595 0.22897196261682243
1 0.8765957446808511 0.17990654205607476 0.23829787234042554 0.22897196261682243
1 0.16595744680851063 0.0630841121495327 0.06808510638297872 0.1261682242990654
1 0.44893617021276594 0.4976635514018692 0.4127659574468085 0.9953271028037384
1 0.5212765957446809 0.4929906542056075 0.948936170212766 0.8551401869158879
1 0.03829787234042553 0.6004672897196262 0.07659574468085106 0.602803738317757