1 0.7190721649484536 0.8764478764478765 0.5515463917525774 0.23938223938223938
1 0.9484536082474226 0.749034749034749 0.09278350515463918 0.2471042471042471
1 0.8917525773195877 0.6428571428571429 0.20618556701030927 0.23552123552123552
1 0.7371134020618557 0.7162162162162162 0.25773195876288657 0.14285714285714285
1 0.7551546391752577 0.584942084942085 0.17010309278350516 0.1583011583011583
1 0.8814432989690721 0.4864864864864865 0.20618556701030927 0.11583011583011583
1 0.8685567010309279 0.39575289575289574 0.18041237113402062 0.1274131274131274
1 0.8221649484536082 0.3301158301158301 0.14948453608247422 0.11196911196911197
1 0.7963917525773195 0.25868725868725867 0.12886597938144329 0.07722007722007722
1 0.7010309278350515 0.31467181467181465 0.12371134020618557 0.0888030888030888
1 0.6365979381443299 0.2413127413127413 0.11855670103092783 0.0888030888030888
1 0.711340206185567 0.23938223938223938 0.08247422680412371 0.05405405405405406
1 0.5567010309278351 0.3166023166023166 0.17525773195876287 0.13127413127413126
1 0.538659793814433 0.4266409266409266 0.19072164948453607 0.11196911196911197
1 0.6829896907216495 0.4092664092664093 0.17010309278350516 0.10810810810810811
1 0.6185567010309279 0.48841698841698844 0.1958762886597938 0.0888030888030888
1 0.5309278350515464 0.61003861003861 0.36082474226804123 0.23938223938223938
1 0.7422680412371134 0.7142857142857143 0.26804123711340205 0.12355212355212356
1 0.49226804123711343 0.8552123552123552 0.29381443298969073 0.28185328185328185
1 0.18556701030927836 0.9131274131274131 0.3711340206185567 0.16602316602316602
1 0.18298969072164947 0.7065637065637066 0.29381443298969073 0.2702702702702703
1 0.05154639175257732 0.7277992277992278 0.10309278350515463 0.22007722007722008
1 0.25773195876288657 0.5965250965250966 0.2268041237113402 0.10424710424710425
1 0.33505154639175255 0.5212355212355212 0.26804123711340205 0.08494208494208494
1 0.3247422680412371 0.4362934362934363 0.28865979381443296 0.10810810810810811
1 0.4896907216494845 0.4092664092664093 0.30927835051546393 0.16216216216216217
1 0.30927835051546393 0.3474903474903475 0.27835051546391754 0.08494208494208494
1 0.45103092783505155 0.3185328185328185 0.07731958762886598 0.04247104247104247
1 0.18298969072164947 0.3532818532818533 0.23195876288659795 0.10424710424710425
1 0.12371134020618557 0.4343629343629344 0.18556701030927836 0.10424710424710425
1 0.10051546391752578 0.5057915057915058 0.20103092783505155 0.14671814671814673