1 0.7377777777777778 0.4666666666666667 0.21333333333333335 0.3288888888888889
1 0.8533333333333334 0.3933333333333333 0.14222222222222222 0.2088888888888889
1 0.5244444444444445 0.2111111111111111 0.3377777777777778 0.26222222222222225
1 0.7155555555555555 0.21333333333333335 0.16 0.2577777777777778
1 0.30444444444444446 0.18666666666666668 0.22666666666666666 0.20444444444444446
1 0.26666666666666666 0.35555555555555557 0.24888888888888888 0.2222222222222222
1 0.48 0.42444444444444446 0.28444444444444444 0.39555555555555555
1 0.7733333333333333 0.6133333333333333 0.3022222222222222 0.1688888888888889
1 0.5577777777777778 0.6933333333333334 0.3333333333333333 0.19555555555555557
1 0.27111111111111114 0.64 0.32 0.3111111111111111
1 0.17777777777777778 0.44666666666666666 0.2311111111111111 0.21777777777777776
1 0.3288888888888889 0.7844444444444445 0.27555555555555555 0.2
1 0.6044444444444445 0.8333333333333334 0.32 0.16444444444444445