1 0.7548262548262549 0.3865979381443299 0.09652509652509653 0.15463917525773196
1 0.5637065637065637 0.16752577319587628 0.23938223938223938 0.20103092783505155
1 0.6447876447876448 0.17268041237113402 0.16216216216216217 0.26288659793814434
1 0.6332046332046332 0.32216494845360827 0.11583011583011583 0.12886597938144329
1 0.6177606177606177 0.45103092783505155 0.13127413127413126 0.211340206185567
1 0.5193050193050193 0.41494845360824745 0.13513513513513514 0.26288659793814434
1 0.4980694980694981 0.5154639175257731 0.10810810810810811 0.12371134020618557
1 0.4575289575289575 0.6134020618556701 0.08108108108108109 0.09278350515463918
1 0.5444015444015444 0.6211340206185567 0.08494208494208494 0.10824742268041238
1 0.6776061776061776 0.6185567010309279 0.08108108108108109 0.12371134020618557
1 0.6640926640926641 0.7680412371134021 0.09266409266409266 0.1134020618556701
1 0.5328185328185329 0.7963917525773195 0.09266409266409266 0.11855670103092783
1 0.0945945945945946 0.729381443298969 0.1891891891891892 0.27319587628865977
1 0.3281853281853282 0.7731958762886598 0.2702702702702703 0.10309278350515463
1 0.5598455598455598 0.9201030927835051 0.04633204633204633 0.14948453608247422
1 0.40733590733590735 0.4175257731958763 0.08108108108108109 0.13402061855670103
1 0.39768339768339767 0.2345360824742268 0.23166023166023167 0.12886597938144329