1 0.6754716981132075 0.7868421052631579 0.14339622641509434 0.21578947368421053
1 0.7962264150943397 0.6342105263157894 0.2037735849056604 0.20526315789473684
1 0.5754716981132075 0.7289473684210527 0.1018867924528302 0.1631578947368421
1 0.5622641509433962 0.8605263157894737 0.17358490566037735 0.11052631578947368
1 0.4867924528301887 0.781578947368421 0.1660377358490566 0.14210526315789473
1 0.4358490566037736 0.8368421052631579 0.13962264150943396 0.16842105263157894
1 0.6415094339622641 0.5631578947368421 0.19622641509433963 0.23157894736842105
1 0.7716981132075472 0.4421052631578947 0.1169811320754717 0.16842105263157894
1 0.660377358490566 0.3631578947368421 0.1660377358490566 0.17894736842105263
1 0.7679245283018868 0.28157894736842104 0.09433962264150944 0.1631578947368421
1 0.6924528301886792 0.1736842105263158 0.2 0.18947368421052632
1 0.5471698113207547 0.16842105263157894 0.10566037735849057 0.1368421052631579
1 0.590566037735849 0.05789473684210526 0.12452830188679245 0.11578947368421053
1 0.4660377358490566 0.08157894736842106 0.15471698113207547 0.13157894736842105
1 0.4358490566037736 0.02894736842105263 0.1320754716981132 0.05789473684210526
1 0.3433962264150943 0.04473684210526316 0.0830188679245283 0.07894736842105263
1 0.3471698113207547 0.13421052631578947 0.11320754716981132 0.14210526315789473
1 0.4207547169811321 0.17105263157894737 0.1018867924528302 0.1736842105263158
1 0.23773584905660378 0.15 0.11320754716981132 0.1736842105263158
1 0.3132075471698113 0.26842105263157895 0.12830188679245283 0.15789473684210525
1 0.4018867924528302 0.3368421052631579 0.12452830188679245 0.18947368421052632
1 0.5207547169811321 0.3973684210526316 0.11320754716981132 0.20526315789473684
1 0.5830188679245283 0.2868421052631579 0.07924528301886792 0.1
1 0.5056603773584906 0.24210526315789474 0.07547169811320754 0.12631578947368421
1 0.42641509433962266 0.4921052631578947 0.14339622641509434 0.1631578947368421
1 0.49056603773584906 0.5815789473684211 0.12830188679245283 0.18421052631578946
1 0.44528301886792454 0.6684210526315789 0.13584905660377358 0.18947368421052632
1 0.3169811320754717 0.6605263157894737 0.13584905660377358 0.19473684210526315
1 0.2660377358490566 0.7842105263157895 0.12452830188679245 0.21052631578947367
1 0.3641509433962264 0.8157894736842105 0.07924528301886792 0.15789473684210525
1 0.28679245283018867 0.46842105263157896 0.13584905660377358 0.2
1 0.2037735849056604 0.35 0.12075471698113208 0.13157894736842105
1 0.19433962264150945 0.5052631578947369 0.10943396226415095 0.15789473684210525
1 0.19811320754716982 0.631578947368421 0.1018867924528302 0.12631578947368421