1 0.7727272727272727 0.6502732240437158 0.3236363636363636 0.18579234972677597
1 0.6872727272727273 0.6666666666666666 0.1890909090909091 0.09836065573770492
1 0.6036363636363636 0.7049180327868853 0.07272727272727272 0.13114754098360656
1 0.6618181818181819 0.7868852459016393 0.014545454545454545 0.02185792349726776
1 0.6545454545454545 0.7131147540983607 0.014545454545454545 0.01639344262295082
1 0.6781818181818182 0.7486338797814208 0.025454545454545455 0.02185792349726776
1 0.86 0.9207650273224044 0.025454545454545455 0.0273224043715847
1 0.5327272727272727 0.7103825136612022 0.06909090909090909 0.06557377049180328
1 0.5290909090909091 0.7431693989071039 0.01090909090909091 0.01092896174863388
1 0.5872727272727273 0.7814207650273224 0.03272727272727273 0.03278688524590164
1 0.5490909090909091 0.3633879781420765 0.08727272727272728 0.11475409836065574
1 0.6145454545454545 0.3743169398907104 0.05818181818181818 0.11475409836065574
1 0.5963636363636363 0.46994535519125685 0.02181818181818182 0.0546448087431694
1 0.6127272727272727 0.5027322404371585 0.04727272727272727 0.04371584699453552
1 0.6145454545454545 0.5382513661202186 0.05090909090909091 0.0273224043715847
1 0.5181818181818182 0.4344262295081967 0.09818181818181818 0.0273224043715847
1 0.5218181818181818 0.5792349726775956 0.12 0.20765027322404372
1 0.2727272727272727 0.7486338797814208 0.13090909090909092 0.19672131147540983
1 0.3690909090909091 0.674863387978142 0.07636363636363637 0.3551912568306011
1 0.4018181818181818 0.5109289617486339 0.03272727272727273 0.060109289617486336
1 0.3418181818181818 0.48633879781420764 0.07272727272727272 0.1092896174863388
1 0.27636363636363637 0.4726775956284153 0.13818181818181818 0.1366120218579235
1 0.20727272727272728 0.6666666666666666 0.03636363636363636 0.30601092896174864
1 0.2818181818181818 0.6366120218579235 0.13454545454545455 0.09289617486338798
1 0.2818181818181818 0.592896174863388 0.13454545454545455 0.07103825136612021
1 0.056363636363636366 0.5327868852459017 0.07636363636363637 0.15846994535519127
1 0.12727272727272726 0.49453551912568305 0.02909090909090909 0.2677595628415301
1 0.1690909090909091 0.49453551912568305 0.05454545454545454 0.2677595628415301
1 0.17454545454545456 0.2786885245901639 0.08727272727272728 0.0546448087431694
1 0.20545454545454545 0.20765027322404372 0.05454545454545454 0.1092896174863388
1 0.27454545454545454 0.26229508196721313 0.09818181818181818 0.04371584699453552
1 0.24 0.4262295081967213 0.04363636363636364 0.12021857923497267
1 0.28909090909090907 0.4098360655737705 0.06181818181818182 0.14207650273224043
1 0.3618181818181818 0.16120218579234974 0.13454545454545455 0.11475409836065574
1 0.30363636363636365 0.3114754098360656 0.06181818181818182 0.15300546448087432
1 0.35454545454545455 0.33060109289617484 0.05454545454545454 0.21311475409836064
1 0.4109090909090909 0.35792349726775957 0.05818181818181818 0.2786885245901639
1 0.5545454545454546 0.4016393442622951 0.2 0.3551912568306011
1 0.5218181818181818 0.5683060109289617 0.14909090909090908 0.29508196721311475
1 0.35818181818181816 0.3524590163934426 0.18545454545454546 0.3114754098360656
1 0.21818181818181817 0.45901639344262296 0.21818181818181817 0.40437158469945356
1 0.30363636363636365 0.6693989071038251 0.26545454545454544 0.3551912568306011
1 0.06181818181818182 0.7595628415300546 0.12363636363636364 0.28415300546448086
1 0.04909090909090909 0.5109289617486339 0.09818181818181818 0.22404371584699453
1 0.04909090909090909 0.3770491803278688 0.09818181818181818 0.06557377049180328