1 0.649090909090909 0.8169398907103825 0.5054545454545455 0.3551912568306011
1 0.8981818181818182 0.5601092896174863 0.19636363636363635 0.15846994535519127
1 0.7218181818181818 0.6174863387978142 0.3236363636363636 0.25136612021857924
1 0.9527272727272728 0.4207650273224044 0.08727272727272728 0.1092896174863388
1 0.8309090909090909 0.4180327868852459 0.2509090909090909 0.14754098360655737
1 0.6272727272727273 0.4453551912568306 0.45454545454545453 0.3333333333333333
1 0.8309090909090909 0.25136612021857924 0.33090909090909093 0.17486338797814208
1 0.9490909090909091 0.11202185792349727 0.09454545454545454 0.18032786885245902
1 0.9363636363636364 0.273224043715847 0.12 0.22950819672131148
1 0.15454545454545454 0.8879781420765027 0.3090909090909091 0.1366120218579235
1 0.31636363636363635 0.8797814207650273 0.4218181818181818 0.22950819672131148
1 0.34363636363636363 0.8661202185792349 0.4109090909090909 0.2568306010928962
1 0.2381818181818182 0.6939890710382514 0.4763636363636364 0.20765027322404372
1 0.08 0.8797814207650273 0.16 0.20765027322404372
1 0.34363636363636363 0.5245901639344263 0.19272727272727272 0.14207650273224043
1 0.1781818181818182 0.5901639344262295 0.3418181818181818 0.26229508196721313
1 0.09090909090909091 0.6939890710382514 0.13818181818181818 0.12021857923497267
1 0.14 0.4726775956284153 0.28 0.4972677595628415
1 0.3090909090909091 0.19398907103825136 0.3418181818181818 0.15846994535519127
1 0.08727272727272728 0.3224043715846995 0.17454545454545456 0.19672131147540983
1 0.3090909090909091 0.3825136612021858 0.4218181818181818 0.16393442622950818
1 0.13818181818181818 0.3907103825136612 0.27636363636363637 0.3114754098360656
1 0.18181818181818182 0.546448087431694 0.24 0.18579234972677597
1 0.18181818181818182 0.5956284153005464 0.33454545454545453 0.25136612021857924
1 0.07454545454545454 0.6912568306010929 0.12 0.11475409836065574
1 0.3527272727272727 0.5218579234972678 0.12363636363636364 0.10382513661202186
1 0.42363636363636364 0.3224043715846995 0.41818181818181815 0.13114754098360656
1 0.6018181818181818 0.24043715846994534 0.12 0.12021857923497267
1 0.6727272727272727 0.11748633879781421 0.3781818181818182 0.23497267759562843
1 0.8872727272727273 0.09016393442622951 0.21818181818181817 0.18032786885245902
1 0.37454545454545457 0.060109289617486336 0.5018181818181818 0.12021857923497267