1 0.9097938144329897 0.2606177606177606 0.10824742268041238 0.10424710424710425
1 0.8943298969072165 0.20270270270270271 0.15979381443298968 0.05791505791505792
1 0.7319587628865979 0.1891891891891892 0.15463917525773196 0.06177606177606178
1 0.7835051546391752 0.23552123552123552 0.14432989690721648 0.08494208494208494
1 0.6365979381443299 0.25675675675675674 0.13917525773195877 0.0888030888030888
1 0.7396907216494846 0.2915057915057915 0.10824742268041238 0.06563706563706563
1 0.8195876288659794 0.3359073359073359 0.13402061855670103 0.12355212355212356
1 0.9175257731958762 0.33204633204633205 0.08247422680412371 0.03088803088803089
1 0.9252577319587629 0.39768339768339767 0.13917525773195877 0.10038610038610038
1 0.9304123711340206 0.4768339768339768 0.10824742268041238 0.10424710424710425
1 0.9226804123711341 0.5366795366795367 0.061855670103092786 0.04633204633204633
1 0.8505154639175257 0.525096525096525 0.08247422680412371 0.0694980694980695
1 0.8195876288659794 0.4555984555984556 0.1134020618556701 0.10810810810810811
1 0.7164948453608248 0.4362934362934363 0.1134020618556701 0.09266409266409266
1 0.6907216494845361 0.47297297297297297 0.12371134020618557 0.05019305019305019
1 0.6108247422680413 0.3359073359073359 0.07731958762886598 0.0694980694980695
1 0.6958762886597938 0.35135135135135137 0.10309278350515463 0.06177606177606178
1 0.6597938144329897 0.38996138996138996 0.09278350515463918 0.10038610038610038
1 0.6211340206185567 0.4015444015444015 0.0979381443298969 0.0694980694980695
1 0.6134020618556701 0.44594594594594594 0.08247422680412371 0.05019305019305019
1 0.6237113402061856 0.5154440154440154 0.09278350515463918 0.08108108108108109
1 0.7268041237113402 0.5231660231660231 0.12371134020618557 0.07335907335907337
1 0.48711340206185566 0.2722007722007722 0.06701030927835051 0.0888030888030888
1 0.4639175257731959 0.20270270270270271 0.10309278350515463 0.07335907335907337
1 0.4793814432989691 0.1640926640926641 0.08247422680412371 0.04247104247104247
1 0.44072164948453607 0.14092664092664092 0.08762886597938144 0.04247104247104247
1 0.3865979381443299 0.1525096525096525 0.10309278350515463 0.05791505791505792
1 0.3582474226804124 0.13127413127413126 0.06701030927835051 0.03088803088803089
1 0.2706185567010309 0.13320463320463322 0.08762886597938144 0.04247104247104247
1 0.3015463917525773 0.17953667953667954 0.07731958762886598 0.06563706563706563
1 0.39948453608247425 0.22972972972972974 0.0979381443298969 0.10424710424710425
1 0.41237113402061853 0.2857142857142857 0.07216494845360824 0.04633204633204633
1 0.36082474226804123 0.2953667953667954 0.17525773195876287 0.05019305019305019
1 0.3427835051546392 0.24517374517374518 0.07731958762886598 0.06563706563706563
1 0.29896907216494845 0.25096525096525096 0.07216494845360824 0.05405405405405406
1 0.2603092783505155 0.21621621621621623 0.04639175257731959 0.03861003861003861
1 0.211340206185567 0.16795366795366795 0.09278350515463918 0.05791505791505792
1 0.19072164948453607 0.11969111969111969 0.09278350515463918 0.0694980694980695
1 0.13659793814432988 0.1525096525096525 0.07731958762886598 0.06563706563706563
1 0.15979381443298968 0.20463320463320464 0.13402061855670103 0.06177606177606178
1 0.14948453608247422 0.2722007722007722 0.1134020618556701 0.09652509652509653
1 0.23711340206185566 0.3127413127413127 0.1134020618556701 0.03088803088803089
1 0.06701030927835051 0.2876447876447876 0.12371134020618557 0.08108108108108109
1 0.06443298969072164 0.21621621621621623 0.12886597938144329 0.10038610038610038
1 0.06958762886597938 0.14478764478764478 0.10824742268041238 0.05019305019305019
1 0.4845360824742268 0.37258687258687256 0.061855670103092786 0.05791505791505792
1 0.4072164948453608 0.37258687258687256 0.061855670103092786 0.06563706563706563
1 0.45103092783505155 0.4305019305019305 0.11855670103092783 0.05791505791505792
1 0.45618556701030927 0.3764478764478765 0.02577319587628866 0.05791505791505792
1 0.3711340206185567 0.3803088803088803 0.041237113402061855 0.05019305019305019
1 0.2963917525773196 0.3783783783783784 0.10824742268041238 0.09266409266409266
1 0.28865979381443296 0.41505791505791506 0.061855670103092786 0.04247104247104247
1 0.36855670103092786 0.42857142857142855 0.0979381443298969 0.06177606177606178
1 0.4097938144329897 0.4691119691119691 0.06701030927835051 0.04247104247104247
1 0.48711340206185566 0.49613899613899615 0.05670103092783505 0.09652509652509653
1 0.46134020618556704 0.5733590733590733 0.10824742268041238 0.06563706563706563
1 0.4252577319587629 0.5154440154440154 0.08762886597938144 0.09652509652509653
1 0.38144329896907214 0.5656370656370656 0.08247422680412371 0.08108108108108109
1 0.3324742268041237 0.5598455598455598 0.05670103092783505 0.06177606177606178
1 0.2860824742268041 0.5328185328185329 0.07731958762886598 0.0694980694980695
1 0.3170103092783505 0.4942084942084942 0.08762886597938144 0.06177606177606178
1 0.28865979381443296 0.46525096525096526 0.09278350515463918 0.08108108108108109
1 0.3582474226804124 0.49613899613899615 0.05670103092783505 0.06563706563706563
1 0.18814432989690721 0.37065637065637064 0.08762886597938144 0.07722007722007722
1 0.14432989690721648 0.42084942084942084 0.15463917525773196 0.08494208494208494
1 0.15206185567010308 0.47297297297297297 0.12886597938144329 0.08108108108108109
1 0.16237113402061856 0.525096525096525 0.10824742268041238 0.06177606177606178
1 0.15721649484536082 0.5752895752895753 0.10824742268041238 0.06177606177606178
1 0.07216494845360824 0.5656370656370656 0.07216494845360824 0.08108108108108109
1 0.04639175257731959 0.5135135135135135 0.07216494845360824 0.0694980694980695
1 0.023195876288659795 0.5521235521235521 0.04639175257731959 0.08494208494208494
1 0.030927835051546393 0.4671814671814672 0.061855670103092786 0.03861003861003861
1 0.028350515463917526 0.41505791505791506 0.05670103092783505 0.05019305019305019
1 0.061855670103092786 0.4305019305019305 0.061855670103092786 0.05791505791505792
1 0.10051546391752578 0.3783783783783784 0.11855670103092783 0.0694980694980695
1 0.10824742268041238 0.35135135135135137 0.07216494845360824 0.023166023166023165
1 0.02577319587628866 0.3667953667953668 0.05154639175257732 0.04633204633204633
1 0.7603092783505154 0.918918918918919 0.04639175257731959 0.03088803088803089
1 0.770618556701031 0.8938223938223938 0.04639175257731959 0.02702702702702703
1 0.7345360824742269 0.8861003861003861 0.02577319587628866 0.019305019305019305
1 0.7396907216494846 0.859073359073359 0.03608247422680412 0.019305019305019305
1 0.7680412371134021 0.8706563706563707 0.020618556701030927 0.019305019305019305
1 0.7654639175257731 0.8359073359073359 0.02577319587628866 0.019305019305019305
1 0.7319587628865979 0.8359073359073359 0.020618556701030927 0.019305019305019305
1 0.7603092783505154 0.803088803088803 0.04639175257731959 0.023166023166023165
1 0.7551546391752577 0.777992277992278 0.03608247422680412 0.019305019305019305
1 0.7525773195876289 0.7451737451737451 0.05154639175257732 0.03861003861003861
1 0.7422680412371134 0.7162162162162162 0.041237113402061855 0.02702702702702703
1 0.75 0.6833976833976834 0.03608247422680412 0.03088803088803089
1 0.7216494845360825 0.6621621621621622 0.041237113402061855 0.03474903474903475
1 0.6829896907216495 0.6544401544401545 0.03608247422680412 0.019305019305019305
1 0.6932989690721649 0.9247104247104247 0.05670103092783505 0.04247104247104247
1 0.7164948453608248 0.8976833976833977 0.061855670103092786 0.05019305019305019
1 0.6984536082474226 0.8474903474903475 0.05670103092783505 0.04247104247104247
1 0.7216494845360825 0.8108108108108109 0.05154639175257732 0.03088803088803089
1 0.6701030927835051 0.8088803088803089 0.041237113402061855 0.03474903474903475
1 0.7087628865979382 0.7760617760617761 0.07731958762886598 0.03088803088803089
1 0.6958762886597938 0.7413127413127413 0.05154639175257732 0.04633204633204633
1 0.6855670103092784 0.7065637065637066 0.041237113402061855 0.03088803088803089
1 0.7139175257731959 0.696911196911197 0.03608247422680412 0.03474903474903475
1 0.6726804123711341 0.6756756756756757 0.04639175257731959 0.023166023166023165
1 0.6443298969072165 0.9285714285714286 0.041237113402061855 0.03474903474903475
1 0.6082474226804123 0.9362934362934363 0.030927835051546393 0.02702702702702703
1 0.5721649484536082 0.9343629343629344 0.030927835051546393 0.03861003861003861
1 0.5438144329896907 0.944015444015444 0.04639175257731959 0.03474903474903475
1 0.5180412371134021 0.9324324324324325 0.03608247422680412 0.019305019305019305
1 0.4845360824742268 0.9382239382239382 0.05154639175257732 0.03088803088803089
1 0.43556701030927836 0.9401544401544402 0.04639175257731959 0.04247104247104247
1 0.38917525773195877 0.9266409266409267 0.04639175257731959 0.03861003861003861
1 0.3556701030927835 0.9401544401544402 0.041237113402061855 0.02702702702702703
1 0.3118556701030928 0.9382239382239382 0.03608247422680412 0.03088803088803089
1 0.2757731958762887 0.9266409266409267 0.02577319587628866 0.023166023166023165
1 0.24484536082474226 0.9362934362934363 0.03608247422680412 0.03474903474903475
1 0.30670103092783507 0.9073359073359073 0.03608247422680412 0.03088803088803089
1 0.34536082474226804 0.915057915057915 0.041237113402061855 0.023166023166023165
1 0.36855670103092786 0.8957528957528957 0.03608247422680412 0.03088803088803089
1 0.4020618556701031 0.8822393822393823 0.030927835051546393 0.02702702702702703
1 0.4252577319587629 0.9054054054054054 0.05670103092783505 0.02702702702702703
1 0.4690721649484536 0.9054054054054054 0.05154639175257732 0.02702702702702703
1 0.5 0.8957528957528957 0.05154639175257732 0.03861003861003861
1 0.5489690721649485 0.9054054054054054 0.05670103092783505 0.02702702702702703
1 0.21391752577319587 0.9015444015444015 0.04639175257731959 0.05019305019305019
1 0.25257731958762886 0.8803088803088803 0.041237113402061855 0.03861003861003861
1 0.2603092783505155 0.9034749034749034 0.04639175257731959 0.023166023166023165
1 0.28865979381443296 0.8706563706563707 0.041237113402061855 0.03474903474903475
1 0.3247422680412371 0.8822393822393823 0.041237113402061855 0.02702702702702703
1 0.3427835051546392 0.8513513513513513 0.03608247422680412 0.03474903474903475
1 0.3788659793814433 0.8552123552123552 0.04639175257731959 0.03474903474903475
1 0.4329896907216495 0.8725868725868726 0.041237113402061855 0.03861003861003861
1 0.4742268041237113 0.8725868725868726 0.030927835051546393 0.03088803088803089
1 0.5 0.8532818532818532 0.030927835051546393 0.03088803088803089
1 0.5309278350515464 0.8552123552123552 0.030927835051546393 0.03474903474903475
1 0.5489690721649485 0.8861003861003861 0.05670103092783505 0.05019305019305019
1 0.6185567010309279 0.8822393822393823 0.05154639175257732 0.04247104247104247
1 0.6520618556701031 0.88996138996139 0.03608247422680412 0.02702702702702703
1 0.6443298969072165 0.8436293436293436 0.041237113402061855 0.03474903474903475
1 0.6134020618556701 0.8455598455598455 0.030927835051546393 0.03088803088803089
1 0.5773195876288659 0.8552123552123552 0.030927835051546393 0.02702702702702703
1 0.5541237113402062 0.8416988416988417 0.04639175257731959 0.03861003861003861
1 0.5902061855670103 0.8185328185328186 0.04639175257731959 0.03861003861003861
1 0.634020618556701 0.8127413127413128 0.041237113402061855 0.03474903474903475
1 0.6237113402061856 0.7818532818532818 0.041237113402061855 0.03474903474903475
1 0.654639175257732 0.7664092664092664 0.030927835051546393 0.03474903474903475
1 0.634020618556701 0.749034749034749 0.05154639175257732 0.03088803088803089
1 0.21649484536082475 0.8552123552123552 0.05154639175257732 0.03474903474903475
1 0.26288659793814434 0.8436293436293436 0.041237113402061855 0.019305019305019305
1 0.28350515463917525 0.8301158301158301 0.05154639175257732 0.023166023166023165
1 0.33505154639175255 0.8185328185328186 0.05154639175257732 0.03088803088803089
1 0.37371134020618557 0.8301158301158301 0.04639175257731959 0.03088803088803089
1 0.4252577319587629 0.832046332046332 0.04639175257731959 0.02702702702702703
1 0.4690721649484536 0.8397683397683398 0.030927835051546393 0.019305019305019305
1 0.4793814432989691 0.8146718146718147 0.030927835051546393 0.015444015444015444
1 0.5231958762886598 0.8204633204633205 0.04639175257731959 0.02702702702702703
1 0.5489690721649485 0.7934362934362934 0.03608247422680412 0.04247104247104247
1 0.5850515463917526 0.777992277992278 0.03608247422680412 0.04247104247104247
1 0.5747422680412371 0.7413127413127413 0.05670103092783505 0.03861003861003861
1 0.5979381443298969 0.7181467181467182 0.030927835051546393 0.03088803088803089
1 0.634020618556701 0.7200772200772201 0.05154639175257732 0.019305019305019305
1 0.6262886597938144 0.693050193050193 0.04639175257731959 0.03474903474903475
1 0.6391752577319587 0.6602316602316602 0.05154639175257732 0.023166023166023165
1 0.23195876288659795 0.8243243243243243 0.05154639175257732 0.02702702702702703
1 0.22938144329896906 0.7934362934362934 0.05670103092783505 0.02702702702702703
1 0.2654639175257732 0.806949806949807 0.03608247422680412 0.015444015444015444
1 0.29896907216494845 0.7992277992277992 0.05154639175257732 0.03088803088803089
1 0.3427835051546392 0.7818532818532818 0.04639175257731959 0.03474903474903475
1 0.3865979381443299 0.7741312741312741 0.030927835051546393 0.02702702702702703
1 0.37371134020618557 0.8011583011583011 0.03608247422680412 0.02702702702702703
1 0.4072164948453608 0.805019305019305 0.041237113402061855 0.02702702702702703
1 0.44587628865979384 0.8011583011583011 0.03608247422680412 0.04247104247104247
1 0.41494845360824745 0.7702702702702703 0.04639175257731959 0.03474903474903475
1 0.48195876288659795 0.7876447876447876 0.06701030927835051 0.03861003861003861
1 0.520618556701031 0.7393822393822393 0.030927835051546393 0.03474903474903475
1 0.4793814432989691 0.750965250965251 0.030927835051546393 0.03474903474903475
1 0.44587628865979384 0.7548262548262549 0.04639175257731959 0.04247104247104247
1 0.44072164948453607 0.7200772200772201 0.05670103092783505 0.02702702702702703
1 0.40463917525773196 0.7451737451737451 0.05670103092783505 0.03088803088803089
1 0.35309278350515466 0.7413127413127413 0.02577319587628866 0.03088803088803089
1 0.31958762886597936 0.7393822393822393 0.05154639175257732 0.02702702702702703
1 0.2963917525773196 0.7722007722007722 0.03608247422680412 0.023166023166023165
1 0.25 0.7567567567567568 0.03608247422680412 0.03088803088803089
1 0.28350515463917525 0.7432432432432432 0.041237113402061855 0.03474903474903475
1 0.21391752577319587 0.7644787644787645 0.03608247422680412 0.023166023166023165
1 0.22938144329896906 0.7355212355212355 0.04639175257731959 0.02702702702702703
1 0.25773195876288657 0.7181467181467182 0.041237113402061855 0.023166023166023165
1 0.28865979381443296 0.7142857142857143 0.041237113402061855 0.023166023166023165
1 0.31958762886597936 0.7104247104247104 0.041237113402061855 0.015444015444015444
1 0.3556701030927835 0.7007722007722008 0.05154639175257732 0.03474903474903475
1 0.38917525773195877 0.7162162162162162 0.03608247422680412 0.019305019305019305
1 0.39948453608247425 0.6833976833976834 0.04639175257731959 0.03088803088803089
1 0.4381443298969072 0.6891891891891891 0.020618556701030927 0.02702702702702703
1 0.4742268041237113 0.6833976833976834 0.041237113402061855 0.03088803088803089
1 0.4845360824742268 0.7123552123552124 0.030927835051546393 0.02702702702702703
1 0.5360824742268041 0.7065637065637066 0.05154639175257732 0.023166023166023165
1 0.5283505154639175 0.6776061776061776 0.05670103092783505 0.02702702702702703
1 0.5798969072164949 0.7046332046332047 0.04639175257731959 0.02702702702702703
1 0.5902061855670103 0.6718146718146718 0.03608247422680412 0.023166023166023165
1 0.5876288659793815 0.6544401544401545 0.030927835051546393 0.011583011583011582
1 0.5438144329896907 0.6583011583011583 0.05670103092783505 0.02702702702702703
1 0.5 0.6563706563706564 0.030927835051546393 0.023166023166023165
1 0.46649484536082475 0.6544401544401545 0.03608247422680412 0.019305019305019305
1 0.42783505154639173 0.6583011583011583 0.041237113402061855 0.02702702702702703
1 0.39690721649484534 0.6563706563706564 0.030927835051546393 0.015444015444015444
1 0.36855670103092786 0.6756756756756757 0.03608247422680412 0.03861003861003861
1 0.35051546391752575 0.6621621621621622 0.041237113402061855 0.02702702702702703
1 0.30927835051546393 0.6563706563706564 0.030927835051546393 0.023166023166023165
1 0.3015463917525773 0.6891891891891891 0.05670103092783505 0.03474903474903475
1 0.2809278350515464 0.6640926640926641 0.02577319587628866 0.015444015444015444
1 0.26288659793814434 0.6853281853281853 0.030927835051546393 0.02702702702702703
1 0.2422680412371134 0.6640926640926641 0.05154639175257732 0.03088803088803089
1 0.2345360824742268 0.7007722007722008 0.04639175257731959 0.02702702702702703
1 0.7680412371134021 0.333976833976834 0.4536082474226804 0.4980694980694981
1 0.49226804123711343 0.806949806949807 0.6855670103092784 0.37065637065637064
1 0.2706185567010309 0.361003861003861 0.5412371134020618 0.583011583011583