1 0.5833333333333334 0.3482142857142857 0.3 0.5654761904761905
1 0.4 0.7619047619047619 0.2866666666666667 0.4642857142857143
1 0.715 0.7827380952380952 0.3433333333333333 0.4226190476190476
1 0.875 0.5684523809523809 0.24333333333333335 0.6726190476190477
1 0.07333333333333333 0.7291666666666666 0.14666666666666667 0.5297619047619048
1 0.40166666666666667 0.2767857142857143 0.19666666666666666 0.5535714285714286
1 0.26166666666666666 0.39285714285714285 0.21666666666666667 0.4642857142857143
1 0.016666666666666666 0.3898809523809524 0.03333333333333333 0.16071428571428573
1 0.845 0.19047619047619047 0.21666666666666667 0.32142857142857145
1 0.9666666666666667 0.13988095238095238 0.06 0.24404761904761904
1 0.9083333333333333 0.026785714285714284 0.15666666666666668 0.05357142857142857
1 0.7233333333333334 0.13690476190476192 0.21333333333333335 0.27380952380952384
1 0.5583333333333333 0.05357142857142857 0.21 0.10714285714285714
1 0.345 0.08333333333333333 0.22333333333333333 0.16666666666666666