1 0.8690909090909091 0.5081967213114754 0.09454545454545454 0.15300546448087432
1 0.7872727272727272 0.5901639344262295 0.11272727272727273 0.1092896174863388
1 0.850909090909091 0.6775956284153005 0.09454545454545454 0.14207650273224043
1 0.9145454545454546 0.639344262295082 0.08363636363636363 0.13114754098360656
1 0.850909090909091 0.7568306010928961 0.09454545454545454 0.10382513661202186
1 0.7818181818181819 0.674863387978142 0.05818181818181818 0.07103825136612021
1 0.7454545454545455 0.5710382513661202 0.05818181818181818 0.09289617486338798
1 0.7381818181818182 0.6420765027322405 0.05818181818181818 0.10382513661202186
1 0.48363636363636364 0.46994535519125685 0.09454545454545454 0.14207650273224043
1 0.5509090909090909 0.4562841530054645 0.06909090909090909 0.14754098360655737
1 0.44 0.5273224043715847 0.05818181818181818 0.11475409836065574
1 0.43272727272727274 0.6256830601092896 0.08 0.12568306010928962
1 0.5018181818181818 0.6693989071038251 0.09454545454545454 0.12568306010928962
1 0.5363636363636364 0.5792349726775956 0.09090909090909091 0.09836065573770492
1 0.5727272727272728 0.644808743169399 0.05454545454545454 0.06557377049180328
1 0.5545454545454546 0.7622950819672131 0.10545454545454545 0.16939890710382513
1 0.4636363636363636 0.7595628415300546 0.08363636363636363 0.14207650273224043
1 0.45636363636363636 0.8005464480874317 0.09818181818181818 0.09289617486338798
1 0.44 0.8934426229508197 0.09454545454545454 0.11475409836065574
1 0.5272727272727272 0.8797814207650273 0.08 0.13114754098360656
1 0.4890909090909091 0.9344262295081968 0.04 0.0546448087431694
1 0.14 0.3524590163934426 0.14909090909090908 0.23497267759562843
1 0.09818181818181818 0.4098360655737705 0.07272727272727272 0.12021857923497267
1 0.12545454545454546 0.4808743169398907 0.08363636363636363 0.1092896174863388
1 0.19272727272727272 0.4890710382513661 0.08 0.11475409836065574
1 0.08363636363636363 0.5573770491803278 0.07272727272727272 0.1092896174863388
1 0.16363636363636364 0.5901639344262295 0.08727272727272728 0.13114754098360656
1 0.22727272727272727 0.6038251366120219 0.06181818181818182 0.12568306010928962
1 0.2018181818181818 0.6857923497267759 0.08363636363636363 0.12568306010928962
1 0.14545454545454545 0.7568306010928961 0.08 0.14754098360655737
1 0.2 0.7759562841530054 0.06545454545454546 0.06557377049180328
1 0.09818181818181818 0.6557377049180327 0.08 0.09836065573770492
1 0.08363636363636363 0.7568306010928961 0.04363636363636364 0.09289617486338798
1 0.09636363636363636 0.8633879781420765 0.07636363636363637 0.13114754098360656
1 0.14363636363636365 0.9207650273224044 0.06181818181818182 0.10382513661202186
1 0.17454545454545456 0.8442622950819673 0.06545454545454546 0.12568306010928962