1 0.384 0.12871287128712872 0.728 0.25742574257425743
1 0.202 0.30198019801980197 0.372 0.22772277227722773
1 0.49 0.28217821782178215 0.476 0.1782178217821782
1 0.814 0.46782178217821785 0.204 0.2524752475247525
1 0.83 0.6955445544554455 0.14 0.16336633663366337
1 0.312 0.7425742574257426 0.136 0.16831683168316833
1 0.38 0.8341584158415841 0.056 0.07425742574257425
1 0.408 0.7252475247524752 0.096 0.14356435643564355
1 0.374 0.5965346534653465 0.132 0.18316831683168316
1 0.462 0.5693069306930693 0.148 0.1188118811881188
1 0.408 0.452970297029703 0.096 0.13366336633663367
1 0.174 0.5371287128712872 0.172 0.20297029702970298
1 0.122 0.5792079207920792 0.108 0.1485148514851485
1 0.046 0.5717821782178217 0.06 0.09405940594059406
1 0.048 0.4975247524752475 0.032 0.04455445544554455
1 0.168 0.745049504950495 0.16 0.10396039603960396
1 0.294 0.5915841584158416 0.1 0.13366336633663367
1 0.284 0.6460396039603961 0.128 0.10396039603960396
1 0.94 0.5420792079207921 0.096 0.08415841584158416
1 0.952 0.38366336633663367 0.072 0.13366336633663367
1 0.802 0.6039603960396039 0.388 0.24752475247524752
1 0.79 0.17326732673267325 0.132 0.06930693069306931