1 0.8527272727272728 0.8032786885245902 0.23636363636363636 0.3825136612021858
1 0.9145454545454546 0.6065573770491803 0.16363636363636364 0.45901639344262296
1 0.7436363636363637 0.5491803278688525 0.2 0.366120218579235
1 0.7963636363636364 0.19672131147540983 0.2545454545454545 0.39344262295081966
1 0.9254545454545454 0.26229508196721313 0.14181818181818182 0.25136612021857924
1 0.9727272727272728 0.4016393442622951 0.04727272727272727 0.10382513661202186
1 0.9581818181818181 0.13387978142076504 0.07636363636363637 0.07103825136612021
1 0.9527272727272728 0.06830601092896176 0.08727272727272728 0.10382513661202186
1 0.5709090909090909 0.4972677595628415 0.21818181818181817 0.4808743169398907
1 0.6581818181818182 0.20218579234972678 0.12363636363636364 0.28415300546448086
1 0.6963636363636364 0.040983606557377046 0.15636363636363637 0.08196721311475409
1 0.5490909090909091 0.13934426229508196 0.10909090909090909 0.2786885245901639
1 0.38545454545454544 0.2978142076502732 0.3054545454545455 0.23497267759562843
1 0.42727272727272725 0.09836065573770492 0.15636363636363637 0.19672131147540983
1 0.28363636363636363 0.1366120218579235 0.16 0.2185792349726776
1 0.13636363636363635 0.33879781420765026 0.20727272727272728 0.33879781420765026
1 0.28363636363636363 0.5163934426229508 0.29818181818181816 0.43169398907103823
1 0.6636363636363637 0.9262295081967213 0.10545454545454545 0.1366120218579235
1 0.9781818181818182 0.8934426229508197 0.03636363636363636 0.1366120218579235
1 0.9454545454545454 0.825136612021858 0.05090909090909091 0.08743169398907104
1 0.98 0.9754098360655737 0.025454545454545455 0.03825136612021858
1 0.6654545454545454 0.7759562841530054 0.10181818181818182 0.14207650273224043
1 0.5836363636363636 0.7103825136612022 0.09818181818181818 0.16393442622950818
1 0.5163636363636364 0.8333333333333334 0.08727272727272728 0.16939890710382513
1 0.5781818181818181 0.8715846994535519 0.07272727272727272 0.1366120218579235
1 0.5581818181818182 0.9617486338797814 0.09818181818181818 0.06557377049180328
1 0.4818181818181818 0.9371584699453552 0.05454545454545454 0.09289617486338798
1 0.4254545454545455 0.8825136612021858 0.09454545454545454 0.21311475409836064
1 0.46545454545454545 0.7349726775956285 0.08727272727272728 0.10382513661202186
1 0.37272727272727274 0.7431693989071039 0.08363636363636363 0.15300546448087432
1 0.4163636363636364 0.6229508196721312 0.09090909090909091 0.15300546448087432
1 0.4509090909090909 0.47540983606557374 0.05090909090909091 0.12021857923497267
1 0.4890909090909091 0.3879781420765027 0.04727272727272727 0.06557377049180328
1 0.3236363636363636 0.9289617486338798 0.13818181818181818 0.13114754098360656
1 0.3054545454545455 0.8415300546448088 0.10181818181818182 0.13114754098360656
1 0.2727272727272727 0.7595628415300546 0.10909090909090909 0.14207650273224043
1 0.19818181818181818 0.8743169398907104 0.10545454545454545 0.16393442622950818
1 0.2 0.9726775956284153 0.10909090909090909 0.04371584699453552
1 0.08 0.9316939890710383 0.13818181818181818 0.12568306010928962
1 0.12727272727272726 0.8060109289617486 0.07272727272727272 0.1366120218579235
1 0.16545454545454547 0.7404371584699454 0.09090909090909091 0.12568306010928962
1 0.04727272727272727 0.8087431693989071 0.09454545454545454 0.17486338797814208
1 0.014545454545454545 0.9316939890710383 0.02909090909090909 0.11475409836065574
1 0.0890909090909091 0.6775956284153005 0.08363636363636363 0.13114754098360656
1 0.13090909090909092 0.5819672131147541 0.08727272727272728 0.15846994535519127
1 0.04 0.5737704918032787 0.08 0.18579234972677597
1 0.01818181818181818 0.6994535519125683 0.03636363636363636 0.08743169398907104
1 0.03636363636363636 0.4453551912568306 0.05090909090909091 0.12568306010928962
1 0.02 0.42896174863387976 0.04 0.11475409836065574
1 0.02909090909090909 0.33879781420765026 0.02909090909090909 0.08743169398907104
1 0.01090909090909091 0.33060109289617484 0.02181818181818182 0.11475409836065574
1 0.01818181818181818 0.23770491803278687 0.03636363636363636 0.09289617486338798
1 0.06545454545454546 0.22950819672131148 0.05818181818181818 0.1092896174863388
1 0.13272727272727272 0.16939890710382513 0.08363636363636363 0.08743169398907104
1 0.18545454545454546 0.1284153005464481 0.04363636363636364 0.09289617486338798
1 0.24 0.03825136612021858 0.05090909090909091 0.06557377049180328
1 0.3054545454545455 0.040983606557377046 0.05090909090909091 0.060109289617486336
1 0.3418181818181818 0.03825136612021858 0.014545454545454545 0.06557377049180328
1 0.3145454545454546 0.00819672131147541 0.06181818181818182 0.01639344262295082
1 0.24363636363636362 0.01092896174863388 0.07272727272727272 0.02185792349726776
1 0.1781818181818182 0.03825136612021858 0.07272727272727272 0.07650273224043716
1 0.12727272727272726 0.10655737704918032 0.06545454545454546 0.04918032786885246
1 0.10727272727272727 0.07103825136612021 0.06909090909090909 0.08743169398907104
1 0.12181818181818181 0.01639344262295082 0.05454545454545454 0.03278688524590164
1 0.04363636363636364 0.040983606557377046 0.08727272727272728 0.08196721311475409
1 0.06545454545454546 0.11202185792349727 0.03636363636363636 0.04918032786885246
1 0.03636363636363636 0.15846994535519127 0.06545454545454546 0.06557377049180328
1 0.08181818181818182 0.15300546448087432 0.05454545454545454 0.0546448087431694