1 0.8508771929824561 0.9209039548022598 0.17894736842105263 0.14689265536723164
1 0.956140350877193 0.9124293785310734 0.08070175438596491 0.1638418079096045
1 0.8929824561403509 0.7740112994350282 0.15087719298245614 0.21468926553672316
1 0.9210526315789473 0.7146892655367232 0.15087719298245614 0.2542372881355932
1 0.8526315789473684 0.5141242937853108 0.1824561403508772 0.21468926553672316
1 0.968421052631579 0.5 0.056140350877192984 0.20903954802259886
1 0.8824561403508772 0.3672316384180791 0.1368421052631579 0.2033898305084746
1 0.9473684210526315 0.3220338983050847 0.09824561403508772 0.2033898305084746
1 0.7 0.9096045197740112 0.14385964912280702 0.1694915254237288
1 0.7842105263157895 0.8192090395480226 0.07368421052631578 0.15819209039548024
1 0.6859649122807018 0.7231638418079096 0.15087719298245614 0.22598870056497175
1 0.7947368421052632 0.7033898305084746 0.09473684210526316 0.23163841807909605
1 0.7350877192982456 0.5706214689265536 0.0456140350877193 0.1016949152542373
1 0.743859649122807 0.4124293785310734 0.13333333333333333 0.21468926553672316
1 0.7982456140350878 0.3220338983050847 0.08070175438596491 0.12429378531073447
1 0.9017543859649123 0.1751412429378531 0.11929824561403508 0.1807909604519774
1 0.9771929824561404 0.17231638418079095 0.03859649122807018 0.10734463276836158
1 0.9508771929824561 0.07627118644067797 0.0912280701754386 0.15254237288135594
1 0.8280701754385965 0.04519774011299435 0.1543859649122807 0.0903954802259887
1 0.7982456140350878 0.14124293785310735 0.1368421052631579 0.21468926553672316
1 0.7 0.2175141242937853 0.12982456140350876 0.1751412429378531
1 0.6473684210526316 0.12146892655367232 0.08771929824561403 0.15254237288135594
1 0.6649122807017543 0.06779661016949153 0.15789473684210525 0.13559322033898305
1 0.5666666666666667 0.09322033898305085 0.10877192982456141 0.1638418079096045
1 0.6333333333333333 0.3107344632768362 0.12982456140350876 0.2711864406779661
1 0.612280701754386 0.5338983050847458 0.19298245614035087 0.288135593220339
1 0.6 0.7542372881355932 0.04912280701754386 0.12994350282485875
1 0.5333333333333333 0.864406779661017 0.19649122807017544 0.2598870056497175
1 0.3298245614035088 0.8813559322033898 0.20350877192982456 0.22598870056497175
1 0.39473684210526316 0.7570621468926554 0.1368421052631579 0.21468926553672316
1 0.49298245614035086 0.6751412429378532 0.1649122807017544 0.22033898305084745
1 0.4614035087719298 0.5338983050847458 0.10175438596491228 0.11864406779661017
1 0.5052631578947369 0.3333333333333333 0.19649122807017544 0.3502824858757062
1 0.5228070175438596 0.17231638418079095 0.13333333333333333 0.096045197740113
1 0.4421052631578947 0.10451977401129943 0.14035087719298245 0.20903954802259886
1 0.24210526315789474 0.7909604519774012 0.1824561403508772 0.3050847457627119
1 0.08421052631578947 0.9293785310734464 0.16842105263157894 0.12994350282485875
1 0.20175438596491227 0.9661016949152542 0.06666666666666667 0.05649717514124294
1 0.054385964912280704 0.9463276836158192 0.10877192982456141 0.096045197740113
1 0.05789473684210526 0.8305084745762712 0.11578947368421053 0.13559322033898305
1 0.10701754385964912 0.844632768361582 0.11578947368421053 0.14124293785310735
1 0.03333333333333333 0.7344632768361582 0.06666666666666667 0.07909604519774012
1 0.06666666666666667 0.655367231638418 0.13333333333333333 0.24858757062146894
1 0.11929824561403508 0.4124293785310734 0.16842105263157894 0.2711864406779661
1 0.24912280701754386 0.5169491525423728 0.17543859649122806 0.2655367231638418
1 0.3631578947368421 0.559322033898305 0.09473684210526316 0.21468926553672316
1 0.4017543859649123 0.4265536723163842 0.06666666666666667 0.14124293785310735
1 0.4052631578947368 0.2457627118644068 0.07368421052631578 0.096045197740113
1 0.312280701754386 0.3163841807909605 0.1824561403508772 0.2824858757062147
1 0.20350877192982456 0.3389830508474576 0.04912280701754386 0.11299435028248588
1 0.07543859649122807 0.2457627118644068 0.07368421052631578 0.0847457627118644
1 0.028070175438596492 0.3135593220338983 0.056140350877192984 0.1864406779661017
1 0.01929824561403509 0.4717514124293785 0.03859649122807018 0.12994350282485875
1 0.15087719298245614 0.6384180790960452 0.08421052631578947 0.15819209039548024
1 0.014035087719298246 0.18361581920903955 0.028070175438596492 0.096045197740113
1 0.06315789473684211 0.1016949152542373 0.12631578947368421 0.2033898305084746
1 0.2 0.15819209039548024 0.1824561403508772 0.23728813559322035
1 0.32456140350877194 0.12146892655367232 0.12280701754385964 0.14124293785310735
1 0.25263157894736843 0.0480225988700565 0.23859649122807017 0.096045197740113