1 0.49818181818181817 0.39617486338797814 0.9963636363636363 0.5409836065573771
1 0.6890909090909091 0.7868852459016393 0.6145454545454545 0.22950819672131148
1 0.7290909090909091 0.9289617486338798 0.5345454545454545 0.13114754098360656
1 0.3618181818181818 0.9262295081967213 0.7236363636363636 0.1366120218579235
1 0.1690909090909091 0.825136612021858 0.3381818181818182 0.273224043715847
1 0.22 0.6775956284153005 0.39636363636363636 0.32786885245901637
1 0.05454545454545454 0.6120218579234973 0.10909090909090909 0.20765027322404372
1 0.1781818181818182 0.48360655737704916 0.3563636363636364 0.4207650273224044
1 0.31636363636363635 0.3825136612021858 0.24727272727272728 0.09836065573770492
1 0.39454545454545453 0.18579234972677597 0.3890909090909091 0.37158469945355194
1 0.5763636363636364 0.24043715846994534 0.4109090909090909 0.33879781420765026
1 0.6927272727272727 0.2814207650273224 0.22181818181818183 0.2677595628415301
1 0.6509090909090909 0.11748633879781421 0.3054545454545455 0.23497267759562843
1 0.8454545454545455 0.08196721311475409 0.3018181818181818 0.16393442622950818
1 0.8454545454545455 0.273224043715847 0.3018181818181818 0.20765027322404372
1 0.9 0.4262295081967213 0.19272727272727272 0.16393442622950818
1 0.10545454545454545 0.060109289617486336 0.2109090909090909 0.12021857923497267
1 0.2 0.22404371584699453 0.4 0.20765027322404372