1 0.918918918918919 0.884020618556701 0.15444015444015444 0.22164948453608246
1 0.8764478764478765 0.7371134020618557 0.14671814671814673 0.20618556701030927
1 0.9382239382239382 0.46134020618556704 0.11583011583011583 0.3247422680412371
1 0.9555984555984556 0.6417525773195877 0.08108108108108109 0.14948453608247422
1 0.972972972972973 0.7371134020618557 0.04633204633204633 0.09278350515463918
1 0.8455598455598455 0.34536082474226804 0.14671814671814673 0.14432989690721648
1 0.9382239382239382 0.2706185567010309 0.11583011583011583 0.11855670103092783
1 0.9111969111969112 0.11597938144329897 0.16988416988416988 0.23195876288659795
1 0.7741312741312741 0.17268041237113402 0.15057915057915058 0.27319587628865977
1 0.7181467181467182 0.5309278350515464 0.3166023166023166 0.4742268041237113
1 0.752895752895753 0.8195876288659794 0.19305019305019305 0.17525773195876287
1 0.750965250965251 0.8762886597938144 0.21235521235521235 0.23711340206185566
1 0.6274131274131274 0.8556701030927835 0.10424710424710425 0.1134020618556701
1 0.555984555984556 0.7551546391752577 0.22393822393822393 0.29381443298969073
1 0.5424710424710425 0.5283505154639175 0.0888030888030888 0.15979381443298968
1 0.4594594594594595 0.5335051546391752 0.0694980694980695 0.11855670103092783
1 0.5444015444015444 0.3118556701030928 0.10810810810810811 0.14948453608247422
1 0.5694980694980695 0.23969072164948454 0.13513513513513514 0.19072164948453607
1 0.43822393822393824 0.13402061855670103 0.11196911196911197 0.09278350515463918
1 0.583011583011583 0.19072164948453607 0.23938223938223938 0.38144329896907214
1 0.30694980694980695 0.09536082474226804 0.305019305019305 0.19072164948453607
1 0.3861003861003861 0.25773195876288657 0.23938223938223938 0.4020618556701031
1 0.4034749034749035 0.22422680412371135 0.1274131274131274 0.08762886597938144
1 0.44594594594594594 0.2809278350515464 0.0888030888030888 0.10824742268041238
1 0.43243243243243246 0.44587628865979384 0.05405405405405406 0.07731958762886598
1 0.5308880308880309 0.9072164948453608 0.16602316602316602 0.17525773195876287
1 0.38996138996138996 0.8865979381443299 0.14671814671814673 0.21649484536082475
1 0.34942084942084944 0.8298969072164949 0.21235521235521235 0.23711340206185566
1 0.2915057915057915 0.9278350515463918 0.14285714285714285 0.13402061855670103
1 0.10810810810810811 0.7242268041237113 0.14671814671814673 0.0979381443298969
1 0.15444015444015444 0.7963917525773195 0.19305019305019305 0.11855670103092783
1 0.13513513513513514 0.8917525773195877 0.2702702702702703 0.20618556701030927
1 0.025096525096525095 0.788659793814433 0.05019305019305019 0.05154639175257732
1 0.04054054054054054 0.5463917525773195 0.08108108108108109 0.4845360824742268
1 0.0945945945945946 0.4639175257731959 0.09652509652509653 0.36082474226804123
1 0.13320463320463322 0.27319587628865977 0.1583011583011583 0.24742268041237114
1 0.2625482625482625 0.520618556701031 0.3552123552123552 0.4020618556701031
1 0.2644787644787645 0.30927835051546393 0.1583011583011583 0.13402061855670103
1 0.07915057915057915 0.11082474226804123 0.11196911196911197 0.10824742268041238
1 0.16216216216216217 0.13402061855670103 0.0694980694980695 0.10309278350515463
1 0.02895752895752896 0.2268041237113402 0.05019305019305019 0.14432989690721648
1 0.0945945945945946 0.02577319587628866 0.0888030888030888 0.05154639175257732
1 0.14285714285714285 0.03608247422680412 0.07722007722007722 0.07216494845360824
1 0.4980694980694981 0.49742268041237114 0.9961389961389961 0.9948453608247423