1 0.13179916317991633 0.2914691943127962 0.16317991631799164 0.25118483412322273
1 0.26359832635983266 0.3222748815165877 0.1506276150627615 0.2843601895734597
1 0.39539748953974896 0.18009478672985782 0.12133891213389121 0.20853080568720378
1 0.7384937238493724 0.2772511848341232 0.25523012552301255 0.24170616113744076
1 0.4351464435146444 0.3412322274881517 0.19246861924686193 0.22748815165876776
1 0.608786610878661 0.41232227488151657 0.15481171548117154 0.23696682464454977
1 0.7782426778242678 0.5071090047393365 0.200836820083682 0.3791469194312796
1 0.3786610878661088 0.542654028436019 0.3305439330543933 0.15639810426540285
1 0.6527196652719666 0.6279620853080569 0.26778242677824265 0.2890995260663507
1 0.5920502092050209 0.7606635071090048 0.2719665271966527 0.3175355450236967
1 0.3117154811715481 0.7037914691943128 0.3723849372384937 0.26066350710900477