1 0.5424710424710425 0.5257731958762887 0.6911196911196911 0.9278350515463918
1 0.8571428571428571 0.8582474226804123 0.277992277992278 0.27319587628865977
1 0.8938223938223938 0.4845360824742268 0.20463320463320464 0.4845360824742268
1 0.750965250965251 0.14175257731958762 0.3745173745173745 0.28350515463917525
1 0.9594594594594594 0.18298969072164947 0.07335907335907337 0.36597938144329895
1 0.4189189189189189 0.04381443298969072 0.3359073359073359 0.08762886597938144
1 0.3281853281853282 0.23195876288659795 0.277992277992278 0.35051546391752575
1 0.11196911196911197 0.36855670103092786 0.22393822393822393 0.5309278350515464
1 0.2084942084942085 0.7422680412371134 0.29343629343629346 0.4742268041237113
1 0.4015444015444015 0.9639175257731959 0.2471042471042471 0.061855670103092786
1 0.07915057915057915 0.9381443298969072 0.1583011583011583 0.1134020618556701
1 0.14092664092664092 0.0979381443298969 0.28185328185328185 0.1958762886597938
1 0.04633204633204633 0.770618556701031 0.09266409266409266 0.30412371134020616