1 0.8905775075987842 0.673202614379085 0.2127659574468085 0.39215686274509803
1 0.9316109422492401 0.9313725490196079 0.13069908814589665 0.12418300653594772
1 0.9194528875379939 0.39869281045751637 0.06990881458966565 0.10457516339869281
1 0.9726443768996961 0.42483660130718953 0.0486322188449848 0.10457516339869281
1 0.9513677811550152 0.2777777777777778 0.0911854103343465 0.13725490196078433
1 0.9498480243161094 0.3464052287581699 0.09422492401215805 0.0915032679738562
1 0.8936170212765957 0.3366013071895425 0.0364741641337386 0.0718954248366013
1 0.8571428571428571 0.3888888888888889 0.0547112462006079 0.16339869281045752
1 0.8844984802431611 0.27124183006535946 0.0486322188449848 0.0718954248366013
1 0.8267477203647416 0.27450980392156865 0.060790273556231005 0.10457516339869281
1 0.7872340425531915 0.3431372549019608 0.060790273556231005 0.12418300653594772
1 0.8145896656534954 0.42483660130718953 0.0668693009118541 0.10457516339869281
1 0.7629179331306991 0.42483660130718953 0.030395136778115502 0.06535947712418301
1 0.6960486322188449 0.3431372549019608 0.030395136778115502 0.12418300653594772
1 0.7370820668693009 0.2875816993464052 0.06990881458966565 0.0784313725490196
1 0.729483282674772 0.38562091503267976 0.0425531914893617 0.1437908496732026
1 0.7629179331306991 0.7549019607843137 0.2978723404255319 0.477124183006536
1 0.44072948328267475 0.6078431372549019 0.0486322188449848 0
1 0.4696048632218845 0.565359477124183 0.02735562310030395 0.058823529411764705
1 0.42249240121580545 0.6045751633986928 0.0364741641337386 0.0457516339869281
1 0.5151975683890577 0.8954248366013072 0.06990881458966565 0.1568627450980392
1 0.39969604863221886 0.8562091503267973 0.057750759878419454 0.1437908496732026
1 0.5562310030395137 0.7156862745098039 0.0911854103343465 0.16339869281045752
1 0.6063829787234043 0.6339869281045751 0.06990881458966565 0.1437908496732026
1 0.5638297872340425 0.5065359477124183 0.04559270516717325 0.058823529411764705
1 0.6337386018237082 0.30718954248366015 0.03343465045592705 0.10457516339869281
1 0.6109422492401215 0.3300653594771242 0.0364741641337386 0.08496732026143791
1 0.6641337386018237 0.34967320261437906 0.02735562310030395 0.0718954248366013
1 0.6504559270516718 0.39869281045751637 0.0364741641337386 0.0915032679738562
1 0.6185410334346505 0.40522875816993464 0.03951367781155015 0.0915032679738562
1 0.5805471124620061 0.4084967320261438 0.0364741641337386 0.08496732026143791
1 0.5714285714285714 0.3333333333333333 0.0486322188449848 0.10457516339869281
1 0.5440729483282675 0.4019607843137255 0.030395136778115502 0.0718954248366013
1 0.6534954407294833 0.0718954248366013 0.030395136778115502 0.0915032679738562
1 0.6793313069908815 0.0718954248366013 0.02127659574468085 0.06535947712418301
1 0.6322188449848024 0.06209150326797386 0.0243161094224924 0.0718954248366013
1 0.7082066869300911 0.00980392156862745 0.1033434650455927 0.0196078431372549
1 0.6155015197568389 0.14052287581699346 0.03951367781155015 0.08496732026143791
1 0.6550151975683891 0.1503267973856209 0.04559270516717325 0.0784313725490196
1 0.6930091185410334 0.13398692810457516 0.0364741641337386 0.058823529411764705
1 0.7340425531914894 0.06209150326797386 0.04559270516717325 0.09803921568627451
1 0.39969604863221886 0.10457516339869281 0.02735562310030395 0.11764705882352941
1 0.4331306990881459 0.06862745098039216 0.03951367781155015 0.12418300653594772
1 0.4574468085106383 0.06209150326797386 0.04559270516717325 0.1111111111111111
1 0.41641337386018235 0.12745098039215685 0.0182370820668693 0.09803921568627451
1 0.43009118541033436 0.15359477124183007 0.02735562310030395 0.09803921568627451
1 0.4635258358662614 0.10457516339869281 0.03343465045592705 0.1568627450980392
1 0.4817629179331307 0.17647058823529413 0.02735562310030395 0.05228758169934641
1 0.4787234042553192 0.11764705882352941 0.02735562310030395 0.0784313725490196
1 0.4939209726443769 0.042483660130718956 0.03343465045592705 0.0718954248366013
1 0.5167173252279635 0.11764705882352941 0.0425531914893617 0.0915032679738562
1 0.4209726443768997 0.30718954248366015 0.03951367781155015 0.0915032679738562
1 0.46200607902735563 0.3137254901960784 0.0425531914893617 0.0784313725490196
1 0.4756838905775076 0.3790849673202614 0.03951367781155015 0.06535947712418301
1 0.5075987841945289 0.3431372549019608 0.0243161094224924 0.058823529411764705
1 0.43617021276595747 0.38235294117647056 0.04559270516717325 0.058823529411764705
1 0.4012158054711246 0.3790849673202614 0.0425531914893617 0.05228758169934641
1 0.060790273556231005 0.9150326797385621 0.12158054711246201 0.1568627450980392
1 0.1884498480243161 0.9607843137254902 0.1337386018237082 0.06535947712418301
1 0.3221884498480243 0.7875816993464052 0.1033434650455927 0.3202614379084967
1 0.4027355623100304 0.47058823529411764 0.14285714285714285 0.0784313725490196
1 0.3495440729483283 0.5849673202614379 0.0486322188449848 0.12418300653594772
1 0.2811550151975684 0.28431372549019607 0.03343465045592705 0.058823529411764705
1 0.20820668693009117 0.12418300653594772 0.11246200607902736 0.0915032679738562
1 0.30851063829787234 0.2908496732026144 0.02127659574468085 0.0457516339869281
1 0.331306990881459 0.2973856209150327 0.0243161094224924 0.058823529411764705
1 0.34802431610942247 0.30392156862745096 0.00911854103343465 0.032679738562091505
1 0.26595744680851063 0.33986928104575165 0.03343465045592705 0.06535947712418301
1 0.2933130699088146 0.34967320261437906 0.02735562310030395 0.0718954248366013
1 0.3221884498480243 0.34967320261437906 0.0182370820668693 0.058823529411764705
1 0.33586626139817627 0.34967320261437906 0.00911854103343465 0.032679738562091505
1 0.2553191489361702 0.37254901960784315 0.030395136778115502 0.06535947712418301
1 0.2735562310030395 0.3954248366013072 0.0243161094224924 0.058823529411764705
1 0.2978723404255319 0.39215686274509803 0.0243161094224924 0.05228758169934641
1 0.32370820668693007 0.39869281045751637 0.02127659574468085 0.05228758169934641
1 0.23556231003039513 0.43137254901960786 0.02735562310030395 0.06535947712418301
1 0.27203647416413373 0.45098039215686275 0.03343465045592705 0.0784313725490196
1 0.3009118541033435 0.434640522875817 0.0182370820668693 0.0457516339869281
1 0.1458966565349544 0.32679738562091504 0.0243161094224924 0.026143790849673203
1 0.1778115501519757 0.3333333333333333 0.03343465045592705 0.0392156862745098
1 0.1413373860182371 0.3562091503267974 0.02127659574468085 0.0196078431372549
1 0.16869300911854104 0.39215686274509803 0.02127659574468085 0.0392156862745098
1 0.9604863221884499 0.10130718954248366 0.030395136778115502 0.1895424836601307
1 0.9817629179331308 0.10130718954248366 0.0182370820668693 0.17647058823529413
1 0.9908814589665653 0.10784313725490197 0.0121580547112462 0.16339869281045752
1 0.9422492401215805 0.10457516339869281 0.0182370820668693 0.19607843137254902
1 0.9270516717325228 0.13398692810457516 0.0182370820668693 0.17647058823529413
1 0.8936170212765957 0.042483660130718956 0.0547112462006079 0.08496732026143791
1 0.898176291793313 0.13071895424836602 0.05167173252279635 0.1568627450980392
1 0.8434650455927052 0.05555555555555555 0.04559270516717325 0.1111111111111111
1 0.8130699088145896 0.1111111111111111 0.04559270516717325 0.10457516339869281
1 0.8617021276595744 0.14052287581699346 0.057750759878419454 0.08496732026143791