1 0.7711267605633803 0.7711864406779662 0.13380281690140844 0.20903954802259886
1 0.8943661971830986 0.6214689265536724 0.20422535211267606 0.4067796610169492
1 0.8785211267605634 0.3446327683615819 0.13732394366197184 0.1807909604519774
1 0.897887323943662 0.4717514124293785 0.1056338028169014 0.1977401129943503
1 0.6373239436619719 0.5508474576271186 0.34507042253521125 0.7062146892655368
1 0.7376760563380281 0.9011299435028248 0.045774647887323945 0.07344632768361582
1 0.5492957746478874 0.903954802259887 0.1267605633802817 0.14689265536723164
1 0.4630281690140845 0.9011299435028248 0.0880281690140845 0.096045197740113
1 0.3996478873239437 0.827683615819209 0.08098591549295775 0.12994350282485875
1 0.4119718309859155 0.6666666666666666 0.06338028169014084 0.11299435028248588
1 0.40669014084507044 0.6779661016949152 0.12323943661971831 0.22598870056497175
1 0.5088028169014085 0.4265536723163842 0.16549295774647887 0.2994350282485876
1 0.7834507042253521 0.2175141242937853 0.07394366197183098 0.096045197740113
1 0.5528169014084507 0.17796610169491525 0.14788732394366197 0.2655367231638418
1 0.5545774647887324 0.03389830508474576 0.10915492957746478 0.06779661016949153
1 0.4595070422535211 0.0847457627118644 0.08098591549295775 0.03389830508474576
1 0.41901408450704225 0.2033898305084746 0.14084507042253522 0.23728813559322035
1 0.3573943661971831 0.4435028248587571 0.17253521126760563 0.2655367231638418
1 0.2975352112676056 0.6129943502824858 0.09507042253521127 0.11864406779661017
1 0.2852112676056338 0.7542372881355932 0.14084507042253522 0.1864406779661017
1 0.1954225352112676 0.7598870056497176 0.03873239436619718 0.096045197740113
1 0.20422535211267606 0.4180790960451977 0.20422535211267606 0.5649717514124294
1 0.31690140845070425 0.22598870056497175 0.07042253521126761 0.14689265536723164
1 0.09859154929577464 0.4576271186440678 0.07042253521126761 0.0903954802259887
1 0.09507042253521127 0.5225988700564972 0.035211267605633804 0.0847457627118644
1 0.13556338028169015 0.3022598870056497 0.10211267605633803 0.1864406779661017
1 0.15845070422535212 0.2288135593220339 0.1056338028169014 0.1638418079096045
1 0.18661971830985916 0.17796610169491525 0.1056338028169014 0.1751412429378531
1 0.23591549295774647 0.14689265536723164 0.07746478873239436 0.15819209039548024
1 0.2764084507042254 0.1271186440677966 0.0528169014084507 0.14124293785310735