1 0.5511111111111111 0.5133333333333333 0.26666666666666666 0.24444444444444444
1 0.4822222222222222 0.76 0.28888888888888886 0.27555555555555555
1 0.6511111111111111 0.7933333333333333 0.08444444444444445 0.1111111111111111
1 0.7911111111111111 0.6688888888888889 0.2222222222222222 0.17333333333333334
1 0.9466666666666667 0.6155555555555555 0.09777777777777778 0.1111111111111111
1 0.7644444444444445 0.48 0.17777777777777778 0.2222222222222222
1 0.9022222222222223 0.4955555555555556 0.10666666666666667 0.17333333333333334
1 0.7155555555555555 0.2288888888888889 0.1688888888888889 0.23555555555555555
1 0.4955555555555556 0.14444444444444443 0.23555555555555555 0.18222222222222223
1 0.5177777777777778 0.3288888888888889 0.21777777777777776 0.16
1 0.34 0.5266666666666666 0.15555555555555556 0.19111111111111112
1 0.1622222222222222 0.5333333333333333 0.23555555555555555 0.19555555555555557
1 0.29555555555555557 0.7111111111111111 0.13777777777777778 0.12444444444444444
1 0.2777777777777778 0.29555555555555557 0.12 0.17333333333333334
1 0.3933333333333333 0.3511111111111111 0.1288888888888889 0.16
1 0.8466666666666667 0.28 0.12 0.18666666666666668
1 0.9288888888888889 0.35333333333333333 0.13333333333333333 0.19111111111111112
1 0.9688888888888889 0.20666666666666667 0.05333333333333334 0.1111111111111111
1 0.6755555555555556 0.08666666666666667 0.12444444444444444 0.08444444444444445
1 0.8444444444444444 0.17333333333333334 0.16 0.11555555555555555
1 0.38222222222222224 0.18 0.11555555555555555 0.13777777777777778
1 0.18 0.2088888888888889 0.17333333333333334 0.16
1 0.14222222222222222 0.3622222222222222 0.18666666666666668 0.13777777777777778
1 0.06444444444444444 0.43777777777777777 0.1288888888888889 0.17333333333333334
1 0.2911111111111111 0.43333333333333335 0.16444444444444445 0.10222222222222223
1 0.28888888888888886 0.64 0.2577777777777778 0.07111111111111111