1 0.4980694980694981 0.49743589743589745 0.9961389961389961 0.9948717948717949
1 0.47876447876447875 0.8717948717948718 0.4555984555984556 0.24615384615384617
1 0.4768339768339768 0.7128205128205128 0.3745173745173745 0.31794871794871793
1 0.6544401544401545 0.8282051282051283 0.14285714285714285 0.26153846153846155
1 0.3108108108108108 0.6461538461538462 0.18146718146718147 0.15384615384615385
1 0.4806949806949807 0.5666666666666667 0.25868725868725867 0.18974358974358974
1 0.3687258687258687 0.4794871794871795 0.13513513513513514 0.24102564102564103
1 0.3030888030888031 0.37435897435897436 0.13513513513513514 0.18461538461538463
1 0.3803088803088803 0.30512820512820515 0.14285714285714285 0.2
1 0.36486486486486486 0.24615384615384617 0.17374517374517376 0.19487179487179487
1 0.8552123552123552 0.8461538461538461 0.28185328185328185 0.29743589743589743
1 0.9034749034749034 0.882051282051282 0.18532818532818532 0.22564102564102564
1 0.7722007722007722 0.7461538461538462 0.23166023166023167 0.3128205128205128
1 0.638996138996139 0.6282051282051282 0.10424710424710425 0.15897435897435896
1 0.7239382239382239 0.6153846153846154 0.0888030888030888 0.11282051282051282
1 0.583011583011583 0.49743589743589745 0.13127413127413126 0.10256410256410256
1 0.6602316602316602 0.5307692307692308 0.04633204633204633 0.07692307692307693
1 0.5212355212355212 0.4230769230769231 0.13127413127413126 0.11794871794871795
1 0.4864864864864865 0.3230769230769231 0.11583011583011583 0.09230769230769231
1 0.4749034749034749 0.26666666666666666 0.04633204633204633 0.10256410256410256
1 0.5115830115830116 0.12307692307692308 0.11969111969111969 0.17435897435897435
1 0.5598455598455598 0.2153846153846154 0.14671814671814673 0.17435897435897435
1 0.6505791505791506 0.33076923076923076 0.20463320463320464 0.2205128205128205
1 0.747104247104247 0.43846153846153846 0.20463320463320464 0.2512820512820513
1 0.88996138996139 0.5384615384615384 0.21235521235521235 0.24615384615384617
1 0.9382239382239382 0.617948717948718 0.11583011583011583 0.21025641025641026
1 0.9806949806949807 0.7333333333333333 0.03088803088803089 0.07179487179487179
1 0.11583011583011583 0.8307692307692308 0.23166023166023167 0.18461538461538463
1 0.2084942084942085 0.9076923076923077 0.10810810810810811 0.17435897435897435
1 0.13127413127413126 0.9666666666666667 0.07722007722007722 0.05641025641025641
1 0.09652509652509653 0.9333333333333333 0.1776061776061776 0.12307692307692308
1 0.14285714285714285 0.7384615384615385 0.277992277992278 0.5128205128205128
1 0.16023166023166024 0.49743589743589745 0.3127413127413127 0.24615384615384617
1 0.14671814671814673 0.34615384615384615 0.15444015444015444 0.18974358974358974
1 0.21235521235521235 0.23076923076923078 0.11583011583011583 0.10256410256410256
1 0.2953667953667954 0.17435897435897435 0.09652509652509653 0.08205128205128205
1 0.33976833976833976 0.1282051282051282 0.10038610038610038 0.08205128205128205
1 0.40540540540540543 0.1 0.0694980694980695 0.07692307692307693
1 0.4343629343629344 0.0641025641025641 0.05019305019305019 0.07692307692307693
1 0.04826254826254826 0.2846153846153846 0.09652509652509653 0.1282051282051282
1 0.14864864864864866 0.19743589743589743 0.10424710424710425 0.09743589743589744
1 0.2277992277992278 0.14615384615384616 0.12355212355212356 0.08717948717948718
1 0.26640926640926643 0.08461538461538462 0.10038610038610038 0.09743589743589744
1 0.3088803088803089 0.05128205128205128 0.09266409266409266 0.10256410256410256
1 0.3783783783783784 0.02564102564102564 0.08494208494208494 0.05128205128205128
1 0.14671814671814673 0.10256410256410256 0.08494208494208494 0.08205128205128205
1 0.2413127413127413 0.05384615384615385 0.08108108108108109 0.07692307692307693
1 0.05791505791505792 0.21025641025641026 0.11583011583011583 0.11282051282051282
1 0.04247104247104247 0.08205128205128205 0.08494208494208494 0.15384615384615385
1 0.09073359073359073 0.038461538461538464 0.06563706563706563 0.07692307692307693
1 0.13127413127413126 0.028205128205128206 0.04633204633204633 0.05641025641025641
1 0.1640926640926641 0.017948717948717947 0.03474903474903475 0.035897435897435895
1 0.6293436293436293 0.1564102564102564 0.10038610038610038 0.09743589743589744
1 0.7123552123552124 0.2128205128205128 0.14285714285714285 0.1282051282051282
1 0.862934362934363 0.3128205128205128 0.1891891891891892 0.10256410256410256
1 0.918918918918919 0.39487179487179486 0.15444015444015444 0.06153846153846154
1 0.9478764478764479 0.26153846153846155 0.09652509652509653 0.10256410256410256
1 0.9671814671814671 0.3282051282051282 0.05791505791505792 0.09230769230769231
1 0.8725868725868726 0.2076923076923077 0.08494208494208494 0.11794871794871795
1 0.8243243243243243 0.2564102564102564 0.07335907335907337 0.11282051282051282
1 0.8185328185328186 0.1794871794871795 0.08494208494208494 0.09230769230769231
1 0.833976833976834 0.14871794871794872 0.05405405405405406 0.05128205128205128
1 0.7664092664092664 0.13333333333333333 0.07335907335907337 0.08205128205128205
1 0.7586872586872587 0.21025641025641026 0.06563706563706563 0.07179487179487179
1 0.7104247104247104 0.13333333333333333 0.0694980694980695 0.07179487179487179
1 0.666023166023166 0.13076923076923078 0.04247104247104247 0.05641025641025641
1 0.6544401544401545 0.10256410256410256 0.05791505791505792 0.05128205128205128
1 0.5926640926640927 0.11025641025641025 0.06563706563706563 0.046153846153846156
1 0.8166023166023166 0.09743589743589744 0.07335907335907337 0.041025641025641026
1 0.9324324324324325 0.1641025641025641 0.1274131274131274 0.10256410256410256
1 0.9478764478764479 0.12564102564102564 0.09652509652509653 0.1076923076923077
1 0.8687258687258688 0.08205128205128205 0.13127413127413126 0.08205128205128205
1 0.7934362934362934 0.05128205128205128 0.11196911196911197 0.07179487179487179
1 0.7181467181467182 0.04358974358974359 0.12355212355212356 0.08717948717948718
1 0.6274131274131274 0.038461538461538464 0.13513513513513514 0.07692307692307693
1 0.8918918918918919 0.02564102564102564 0.09266409266409266 0.05128205128205128
1 0.9652509652509652 0.046153846153846156 0.06177606177606178 0.05128205128205128