1 0.9379562043795621 0.2608695652173913 0.11678832116788321 0.1956521739130435
1 0.8996350364963503 0.09510869565217392 0.09854014598540146 0.14673913043478262
1 0.8576642335766423 0.14130434782608695 0.08759124087591241 0.13043478260869565
1 0.7773722627737226 0.09510869565217392 0.072992700729927 0.11413043478260869
1 0.7007299270072993 0.06521739130434782 0.10948905109489052 0.13043478260869565
1 0.7536496350364964 0.26358695652173914 0.04744525547445255 0.09239130434782608
1 0.7062043795620438 0.1793478260869565 0.07664233576642336 0.08695652173913043
1 0.6843065693430657 0.2798913043478261 0.08394160583941605 0.10326086956521739
1 0.6240875912408759 0.22010869565217392 0.072992700729927 0.125
1 0.635036496350365 0.14130434782608695 0.072992700729927 0.08695652173913043
1 0.6167883211678832 0.051630434782608696 0.0948905109489051 0.09239130434782608
1 0.8485401459854015 0.2608695652173913 0.06934306569343066 0.11956521739130435
1 0.7828467153284672 0.21467391304347827 0.06204379562043796 0.11413043478260869
1 0.9562043795620438 0.42391304347826086 0.06569343065693431 0.09782608695652174
1 0.8686131386861314 0.3804347826086957 0.08759124087591241 0.13043478260869565
1 0.9762773722627737 0.5054347826086957 0.040145985401459854 0.08695652173913043
1 0.8594890510948905 0.6657608695652174 0.2737226277372263 0.5054347826086957
1 0.8357664233576643 0.9266304347826086 0.043795620437956206 0.08152173913043478
1 0.7846715328467153 0.8152173913043478 0.08029197080291971 0.13043478260869565
1 0.677007299270073 0.5489130434782609 0.17153284671532848 0.20652173913043478
1 0.7518248175182481 0.3858695652173913 0.145985401459854 0.20652173913043478
1 0.5748175182481752 0.2608695652173913 0.06934306569343066 0.16304347826086957
1 0.5565693430656934 0.18206521739130435 0.06204379562043796 0.09239130434782608
1 0.551094890510949 0.10869565217391304 0.072992700729927 0.07608695652173914
1 0.5766423357664233 0.03804347826086957 0.058394160583941604 0.07608695652173914
1 0.5200729927007299 0.043478260869565216 0.04744525547445255 0.06521739130434782
1 0.4927007299270073 0.07608695652173914 0.08029197080291971 0.07608695652173914
1 0.45072992700729925 0.125 0.08394160583941605 0.13043478260869565
1 0.4908759124087591 0.22010869565217392 0.08394160583941605 0.09239130434782608
1 0.5693430656934306 0.391304347826087 0.2116788321167883 0.2608695652173913
1 0.39233576642335766 0.4266304347826087 0.17153284671532848 0.23369565217391305
1 0.38321167883211676 0.24728260869565216 0.0948905109489051 0.11413043478260869
1 0.45985401459854014 0.30434782608695654 0.08029197080291971 0.14130434782608695
1 0.3357664233576642 0.30434782608695654 0.051094890510948905 0.06521739130434782
1 0.39233576642335766 0.1766304347826087 0.05474452554744526 0.04891304347826087
1 0.6186131386861314 0.6983695652173914 0.3613138686131387 0.3423913043478261
1 0.46897810218978103 0.9211956521739131 0.13503649635036497 0.1358695652173913
1 0.6167883211678832 0.9402173913043478 0.15328467153284672 0.10869565217391304
1 0.6751824817518248 0.9239130434782609 0.23357664233576642 0.14130434782608695
1 0.32116788321167883 0.5407608695652174 0.10218978102189781 0.14673913043478262
1 0.21532846715328466 0.4782608695652174 0.22627737226277372 0.18478260869565216
1 0.14051094890510948 0.19021739130434784 0.09124087591240876 0.17391304347826086
1 0.2062043795620438 0.2717391304347826 0.10583941605839416 0.11956521739130435
1 0.2591240875912409 0.328804347826087 0.10218978102189781 0.15760869565217392
1 0.04744525547445255 0.35597826086956524 0.0948905109489051 0.14673913043478262
1 0.08941605839416059 0.28532608695652173 0.12043795620437957 0.2554347826086957
1 0.2518248175182482 0.1331521739130435 0.11678832116788321 0.21195652173913043
1 0.3248175182481752 0.10597826086956522 0.11678832116788321 0.21195652173913043
1 0.39963503649635035 0.057065217391304345 0.10583941605839416 0.11413043478260869
1 0.11678832116788321 0.5679347826086957 0.23357664233576642 0.3641304347826087
1 0.291970802919708 0.7038043478260869 0.1386861313868613 0.3532608695652174
1 0.4543795620437956 0.717391304347826 0.22262773722627738 0.30434782608695654
1 0.291970802919708 0.9130434782608695 0.20437956204379562 0.16304347826086957
1 0.041970802919708027 0.8206521739130435 0.08394160583941605 0.16304347826086957
1 0.10401459854014598 0.8777173913043478 0.14233576642335766 0.22282608695652173
1 0.03102189781021898 0.9510869565217391 0.06204379562043796 0.08695652173913043
1 0.19160583941605838 0.9293478260869565 0.08394160583941605 0.13043478260869565