1 0.7983333333333333 0.6101190476190477 0.31666666666666665 0.5535714285714286
1 0.9583333333333334 0.6964285714285714 0.07666666666666666 0.35714285714285715
1 0.9233333333333333 0.49404761904761907 0.14666666666666667 0.2976190476190476
1 0.935 0.20833333333333334 0.12333333333333334 0.39285714285714285
1 0.8833333333333333 0.125 0.16 0.2261904761904762
1 0.7516666666666667 0.28273809523809523 0.25 0.375
1 0.61 0.35119047619047616 0.08666666666666667 0.2619047619047619
1 0.5 0.44047619047619047 0.24666666666666667 0.4166666666666667
1 0.365 0.4851190476190476 0.16333333333333333 0.3392857142857143
1 0.16666666666666666 0.8095238095238095 0.3333333333333333 0.36904761904761907
1 0.36 0.9077380952380952 0.06666666666666667 0.17261904761904762
1 0.6566666666666666 0.8125 0.30666666666666664 0.3630952380952381
1 0.5766666666666667 0.6160714285714286 0.11333333333333333 0.125
1 0.5916666666666667 0.12797619047619047 0.17666666666666667 0.25595238095238093
1 0.7783333333333333 0.0625 0.19666666666666666 0.125
1 0.42833333333333334 0.15476190476190477 0.21666666666666667 0.30952380952380953
1 0.385 0.05357142857142857 0.18333333333333332 0.10714285714285714
1 0.26666666666666666 0.20238095238095238 0.11333333333333333 0.20238095238095238
1 0.18666666666666668 0.09821428571428571 0.22666666666666666 0.19642857142857142
1 0.115 0.5327380952380952 0.09 0.18452380952380953
1 0.08 0.5922619047619048 0.16 0.25595238095238093