1 0.5694980694980695 0.8556701030927835 0.42857142857142855 0.27835051546391754
1 0.8378378378378378 0.6829896907216495 0.3166023166023166 0.4690721649484536
1 0.6351351351351351 0.5 0.3745173745173745 0.5463917525773195
1 0.8416988416988417 0.21649484536082475 0.3088803088803089 0.4329896907216495
1 0.9034749034749034 0.44072164948453607 0.18532818532818532 0.18041237113402062
1 0.6428571428571429 0.18041237113402062 0.13513513513513514 0.12371134020618557
1 0.640926640926641 0.059278350515463915 0.14671814671814673 0.11855670103092783
1 0.4864864864864865 0.1958762886597938 0.33976833976833976 0.3917525773195876
1 0.6776061776061776 0.17783505154639176 0.05791505791505792 0.10824742268041238
1 0.38996138996138996 0.5567010309278351 0.23166023166023167 0.36082474226804123
1 0.1525096525096525 0.7448453608247423 0.305019305019305 0.5
1 0.222007722007722 0.34536082474226804 0.25868725868725867 0.3711340206185567
1 0.1969111969111969 0.11855670103092783 0.23166023166023167 0.23711340206185566
1 0.3127413127413127 0.04639175257731959 0.13127413127413126 0.09278350515463918
1 0.04054054054054054 0.17268041237113402 0.08108108108108109 0.26288659793814434
1 0.06177606177606178 0.4639175257731959 0.12355212355212356 0.30927835051546393