1 0.9270833333333334 0.4514285714285714 0.1388888888888889 0.21714285714285714
1 0.9513888888888888 0.5657142857142857 0.09027777777777778 0.19428571428571428
1 0.9409722222222222 0.7485714285714286 0.1111111111111111 0.26285714285714284
1 0.8715277777777778 0.7771428571428571 0.08333333333333333 0.12571428571428572
1 0.7621527777777778 0.7714285714285715 0.14930555555555555 0.14857142857142858
1 0.7013888888888888 0.6885714285714286 0.125 0.24571428571428572
1 0.8611111111111112 0.6571428571428571 0.11805555555555555 0.14857142857142858
1 0.8125 0.6171428571428571 0.0763888888888889 0.14857142857142858
1 0.84375 0.4142857142857143 0.04861111111111111 0.06285714285714286
1 0.8489583333333334 0.49714285714285716 0.03819444444444445 0.09142857142857143
1 0.8038194444444444 0.8714285714285714 0.2743055555555556 0.14285714285714285
1 0.5798611111111112 0.8714285714285714 0.18055555555555555 0.13142857142857142
1 0.4982638888888889 0.8228571428571428 0.1909722222222222 0.2057142857142857
1 0.4114583333333333 0.9371428571428572 0.14930555555555555 0.11428571428571428
1 0.4739583333333333 0.5171428571428571 0.12152777777777778 0.08571428571428572
1 0.6857638888888888 0.3657142857142857 0.4270833333333333 0.4228571428571429
1 0.6458333333333334 0.42857142857142855 0.5347222222222222 0.38857142857142857
1 0.4947916666666667 0.6542857142857142 0.06597222222222222 0.14285714285714285
1 0.6822916666666666 0.5657142857142857 0.3159722222222222 0.21714285714285714
1 0.5815972222222222 0.7171428571428572 0.12152777777777778 0.09714285714285714
1 0.5868055555555556 0.7742857142857142 0.041666666666666664 0.04
1 0.21180555555555555 0.7828571428571428 0.4097222222222222 0.4228571428571429
1 0.2864583333333333 0.7942857142857143 0.3368055555555556 0.4
1 0.4097222222222222 0.7371428571428571 0.1388888888888889 0.17142857142857143
1 0.034722222222222224 0.8285714285714286 0.041666666666666664 0.08
1 0.059027777777777776 0.8657142857142858 0.027777777777777776 0.07428571428571429
1 0.09375 0.84 0.08333333333333333 0.10285714285714286
1 0.1267361111111111 0.8171428571428572 0.08680555555555555 0.03428571428571429
1 0.1371527777777778 0.8142857142857143 0.024305555555555556 0.09714285714285714
1 0.06770833333333333 0.7742857142857142 0.059027777777777776 0.05142857142857143
1 0.017361111111111112 0.84 0.034722222222222224 0.11428571428571428
1 0.005208333333333333 0.7 0.010416666666666666 0.10857142857142857
1 0.036458333333333336 0.29428571428571426 0.052083333333333336 0.08571428571428572
1 0.013888888888888888 0.3628571428571429 0.027777777777777776 0.07428571428571429
1 0.006944444444444444 0.3057142857142857 0.013888888888888888 0.05142857142857143
1 0.10590277777777778 0.2914285714285714 0.1076388888888889 0.045714285714285714
1 0.0920138888888889 0.3914285714285714 0.03819444444444445 0.10857142857142857
1 0.057291666666666664 0.37142857142857144 0.059027777777777776 0.10285714285714286
1 0.024305555555555556 0.4114285714285714 0.04861111111111111 0.03428571428571429
1 0.03125 0.44857142857142857 0.0625 0.06285714285714286
1 0.020833333333333332 0.5 0.041666666666666664 0.07428571428571429
1 0.07465277777777778 0.47714285714285715 0.03125 0.06285714285714286
1 0.11631944444444445 0.4742857142857143 0.04513888888888889 0.11428571428571428
1 0.1232638888888889 0.3342857142857143 0.03125 0.05142857142857143
1 0.1597222222222222 0.31142857142857144 0.0763888888888889 0.2
1 0.1701388888888889 0.42 0.041666666666666664 0.05142857142857143
1 0.1875 0.34285714285714286 0.034722222222222224 0.11428571428571428
1 0.2170138888888889 0.3057142857142857 0.04513888888888889 0.22285714285714286
1 0.2552083333333333 0.2542857142857143 0.03125 0.14285714285714285
1 0.3263888888888889 0.2742857142857143 0.125 0.14857142857142858
1 0.3020833333333333 0.3342857142857143 0.1111111111111111 0.07428571428571429
1 0.2777777777777778 0.2857142857142857 0.04861111111111111 0.03428571428571429
1 0.359375 0.27714285714285714 0.052083333333333336 0.04
1 0.40625 0.3 0.05555555555555555 0.05142857142857143
1 0.4409722222222222 0.24 0.034722222222222224 0.045714285714285714
1 0.4635416666666667 0.29714285714285715 0.059027777777777776 0.08
1 0.5625 0.34285714285714286 0.034722222222222224 0.05714285714285714
1 0.6319444444444444 0.4114285714285714 0.08333333333333333 0.10285714285714286
1 0.5590277777777778 0.4828571428571429 0.04861111111111111 0.05142857142857143
1 0.5555555555555556 0.41714285714285715 0.09722222222222222 0.10285714285714286
1 0.515625 0.46285714285714286 0.04513888888888889 0.08
1 0.5138888888888888 0.3742857142857143 0.05555555555555555 0.07428571428571429
1 0.4635416666666667 0.3485714285714286 0.059027777777777776 0.06857142857142857
1 0.4722222222222222 0.43714285714285717 0.04861111111111111 0.09714285714285714
1 0.4149305555555556 0.4085714285714286 0.06597222222222222 0.12
1 0.3559027777777778 0.46285714285714286 0.07291666666666667 0.08
1 0.3854166666666667 0.5228571428571429 0.05555555555555555 0.07428571428571429
1 0.3298611111111111 0.5628571428571428 0.0625 0.13142857142857142
1 0.2690972222222222 0.5857142857142857 0.07291666666666667 0.07428571428571429
1 0.21875 0.6142857142857143 0.0625 0.05142857142857143
1 0.2690972222222222 0.52 0.059027777777777776 0.05714285714285714
1 0.1892361111111111 0.5685714285714286 0.0798611111111111 0.10857142857142857
1 0.15625 0.56 0.09027777777777778 0.09142857142857143
1 0.1684027777777778 0.47714285714285715 0.052083333333333336 0.07428571428571429
1 0.2222222222222222 0.4657142857142857 0.05555555555555555 0.09714285714285714
1 0.2708333333333333 0.39714285714285713 0.0763888888888889 0.08571428571428572
1 0.2847222222222222 0.44571428571428573 0.06944444444444445 0.09142857142857143
1 0.3472222222222222 0.39714285714285713 0.06944444444444445 0.05142857142857143