1 0.9536679536679536 0.32216494845360827 0.08494208494208494 0.20103092783505155
1 0.9131274131274131 0.520618556701031 0.16602316602316602 0.1134020618556701
1 0.9131274131274131 0.6443298969072165 0.16602316602316602 0.13402061855670103
1 0.7625482625482626 0.520618556701031 0.15057915057915058 0.10309278350515463
1 0.7664092664092664 0.615979381443299 0.15057915057915058 0.08762886597938144
1 0.8918918918918919 0.8634020618556701 0.20077220077220076 0.25257731958762886
1 0.7432432432432432 0.8273195876288659 0.14285714285714285 0.25257731958762886
1 0.693050193050193 0.9587628865979382 0.16602316602316602 0.07216494845360824
1 0.6467181467181468 0.49226804123711343 0.1274131274131274 0.06701030927835051
1 0.637065637065637 0.5412371134020618 0.12355212355212356 0.061855670103092786
1 0.6332046332046332 0.5850515463917526 0.11583011583011583 0.05670103092783505
1 0.6293436293436293 0.6211340206185567 0.11583011583011583 0.05670103092783505
1 0.6525096525096525 0.6984536082474226 0.19305019305019305 0.08762886597938144
1 0.6428571428571429 0.7551546391752577 0.1583011583011583 0.07731958762886598
1 0.6312741312741312 0.7989690721649485 0.15057915057915058 0.061855670103092786
1 0.6235521235521235 0.8530927835051546 0.14285714285714285 0.0979381443298969
1 0.5598455598455598 0.9252577319587629 0.138996138996139 0.10824742268041238
1 0.4749034749034749 0.8943298969072165 0.04633204633204633 0.05670103092783505
1 0.4864864864864865 0.8324742268041238 0.06177606177606178 0.04639175257731959
1 0.5135135135135135 0.8685567010309279 0.04633204633204633 0.05670103092783505
1 0.4420849420849421 0.8711340206185567 0.04247104247104247 0.05154639175257732
1 0.4517374517374517 0.8092783505154639 0.04633204633204633 0.061855670103092786
1 0.41505791505791506 0.8479381443298969 0.04247104247104247 0.06701030927835051
1 0.3938223938223938 0.8917525773195877 0.03861003861003861 0.05154639175257732
1 0.4266409266409266 0.9149484536082474 0.04247104247104247 0.05670103092783505
1 0.4498069498069498 0.9252577319587629 0.04247104247104247 0.05670103092783505
1 0.5212355212355212 0.7371134020618557 0.07722007722007722 0.061855670103092786
1 0.5173745173745173 0.7680412371134021 0.08494208494208494 0.061855670103092786
1 0.5173745173745173 0.7989690721649485 0.08494208494208494 0.07216494845360824
1 0.5444015444015444 0.48711340206185566 0.06177606177606178 0.03608247422680412
1 0.5366795366795367 0.5103092783505154 0.0694980694980695 0.020618556701030927
1 0.5366795366795367 0.5335051546391752 0.09266409266409266 0.04639175257731959
1 0.5347490347490348 0.5618556701030928 0.08108108108108109 0.030927835051546393
1 0.5424710424710425 0.5850515463917526 0.07335907335907337 0.02577319587628866
1 0.5328185328185329 0.6056701030927835 0.07722007722007722 0.02577319587628866
1 0.6988416988416989 0.3427835051546392 0.04633204633204633 0.18041237113402062
1 0.750965250965251 0.34536082474226804 0.05019305019305019 0.15463917525773196
1 0.8108108108108109 0.3479381443298969 0.07722007722007722 0.14948453608247422
1 0.8378378378378378 0.3556701030927835 0.08494208494208494 0.14432989690721648
1 0.88996138996139 0.30927835051546393 0.08108108108108109 0.2268041237113402
1 0.5907335907335908 0.3402061855670103 0.21621621621621623 0.09278350515463918
1 0.5791505791505791 0.39948453608247425 0.20077220077220076 0.04639175257731959
1 0.43822393822393824 0.37371134020618557 0.0888030888030888 0.08762886597938144
1 0.3552123552123552 0.36597938144329895 0.12355212355212356 0.12371134020618557
1 0.43243243243243246 0.5283505154639175 0.13127413127413126 0.14948453608247422
1 0.3996138996138996 0.6958762886597938 0.24324324324324326 0.18556701030927836
1 0.29343629343629346 0.7912371134020618 0.11583011583011583 0.11855670103092783
1 0.3745173745173745 0.8298969072164949 0.09266409266409266 0.1134020618556701
1 0.33783783783783783 0.520618556701031 0.07335907335907337 0.1134020618556701
1 0.28185328185328185 0.5154639175257731 0.05405405405405406 0.10309278350515463
1 0.2528957528957529 0.38144329896907214 0.10424710424710425 0.08247422680412371
1 0.15444015444015444 0.3943298969072165 0.06177606177606178 0.05670103092783505
1 0.10424710424710425 0.3943298969072165 0.04633204633204633 0.05670103092783505
1 0.059845559845559844 0.3917525773195876 0.05019305019305019 0.05154639175257732
1 0.1833976833976834 0.39690721649484534 0.03474903474903475 0.061855670103092786
1 0.0444015444015444 0.48195876288659795 0.04247104247104247 0.04639175257731959
1 0.10038610038610038 0.4742268041237113 0.0694980694980695 0.07216494845360824
1 0.14478764478764478 0.49226804123711343 0.02702702702702703 0.05670103092783505
1 0.17953667953667954 0.49226804123711343 0.04247104247104247 0.07731958762886598
1 0.21814671814671815 0.5 0.04247104247104247 0.09278350515463918
1 0.2702702702702703 0.5154639175257731 0.10038610038610038 0.09278350515463918
1 0.23938223938223938 0.6417525773195877 0.0694980694980695 0.11855670103092783
1 0.28185328185328185 0.6469072164948454 0.05405405405405406 0.10824742268041238
1 0.03667953667953668 0.5412371134020618 0.04247104247104247 0.05154639175257732
1 0.0888030888030888 0.5670103092783505 0.07722007722007722 0.08247422680412371
1 0.14478764478764478 0.5979381443298969 0.08108108108108109 0.09278350515463918
1 0.19305019305019305 0.6185567010309279 0.05405405405405406 0.07216494845360824
1 0.2413127413127413 0.7396907216494846 0.05791505791505792 0.04639175257731959
1 0.21428571428571427 0.770618556701031 0.04247104247104247 0.03608247422680412
1 0.20077220077220076 0.8170103092783505 0.023166023166023165 0.02577319587628866
1 0.1833976833976834 0.8015463917525774 0.02702702702702703 0.03608247422680412
1 0.19498069498069498 0.7603092783505154 0.04247104247104247 0.05670103092783505
1 0.20077220077220076 0.7164948453608248 0.04633204633204633 0.041237113402061855
1 0.16988416988416988 0.7474226804123711 0.03088803088803089 0.05154639175257732
1 0.15057915057915058 0.7783505154639175 0.023166023166023165 0.030927835051546393
1 0.13513513513513514 0.6907216494845361 0.10810810810810811 0.07216494845360824
1 0.0444015444015444 0.6365979381443299 0.0888030888030888 0.0979381443298969