1 0.12199312714776632 0.9104046242774566 0.09278350515463918 0.1676300578034682
1 0.2268041237113402 0.7774566473988439 0.12371134020618557 0.2138728323699422
1 0.37800687285223367 0.8583815028901735 0.10309278350515463 0.1791907514450867
1 0.46048109965635736 0.6502890173410405 0.09621993127147767 0.1907514450867052
1 0.5154639175257731 0.5028901734104047 0.09621993127147767 0.13872832369942195
1 0.5773195876288659 0.6242774566473989 0.09621993127147767 0.17341040462427745
1 0.5962199312714777 0.7745664739884393 0.0859106529209622 0.19653179190751446
1 0.6907216494845361 0.6994219653179191 0.10309278350515463 0.21965317919075145
1 0.6924398625429553 0.5115606936416185 0.09278350515463918 0.1907514450867052
1 0.5996563573883161 0.4190751445086705 0.12027491408934708 0.2023121387283237
1 0.5343642611683849 0.3930635838150289 0.06529209621993128 0.13872832369942195
1 0.6649484536082474 0.3699421965317919 0.044673539518900345 0.09248554913294797
1 0.7646048109965635 0.5289017341040463 0.07903780068728522 0.23699421965317918
1 0.8556701030927835 0.615606936416185 0.10309278350515463 0.1791907514450867
1 0.9398625429553265 0.5664739884393064 0.09965635738831616 0.17341040462427745
1 0.8591065292096219 0.45664739884393063 0.10996563573883161 0.19653179190751446
1 0.8281786941580757 0.28901734104046245 0.10309278350515463 0.16184971098265896
1 0.9106529209621993 0.35260115606936415 0.054982817869415807 0.18497109826589594
1 0.7680412371134021 0.3786127167630058 0.10652920962199312 0.15606936416184972
1 0.7130584192439863 0.2658959537572254 0.09278350515463918 0.15028901734104047
1 0.218213058419244 0.3786127167630058 0.29896907216494845 0.44508670520231214
1 0.5103092783505154 0.3063583815028902 0.13402061855670103 0.2543352601156069
1 0.7319587628865979 0.1994219653179191 0.3024054982817869 0.37572254335260113