1 0.9646118721461188 0.391304347826087 0.06621004566210045 0.41739130434782606
1 0.910958904109589 0.6608695652173913 0.1735159817351598 0.6608695652173913
1 0.8207762557077626 0.7217391304347827 0.02511415525114155 0.08695652173913043
1 0.8002283105022832 0.8217391304347826 0.03881278538812785 0.06086956521739131
1 0.8047945205479452 0.7652173913043478 0.01598173515981735 0.034782608695652174
1 0.7876712328767124 0.8869565217391304 0.0228310502283105 0.06956521739130435
1 0.7614155251141552 0.782608695652174 0.02968036529680365 0.06956521739130435
1 0.7796803652968036 0.9565217391304348 0.02511415525114155 0.06956521739130435
1 0.819634703196347 0.9608695652173913 0.0365296803652968 0.06086956521739131
1 0.791095890410959 0.4043478260869565 0.09817351598173515 0.3391304347826087
1 0.7134703196347032 0.5565217391304348 0.06621004566210045 0.3826086956521739
1 0.7397260273972602 0.7782608695652173 0.1735159817351598 0.4260869565217391
1 0.5821917808219178 0.5608695652173913 0.1095890410958904 0.3739130434782609
1 0.6267123287671232 0.6652173913043479 0.11643835616438356 0.6521739130434783
1 0.5365296803652968 0.6652173913043479 0.0182648401826484 0.06086956521739131
1 0.521689497716895 0.6608695652173913 0.01141552511415525 0.05217391304347826
1 0.5159817351598174 0.7304347826086957 0.0182648401826484 0.05217391304347826
1 0.5616438356164384 0.7086956521739131 0.0228310502283105 0.043478260869565216
1 0.567351598173516 0.7869565217391304 0.01141552511415525 0.043478260869565216
1 0.5627853881278538 0.8869565217391304 0.01141552511415525 0.05217391304347826
1 0.545662100456621 0.8695652173913043 0.0136986301369863 0.06956521739130435
1 0.5273972602739726 0.8652173913043478 0.0182648401826484 0.06086956521739131
1 0.5171232876712328 0.8 0.01598173515981735 0.034782608695652174
1 0.519406392694064 0.9652173913043478 0.02511415525114155 0.05217391304347826
1 0.541095890410959 0.9478260869565217 0.0228310502283105 0.05217391304347826
1 0.5707762557077626 0.9608695652173913 0.0228310502283105 0.06086956521739131
1 0.4680365296803653 0.8173913043478261 0.091324200913242 0.34782608695652173
1 0.4988584474885845 0.5130434782608696 0.03424657534246575 0.19130434782608696
1 0.4600456621004566 0.4956521739130435 0.04337899543378995 0.12173913043478261
1 0.4908675799086758 0.6391304347826087 0.0639269406392694 0.14782608695652175
1 0.4212328767123288 0.41304347826086957 0.05707762557077625 0.3391304347826087
1 0.3641552511415525 0.591304347826087 0.16666666666666666 0.46956521739130436
1 0.3675799086757991 0.8173913043478261 0.1415525114155251 0.34782608695652173
1 0.3162100456621005 0.8782608695652174 0.02054794520547945 0.06956521739130435
1 0.29337899543379 0.8304347826086956 0.02054794520547945 0.06086956521739131
1 0.2773972602739726 0.8956521739130435 0.01141552511415525 0.034782608695652174
1 0.2465753424657534 0.8260869565217391 0.091324200913242 0.33043478260869563
1 0.2751141552511416 0.6782608695652174 0.01598173515981735 0.12173913043478261
1 0.3070776255707763 0.4652173913043478 0.12557077625570776 0.3565217391304348
1 0.1917808219178082 0.44782608695652176 0.136986301369863 0.3739130434782609
1 0.1278538812785388 0.3521739130434783 0.0410958904109589 0.13043478260869565
1 0.05593607305936073 0.4956521739130435 0.11187214611872145 0.5739130434782609
1 0.03881278538812785 0.8695652173913043 0.0776255707762557 0.24347826086956523
1 0.10616438356164383 0.8478260869565217 0.04337899543378995 0.26956521739130435
1 0.1723744292237443 0.6695652173913044 0.10730593607305935 0.43478260869565216
1 0.1506849315068493 0.6521739130434783 0.0182648401826484 0.05217391304347826
1 0.1324200913242009 0.6043478260869565 0.0182648401826484 0.043478260869565216
1 0.1267123287671233 0.6608695652173913 0.02054794520547945 0.05217391304347826
1 0.09931506849315068 0.6565217391304348 0.02054794520547945 0.043478260869565216