1 0.6133333333333333 0.30444444444444446 0.5777777777777777 0.48444444444444446
1 0.9022222222222223 0.35555555555555557 0.18666666666666668 0.5333333333333333
1 0.36 0.6466666666666666 0.3288888888888889 0.17333333333333334
1 0.10222222222222223 0.6933333333333334 0.14222222222222222 0.07111111111111111
1 0.051111111111111114 0.5844444444444444 0.10222222222222223 0.2088888888888889
1 0.10222222222222223 0.6711111111111111 0.19555555555555557 0.10666666666666667
1 0.35777777777777775 0.5177777777777778 0.23555555555555555 0.10222222222222223
1 0.32666666666666666 0.18222222222222223 0.15555555555555556 0.2577777777777778
1 0.18444444444444444 0.2222222222222222 0.19111111111111112 0.11555555555555555
1 0.5533333333333333 0.06888888888888889 0.1111111111111111 0.07555555555555556
1 0.8177777777777778 0.05333333333333334 0.13333333333333333 0.10666666666666667
1 0.7822222222222223 0.5111111111111111 0.17777777777777778 0.1688888888888889
1 0.8577777777777778 0.6022222222222222 0.27555555555555555 0.08444444444444445
1 0.5511111111111111 0.4622222222222222 0.1688888888888889 0.11555555555555555
1 0.5444444444444444 0.48444444444444446 0.4577777777777778 0.39111111111111113
1 0.18 0.42444444444444446 0.36 0.36