1 0.8783269961977186 0.6197916666666666 0.06844106463878327 0.10416666666666667
1 0.9296577946768061 0.5442708333333334 0.13307984790874525 0.21354166666666666
1 0.9581749049429658 0.71875 0.07604562737642585 0.125
1 0.5684410646387833 0.7395833333333334 0.17110266159695817 0.1875
1 0.5836501901140685 0.421875 0.10266159695817491 0.4270833333333333
1 0.6254752851711026 0.4270833333333333 0.1634980988593156 0.375
1 0.7566539923954373 0.5911458333333334 0.20532319391634982 0.09895833333333333
1 0.7927756653992395 0.484375 0.1482889733840304 0.10416666666666667
1 0.8460076045627376 0.4244791666666667 0.13307984790874525 0.140625
1 0.9277566539923955 0.3776041666666667 0.13688212927756654 0.09895833333333333
1 0.9600760456273765 0.3958333333333333 0.07224334600760456 0.08333333333333333
1 0.8346007604562737 0.2994791666666667 0.155893536121673 0.08854166666666667
1 0.9220532319391636 0.2760416666666667 0.057034220532319393 0.041666666666666664
1 0.8650190114068441 0.140625 0.21673003802281368 0.22916666666666666
1 0.7927756653992395 0.10416666666666667 0.155893536121673 0.20833333333333334
1 0.7186311787072244 0.15885416666666666 0.09885931558935361 0.109375
1 0.7357414448669202 0.24739583333333334 0.07224334600760456 0.08854166666666667
1 0.747148288973384 0.3776041666666667 0.08745247148288973 0.18229166666666666
1 0.9505703422053232 0.1328125 0.09125475285171103 0.265625
1 0.4847908745247148 0.4296875 0.11026615969581749 0.453125
1 0.43346007604562736 0.40625 0.16730038022813687 0.4479166666666667
1 0.5399239543726235 0.1953125 0.18250950570342206 0.203125
1 0.623574144486692 0.1484375 0.06844106463878327 0.11979166666666667
1 0.5247148288973384 0.078125 0.10646387832699619 0.11458333333333333
1 0.6330798479087453 0.059895833333333336 0.08745247148288973 0.06770833333333333
1 0.25285171102661597 0.5494791666666666 0.1634980988593156 0.08854166666666667
1 0.1958174904942966 0.5729166666666666 0.06463878326996197 0.19791666666666666
1 0.09125475285171103 0.5442708333333334 0.10646387832699619 0.265625
1 0.06844106463878327 0.6770833333333334 0.09125475285171103 0.125
1 0.055133079847908745 0.765625 0.11026615969581749 0.16666666666666666
1 0.18250950570342206 0.71875 0.09885931558935361 0.15625
1 0.2908745247148289 0.7265625 0.20152091254752852 0.08854166666666667
1 0.37072243346007605 0.7630208333333334 0.09505703422053231 0.06770833333333333
1 0.3574144486692015 0.14322916666666666 0.16730038022813687 0.24479166666666666
1 0.2946768060836502 0.08333333333333333 0.13307984790874525 0.16666666666666666
1 0.22813688212927757 0.07291666666666667 0.060836501901140684 0.11458333333333333
1 0.3193916349809886 0.2421875 0.2509505703422053 0.2552083333333333
1 0.17680608365019013 0.3229166666666667 0.09505703422053231 0.15625
1 0.19961977186311788 0.19791666666666666 0.09505703422053231 0.07291666666666667
1 0.15779467680608364 0.12239583333333333 0.07224334600760456 0.09895833333333333
1 0.11216730038022814 0.11197916666666667 0.057034220532319393 0.057291666666666664
1 0.10836501901140684 0.2109375 0.11026615969581749 0.140625
1 0.06463878326996197 0.3333333333333333 0.12927756653992395 0.19791666666666666
1 0.026615969581749048 0.026041666666666668 0.053231939163498096 0.052083333333333336
1 0.049429657794676805 0.14322916666666666 0.09885931558935361 0.18229166666666666
1 0.8250950570342205 0.7708333333333334 0.34220532319391633 0.2604166666666667
1 0.5779467680608364 0.8489583333333334 0.34220532319391633 0.09375
1 0.40304182509505704 0.7682291666666666 0.1520912547528517 0.265625
1 0.2718631178707224 0.7838541666666666 0.3916349809885932 0.234375
1 0.49809885931558934 0.4479166666666667 0.9961977186311787 0.8958333333333334