1 0.9092664092664092 0.9175257731958762 0.17374517374517376 0.15463917525773196
1 0.9884169884169884 0.8427835051546392 0.015444015444015444 0.07731958762886598
1 0.8745173745173745 0.7319587628865979 0.1891891891891892 0.2268041237113402
1 0.9826254826254827 0.7396907216494846 0.02702702702702703 0.0979381443298969
1 0.9633204633204633 0.6597938144329897 0.06563706563706563 0.17525773195876287
1 0.888030888030888 0.4793814432989691 0.21621621621621623 0.29896907216494845
1 0.9787644787644788 0.33762886597938147 0.03474903474903475 0.12886597938144329
1 0.9305019305019305 0.27835051546391754 0.13127413127413126 0.18556701030927836
1 0.972972972972973 0.13917525773195877 0.04633204633204633 0.20618556701030927
1 0.9208494208494209 0.04639175257731959 0.15057915057915058 0.09278350515463918
1 0.8957528957528957 0.12886597938144329 0.10810810810810811 0.12371134020618557
1 0.805019305019305 0.2603092783505155 0.21235521235521235 0.28350515463917525
1 0.7895752895752896 0.05670103092783505 0.14285714285714285 0.1134020618556701
1 0.6621621621621622 0.020618556701030927 0.15057915057915058 0.041237113402061855
1 0.6563706563706564 0.16237113402061856 0.19305019305019305 0.26288659793814434
1 0.581081081081081 0.3479381443298969 0.22007722007722008 0.23195876288659795
1 0.749034749034749 0.4793814432989691 0.12355212355212356 0.23711340206185566
1 0.638996138996139 0.5670103092783505 0.1969111969111969 0.23711340206185566
1 0.7065637065637066 0.7551546391752577 0.19305019305019305 0.2422680412371134
1 0.7239382239382239 0.9304123711340206 0.1969111969111969 0.12886597938144329
1 0.583011583011583 0.8917525773195877 0.1776061776061776 0.20618556701030927
1 0.5308880308880309 0.9432989690721649 0.17374517374517376 0.10309278350515463
1 0.4826254826254826 0.7216494845360825 0.19305019305019305 0.24742268041237114
1 0.46525096525096526 0.5721649484536082 0.20463320463320464 0.1134020618556701
1 0.4671814671814672 0.4845360824742268 0.16216216216216217 0.23711340206185566
1 0.3687258687258687 0.38402061855670105 0.1969111969111969 0.28350515463917525
1 0.4034749034749035 0.14175257731958762 0.17374517374517376 0.23195876288659795
1 0.4826254826254826 0.03350515463917526 0.03861003861003861 0.06701030927835051
1 0.5347490347490348 0.12628865979381443 0.11969111969111969 0.22164948453608246
1 0.5733590733590733 0.023195876288659795 0.05019305019305019 0.04639175257731959
1 0.47297297297297297 0.03608247422680412 0.15057915057915058 0.07216494845360824
1 0.32432432432432434 0.05412371134020619 0.14671814671814673 0.10824742268041238
1 0.2335907335907336 0.16752577319587628 0.17374517374517376 0.25257731958762886
1 0.17374517374517376 0.43556701030927836 0.23166023166023167 0.31443298969072164
1 0.3223938223938224 0.6443298969072165 0.17374517374517376 0.2268041237113402
1 0.33783783783783783 0.8711340206185567 0.18146718146718147 0.24742268041237114
1 0.41505791505791506 0.9716494845360825 0.05791505791505792 0.04639175257731959
1 0.19498069498069498 0.729381443298969 0.1969111969111969 0.27319587628865977
1 0.1776061776061776 0.9149484536082474 0.20077220077220076 0.15979381443298968
1 0.09266409266409266 0.711340206185567 0.18532818532818532 0.28865979381443296
1 0.03667953667953668 0.9175257731958762 0.07335907335907337 0.15463917525773196
1 0.02702702702702703 0.8092783505154639 0.05405405405405406 0.16494845360824742
1 0.05405405405405406 0.5128865979381443 0.10810810810810811 0.28350515463917525
1 0.11969111969111969 0.5180412371134021 0.04633204633204633 0.08762886597938144
1 0.07528957528957529 0.19072164948453607 0.15057915057915058 0.32989690721649484
1 0.04633204633204633 0.01804123711340206 0.08494208494208494 0.03608247422680412
1 0.12162162162162163 0.05670103092783505 0.0888030888030888 0.10309278350515463