1 0.8397683397683398 0.7371134020618557 0.1274131274131274 0.17525773195876287
1 0.7644787644787645 0.8195876288659794 0.138996138996139 0.20618556701030927
1 0.666023166023166 0.8788659793814433 0.13513513513513514 0.11855670103092783
1 0.7722007722007722 0.9278350515463918 0.0694980694980695 0.041237113402061855
1 0.6776061776061776 0.7809278350515464 0.05791505791505792 0.0979381443298969
1 0.7181467181467182 0.6623711340206185 0.13127413127413126 0.14948453608247422
1 0.805019305019305 0.6597938144329897 0.05791505791505792 0.10309278350515463
1 0.7934362934362934 0.538659793814433 0.1274131274131274 0.17010309278350516
1 0.8108108108108109 0.39690721649484534 0.11583011583011583 0.15463917525773196
1 0.6891891891891891 0.36855670103092786 0.1274131274131274 0.17010309278350516
1 0.6640926640926641 0.5103092783505154 0.12355212355212356 0.17525773195876287
1 0.6312741312741312 0.6185567010309279 0.05791505791505792 0.061855670103092786
1 0.611969111969112 0.7448453608247423 0.11196911196911197 0.20103092783505155
1 0.5347490347490348 0.8762886597938144 0.11969111969111969 0.1134020618556701
1 0.5096525096525096 0.8067010309278351 0.09266409266409266 0.06701030927835051
1 0.5038610038610039 0.7061855670103093 0.11196911196911197 0.18556701030927836
1 0.5579150579150579 0.5747422680412371 0.11196911196911197 0.14948453608247422
1 0.5579150579150579 0.4381443298969072 0.1274131274131274 0.13402061855670103
1 0.61003861003861 0.36855670103092786 0.05405405405405406 0.0979381443298969
1 0.5077220077220077 0.327319587628866 0.1274131274131274 0.17010309278350516
1 0.39768339768339767 0.44587628865979384 0.10038610038610038 0.17010309278350516
1 0.4594594594594595 0.5283505154639175 0.12355212355212356 0.13917525773195877
1 0.4034749034749035 0.6752577319587629 0.11969111969111969 0.17525773195876287
1 0.41312741312741313 0.8479381443298969 0.138996138996139 0.15979381443298968
1 0.29343629343629346 0.7835051546391752 0.16216216216216217 0.17525773195876287
1 0.28185328185328185 0.8891752577319587 0.13127413127413126 0.06701030927835051
1 0.13706563706563707 0.845360824742268 0.17374517374517376 0.16494845360824742
1 0.16216216216216217 0.6829896907216495 0.16988416988416988 0.18041237113402062
1 0.305019305019305 0.595360824742268 0.14671814671814673 0.19072164948453607
1 0.3918918918918919 0.5567010309278351 0.02702702702702703 0.05154639175257732
1 0.26640926640926643 0.5051546391752577 0.03088803088803089 0.05154639175257732
1 0.3088803088803089 0.4072164948453608 0.11583011583011583 0.18556701030927836
1 0.3803088803088803 0.2860824742268041 0.13513513513513514 0.15979381443298968
1 0.2606177606177606 0.25773195876288657 0.10424710424710425 0.18556701030927836
1 0.1891891891891892 0.27835051546391754 0.04633204633204633 0.041237113402061855
1 0.19111969111969113 0.37628865979381443 0.13513513513513514 0.16494845360824742
1 0.19305019305019305 0.5231958762886598 0.15444015444015444 0.13917525773195877
1 0.9575289575289575 0.5567010309278351 0.07722007722007722 0.8762886597938144
1 0.4980694980694981 0.961340206185567 0.9961389961389961 0.06701030927835051
1 0.9054054054054054 0.9097938144329897 0.18146718146718147 0.17010309278350516
1 0.918918918918919 0.615979381443299 0.15444015444015444 0.7371134020618557
1 0.5386100386100386 0.12371134020618557 0.7837837837837838 0.07216494845360824
1 0.555984555984556 0.08762886597938144 0.8803088803088803 0.17525773195876287
1 0.02702702702702703 0.47164948453608246 0.05405405405405406 0.9432989690721649
1 0.07528957528957529 0.29896907216494845 0.05791505791505792 0.5979381443298969
1 0.06563706563706563 0.6881443298969072 0.03088803088803089 0.17010309278350516
1 0.15057915057915058 0.20618556701030927 0.10810810810810811 0.09278350515463918