1 0.6486486486486487 0.8221649484536082 0.14671814671814673 0.19072164948453607
1 0.9305019305019305 0.6701030927835051 0.13127413127413126 0.25773195876288657
1 0.8494208494208494 0.5051546391752577 0.1776061776061776 0.1958762886597938
1 0.8378378378378378 0.6443298969072165 0.07722007722007722 0.1134020618556701
1 0.9633204633204633 0.5231958762886598 0.06563706563706563 0.06701030927835051
1 0.9266409266409267 0.4175257731958763 0.13127413127413126 0.20618556701030927
1 0.9517374517374517 0.36855670103092786 0.0888030888030888 0.17010309278350516
1 0.9517374517374517 0.25773195876288657 0.0888030888030888 0.1134020618556701
1 0.8803088803088803 0.2036082474226804 0.10810810810810811 0.12886597938144329
1 0.8436293436293436 0.25773195876288657 0.0888030888030888 0.13402061855670103
1 0.8957528957528957 0.3015463917525773 0.05405405405405406 0.05670103092783505
1 0.7895752895752896 0.3247422680412371 0.1274131274131274 0.20618556701030927
1 0.7277992277992278 0.5747422680412371 0.0888030888030888 0.20103092783505155
1 0.7548262548262549 0.6185567010309279 0.11196911196911197 0.14432989690721648
1 0.6525096525096525 0.5850515463917526 0.1776061776061776 0.22164948453608246
1 0.5637065637065637 0.5412371134020618 0.14671814671814673 0.21649484536082475
1 0.4498069498069498 0.6134020618556701 0.13513513513513514 0.23711340206185566
1 0.43822393822393824 0.7938144329896907 0.10424710424710425 0.13402061855670103
1 0.5 0.8737113402061856 0.11196911196911197 0.17010309278350516
1 0.33783783783783783 0.6211340206185567 0.09652509652509653 0.12886597938144329
1 0.3783783783783784 0.7061855670103093 0.06177606177606178 0.13402061855670103
1 0.40733590733590735 0.5128865979381443 0.09652509652509653 0.0979381443298969
1 0.4671814671814672 0.39948453608247425 0.14671814671814673 0.17010309278350516
1 0.6003861003861004 0.34536082474226804 0.1274131274131274 0.21649484536082475
1 0.6718146718146718 0.34536082474226804 0.09266409266409266 0.25773195876288657
1 0.5694980694980695 0.22938144329896906 0.14285714285714285 0.18041237113402062
1 0.6718146718146718 0.17783505154639176 0.10038610038610038 0.11855670103092783
1 0.7413127413127413 0.15979381443298968 0.0694980694980695 0.10309278350515463
1 0.7953667953667953 0.14948453608247422 0.06177606177606178 0.09278350515463918
1 0.7162162162162162 0.08762886597938144 0.11196911196911197 0.061855670103092786
1 0.637065637065637 0.09020618556701031 0.11583011583011583 0.06701030927835051
1 0.3803088803088803 0.9149484536082474 0.15057915057915058 0.15979381443298968
1 0.34555984555984554 0.8737113402061856 0.13513513513513514 0.14948453608247422
1 0.3861003861003861 0.8221649484536082 0.10038610038610038 0.10824742268041238
1 0.29343629343629346 0.7396907216494846 0.13127413127413126 0.19072164948453607
1 0.36293436293436293 0.7371134020618557 0.023166023166023165 0.061855670103092786
1 0.25096525096525096 0.6469072164948454 0.07722007722007722 0.07731958762886598
1 0.22972972972972974 0.654639175257732 0.02702702702702703 0.05154639175257732
1 0.1718146718146718 0.7396907216494846 0.11969111969111969 0.15979381443298968
1 0.16602316602316602 0.6932989690721649 0.11583011583011583 0.18041237113402062
1 0.07528957528957529 0.6623711340206185 0.10424710424710425 0.13917525773195877
1 0.06563706563706563 0.7963917525773195 0.11583011583011583 0.19072164948453607
1 0.10617760617760617 0.5644329896907216 0.09652509652509653 0.12886597938144329
1 0.20077220077220076 0.5567010309278351 0.10810810810810811 0.13402061855670103
1 0.27413127413127414 0.5257731958762887 0.09266409266409266 0.15463917525773196
1 0.33976833976833976 0.42010309278350516 0.12355212355212356 0.13917525773195877
1 0.18725868725868725 0.47164948453608246 0.11969111969111969 0.10824742268041238
1 0.2335907335907336 0.36597938144329895 0.08108108108108109 0.14432989690721648
1 0.2799227799227799 0.30412371134020616 0.05019305019305019 0.061855670103092786
1 0.31467181467181465 0.3402061855670103 0.10424710424710425 0.12371134020618557
1 0.05405405405405406 0.49742268041237114 0.10810810810810811 0.12886597938144329
1 0.019305019305019305 0.6056701030927835 0.03861003861003861 0.10824742268041238
1 0.04054054054054054 0.44587628865979384 0.08108108108108109 0.13917525773195877
1 0.05019305019305019 0.3118556701030928 0.06177606177606178 0.08762886597938144
1 0.04247104247104247 0.22938144329896906 0.04633204633204633 0.07731958762886598
1 0.09073359073359073 0.22164948453608246 0.08108108108108109 0.13402061855670103
1 0.13706563706563707 0.15206185567010308 0.06563706563706563 0.07731958762886598
1 0.16023166023166024 0.16752577319587628 0.0888030888030888 0.08762886597938144
1 0.20463320463320464 0.1134020618556701 0.09266409266409266 0.10309278350515463
1 0.21235521235521235 0.06443298969072164 0.06177606177606178 0.03608247422680412
1 0.28378378378378377 0.023195876288659795 0.04247104247104247 0.02577319587628866
1 0.30694980694980695 0.01288659793814433 0.07335907335907337 0.02577319587628866
1 0.4092664092664093 0.020618556701030927 0.0694980694980695 0.041237113402061855
1 0.4189189189189189 0.05412371134020619 0.05791505791505792 0.04639175257731959
1 0.4922779922779923 0.08247422680412371 0.06563706563706563 0.07216494845360824
1 0.49613899613899615 0.15721649484536082 0.07335907335907337 0.07731958762886598
1 0.46525096525096526 0.19329896907216496 0.08108108108108109 0.11855670103092783
1 0.444015444015444 0.2757731958762887 0.07722007722007722 0.10824742268041238
1 0.3841698841698842 0.2912371134020619 0.07335907335907337 0.15979381443298968
1 0.333976833976834 0.24742268041237114 0.03474903474903475 0.061855670103092786
1 0.2953667953667954 0.20876288659793815 0.07335907335907337 0.12886597938144329
1 0.33976833976833976 0.19329896907216496 0.05405405405405406 0.06701030927835051
1 0.3667953667953668 0.17010309278350516 0.07722007722007722 0.09278350515463918
1 0.4034749034749035 0.16752577319587628 0.03474903474903475 0.06701030927835051
1 0.3745173745173745 0.10309278350515463 0.0694980694980695 0.07216494845360824
1 0.4362934362934363 0.10051546391752578 0.0694980694980695 0.06701030927835051
1 0.2953667953667954 0.11082474226804123 0.08108108108108109 0.0979381443298969
1 0.28957528957528955 0.059278350515463915 0.0694980694980695 0.05670103092783505
1 0.24324324324324326 0.19072164948453607 0.04633204633204633 0.15463917525773196
1 0.19305019305019305 0.2422680412371134 0.138996138996139 0.13402061855670103
1 0.13706563706563707 0.3634020618556701 0.13513513513513514 0.18041237113402062
1 0.9073359073359073 0.13659793814432988 0.1776061776061776 0.06701030927835051