1 0.6287878787878788 0.5732984293193717 0.19696969696969696 0.3193717277486911
1 0.7481060606060606 0.6099476439790575 0.0946969696969697 0.13089005235602094
1 0.7215909090909091 0.8848167539267016 0.07954545454545454 0.06282722513089005
1 0.5208333333333334 0.7513089005235603 0.16287878787878787 0.193717277486911
1 0.4962121212121212 0.5759162303664922 0.09848484848484848 0.17801047120418848
1 0.5208333333333334 0.4581151832460733 0.11742424242424243 0.09947643979057591
1 0.571969696969697 0.31151832460732987 0.15151515151515152 0.21465968586387435
1 0.4431818181818182 0.35602094240837695 0.14393939393939395 0.23036649214659685
1 0.4734848484848485 0.13089005235602094 0.16666666666666666 0.23036649214659685
1 0.3787878787878788 0.193717277486911 0.10606060606060606 0.13612565445026178
1 0.32196969696969696 0.35340314136125656 0.12121212121212122 0.193717277486911
1 0.25946969696969696 0.4005235602094241 0.19318181818181818 0.17277486910994763
1 0.4109848484848485 0.5523560209424084 0.11742424242424243 0.20418848167539266
1 0.3446969696969697 0.7356020942408377 0.1893939393939394 0.3507853403141361
1 0.3087121212121212 0.7984293193717278 0.2537878787878788 0.2356020942408377
1 0.11363636363636363 0.7382198952879581 0.22727272727272727 0.28272251308900526
1 0.13636363636363635 0.8900523560209425 0.16666666666666666 0.05235602094240838
1 0.032196969696969696 0.8664921465968587 0.06439393939393939 0.08900523560209424
1 0.125 0.5732984293193717 0.17424242424242425 0.1518324607329843
1 0.2215909090909091 0.6465968586387435 0.03409090909090909 0.07853403141361257
1 0.11742424242424243 0.46335078534031415 0.12878787878787878 0.13089005235602094
1 0.20075757575757575 0.32460732984293195 0.12878787878787878 0.2094240837696335
1 0.07386363636363637 0.31413612565445026 0.14772727272727273 0.17801047120418848
1 0.03787878787878788 0.42670157068062825 0.07575757575757576 0.07853403141361257
1 0.026515151515151516 0.5104712041884817 0.05303030303030303 0.1518324607329843
1 0.9261363636363636 0.599476439790576 0.06439393939393939 0.06806282722513089
1 0.9753787878787878 0.662303664921466 0.041666666666666664 0.08900523560209424
1 0.9791666666666666 0.5759162303664922 0.03409090909090909 0.10471204188481675
1 0.9318181818181818 0.5287958115183246 0.06060606060606061 0.07329842931937172
1 0.9640151515151515 0.4816753926701571 0.06439393939393939 0.08376963350785341
1 0.9621212121212122 0.4109947643979058 0.06818181818181818 0.07853403141361257
1 0.9753787878787878 0.3481675392670157 0.041666666666666664 0.04712041884816754
1 0.9071969696969697 0.45549738219895286 0.056818181818181816 0.08376963350785341
1 0.8806818181818182 0.4712041884816754 0.056818181818181816 0.10471204188481675
1 0.9659090909090909 0.14921465968586387 0.06060606060606061 0.12041884816753927
1 0.9204545454545454 0.09162303664921466 0.07575757575757576 0.1099476439790576
1 0.9621212121212122 0.049738219895287955 0.06818181818181818 0.09947643979057591
1 0.8465909090909091 0.19633507853403143 0.10227272727272728 0.07853403141361257
1 0.9223484848484849 0.19633507853403143 0.056818181818181816 0.06806282722513089
1 0.8352272727272727 0.11518324607329843 0.0946969696969697 0.09424083769633508
1 0.8446969696969697 0.041884816753926704 0.09090909090909091 0.08376963350785341
1 0.7935606060606061 0.02617801047120419 0.06439393939393939 0.05235602094240838
1 0.75 0.09424083769633508 0.09848484848484848 0.1256544502617801
1 0.7708333333333334 0.1806282722513089 0.07954545454545454 0.07853403141361257
1 0.6799242424242424 0.05759162303664921 0.07196969696969698 0.11518324607329843
1 0.7329545454545454 0.020942408376963352 0.07196969696969698 0.041884816753926704
1 0.15151515151515152 0.07068062827225131 0.12878787878787878 0.14136125654450263
1 0.2537878787878788 0.04712041884816754 0.08333333333333333 0.09424083769633508
1 0.06439393939393939 0.04450261780104712 0.10606060606060606 0.08900523560209424
1 0.041666666666666664 0.14659685863874344 0.08333333333333333 0.13612565445026178
1 0.011363636363636364 0.049738219895287955 0.022727272727272728 0.09947643979057591