1 0.32894736842105265 0.37218045112781956 0.4263157894736842 0.6616541353383458
1 0.7657894736842106 0.75 0.45789473684210524 0.35714285714285715
1 0.868421052631579 0.956766917293233 0.2 0.07894736842105263
1 0.9368421052631579 0.9699248120300752 0.11578947368421053 0.05263157894736842
1 0.968421052631579 0.9191729323308271 0.05263157894736842 0.06390977443609022
1 0.6657894736842105 0.9417293233082706 0.2578947368421053 0.10902255639097744
1 0.21052631578947367 0.631578947368421 0.4105263157894737 0.12781954887218044
1 0.37105263157894736 0.8402255639097744 0.3736842105263158 0.31203007518796994
1 0.43157894736842106 0.9492481203007519 0.12631578947368421 0.09398496240601503
1 0.7473684210526316 0.5075187969924813 0.18947368421052632 0.13533834586466165
1 0.9131578947368421 0.4567669172932331 0.1631578947368421 0.11654135338345864
1 0.9421052631578948 0.5545112781954887 0.10526315789473684 0.07894736842105263
1 0.8631578947368421 0.5319548872180451 0.08421052631578947 0.07142857142857142
1 0.9236842105263158 0.5357142857142857 0.07894736842105263 0.06390977443609022
1 0.1763157894736842 0.8195488721804511 0.3526315789473684 0.3533834586466165
1 0.3078947368421053 0.5864661654135338 0.05789473684210526 0.03759398496240601
1 0.6131578947368421 0.4981203007518797 0.15263157894736842 0.15413533834586465
1 0.5605263157894737 0.4548872180451128 0.08947368421052632 0.09774436090225563
1 0.5026315789473684 0.4191729323308271 0.05789473684210526 0.05639097744360902
1 0.4631578947368421 0.38721804511278196 0.06315789473684211 0.045112781954887216
1 0.19473684210526315 0.5827067669172933 0.3894736842105263 0.24060150375939848
1 0.16052631578947368 0.41541353383458646 0.07894736842105263 0.041353383458646614
1 0.1631578947368421 0.4548872180451128 0.07368421052631578 0.03759398496240601
1 0.09210526315789473 0.4492481203007519 0.04736842105263158 0.04887218045112782
1 0.060526315789473685 0.43045112781954886 0.08947368421052632 0.05639097744360902
1 0.02894736842105263 0.4605263157894737 0.05789473684210526 0.05639097744360902
1 0.06578947368421052 0.46616541353383456 0.05789473684210526 0.03007518796992481
1 0.007894736842105263 0.38721804511278196 0.015789473684210527 0.05263157894736842
1 0.03684210526315789 0.37030075187969924 0.042105263157894736 0.02631578947368421
1 0.10263157894736842 0.33458646616541354 0.20526315789473684 0.10526315789473684
1 0.11578947368421053 0.31390977443609025 0.2 0.07142857142857142
1 0.16052631578947368 0.2575187969924812 0.08947368421052632 0.08646616541353383
1 0.0868421052631579 0.17293233082706766 0.1736842105263158 0.20300751879699247
1 0.1 0.06015037593984962 0.16842105263157894 0.06766917293233082
1 0.15789473684210525 0.05263157894736842 0.3157894736842105 0.10526315789473684
1 0.35 0.03195488721804511 0.15263157894736842 0.05639097744360902
1 0.4842105263157895 0.12969924812030076 0.47368421052631576 0.2593984962406015
1 0.7578947368421053 0.08082706766917293 0.21052631578947367 0.16165413533834586
1 0.8710526315789474 0.06390977443609022 0.20526315789473684 0.12781954887218044
1 0.85 0.26127819548872183 0.2894736842105263 0.36466165413533835
1 0.9473684210526315 0.32894736842105265 0.09473684210526316 0.10150375939849623
1 0.7131578947368421 0.37969924812030076 0.06842105263157895 0.045112781954887216
1 0.7 0.26127819548872183 0.3894736842105263 0.16917293233082706
1 0.7210526315789474 0.18045112781954886 0.37894736842105264 0.12030075187969924
1 0.8736842105263158 0.956766917293233 0.21052631578947367 0.07894736842105263