1 0.23552123552123552 0.5721649484536082 0.3166023166023166 0.3402061855670103
1 0.21042471042471042 0.5644329896907216 0.38996138996138996 0.14948453608247422
1 0.15057915057915058 0.6932989690721649 0.20077220077220076 0.27319587628865977
1 0.2722007722007722 0.788659793814433 0.14285714285714285 0.28865979381443296
1 0.3590733590733591 0.865979381443299 0.12355212355212356 0.25773195876288657
1 0.4362934362934363 0.8376288659793815 0.1776061776061776 0.30412371134020616
1 0.5115830115830116 0.7371134020618557 0.1969111969111969 0.18556701030927836
1 0.5791505791505791 0.7835051546391752 0.11583011583011583 0.422680412371134
1 0.7046332046332047 0.8634020618556701 0.17374517374517376 0.26288659793814434
1 0.7355212355212355 0.7680412371134021 0.25868725868725867 0.25773195876288657
1 0.8011583011583011 0.9175257731958762 0.08108108108108109 0.1134020618556701
1 0.7857142857142857 0.6494845360824743 0.06563706563706563 0.12371134020618557
1 0.8378378378378378 0.6778350515463918 0.12355212355212356 0.15979381443298968
1 0.859073359073359 0.7963917525773195 0.07335907335907337 0.07731958762886598
1 0.8783783783783784 0.5154639175257731 0.10424710424710425 0.24742268041237114
1 0.9266409266409267 0.7371134020618557 0.138996138996139 0.3402061855670103
1 0.9324324324324325 0.5721649484536082 0.04247104247104247 0.07216494845360824
1 0.9324324324324325 0.4536082474226804 0.05791505791505792 0.061855670103092786
1 0.916988416988417 0.36855670103092786 0.08108108108108109 0.15979381443298968
1 0.7451737451737451 0.46134020618556704 0.23938223938223938 0.3247422680412371
1 0.8725868725868726 0.3118556701030928 0.11583011583011583 0.18041237113402062
1 0.6525096525096525 0.5592783505154639 0.22393822393822393 0.29381443298969073
1 0.5617760617760618 0.5618556701030928 0.05791505791505792 0.08247422680412371
1 0.41312741312741313 0.4896907216494845 0.23938223938223938 0.16494845360824742
1 0.2413127413127413 0.38144329896907214 0.18146718146718147 0.16494845360824742
1 0.4015444015444015 0.37628865979381443 0.2084942084942085 0.09278350515463918
1 0.5424710424710425 0.44587628865979384 0.2277992277992278 0.10824742268041238
1 0.6042471042471043 0.33762886597938147 0.20463320463320464 0.13917525773195877
1 0.6833976833976834 0.2422680412371134 0.23166023166023167 0.12371134020618557
1 0.7972972972972973 0.20103092783505155 0.1274131274131274 0.1958762886597938
1 0.8262548262548263 0.23711340206185566 0.0694980694980695 0.15463917525773196
1 0.6776061776061776 0.11597938144329897 0.1274131274131274 0.15979381443298968
1 0.5540540540540541 0.13402061855670103 0.1274131274131274 0.26804123711340205
1 0.6081081081081081 0.11082474226804123 0.08108108108108109 0.14948453608247422
1 0.46332046332046334 0.21649484536082475 0.20077220077220076 0.2268041237113402
1 0.48455598455598453 0.2345360824742268 0.15057915057915058 0.08762886597938144
1 0.4362934362934363 0.06958762886597938 0.16216216216216217 0.0979381443298969
1 0.444015444015444 0.041237113402061855 0.19305019305019305 0.08247422680412371
1 0.3590733590733591 0.04639175257731959 0.11583011583011583 0.09278350515463918
1 0.305019305019305 0.19329896907216496 0.138996138996139 0.3247422680412371
1 0.33783783783783783 0.2654639175257732 0.07335907335907337 0.14948453608247422
1 0.25096525096525096 0.17525773195876287 0.138996138996139 0.27835051546391754
1 0.12548262548262548 0.3170103092783505 0.17374517374517376 0.30412371134020616
1 0.03474903474903475 0.3247422680412371 0.0694980694980695 0.13402061855670103