1 0.8708333333333333 0.6692307692307692 0.25 0.38461538461538464
1 0.9375 0.8794871794871795 0.11666666666666667 0.06666666666666667
1 0.6833333333333333 0.8 0.275 0.22564102564102564
1 0.84375 0.8743589743589744 0.0875 0.07692307692307693
1 0.4041666666666667 0.7794871794871795 0.30833333333333335 0.26666666666666666
1 0.1125 0.8025641025641026 0.225 0.2205128205128205
1 0.25833333333333336 0.7871794871794872 0.19166666666666668 0.26153846153846155
1 0.15 0.6025641025641025 0.3 0.35384615384615387
1 0.22708333333333333 0.4205128205128205 0.2791666666666667 0.29743589743589743
1 0.4270833333333333 0.43846153846153846 0.1375 0.2205128205128205
1 0.36666666666666664 0.5692307692307692 0.13333333333333333 0.1641025641025641
1 0.5375 0.5564102564102564 0.24166666666666667 0.2717948717948718
1 0.69375 0.6307692307692307 0.17083333333333334 0.20512820512820512
1 0.8895833333333333 0.4461538461538462 0.2125 0.13333333333333333
1 0.9020833333333333 0.2128205128205128 0.1875 0.35384615384615387
1 0.7416666666666667 0.3923076923076923 0.24166666666666667 0.2717948717948718
1 0.7333333333333333 0.15384615384615385 0.2 0.22564102564102564
1 0.8520833333333333 0.05128205128205128 0.2875 0.10256410256410256
1 0.5729166666666666 0.25384615384615383 0.2625 0.3333333333333333
1 0.6208333333333333 0.05128205128205128 0.19166666666666668 0.10256410256410256
1 0.42291666666666666 0.035897435897435895 0.20416666666666666 0.07179487179487179
1 0.37916666666666665 0.18974358974358974 0.2 0.28717948717948716
1 0.2125 0.23333333333333334 0.225 0.2205128205128205
1 0.2125 0.0641025641025641 0.21666666666666667 0.1282051282051282
1 0.05 0.07435897435897436 0.1 0.14871794871794872
1 0.05 0.2743589743589744 0.1 0.2512820512820513
1 0.05 0.47435897435897434 0.1 0.16923076923076924