1 0.6516666666666666 0.1488095238095238 0.11 0.19047619047619047
1 0.7033333333333334 0.11904761904761904 0.08666666666666667 0.20238095238095238
1 0.7083333333333334 0.03273809523809524 0.07 0.06547619047619048
1 0.6283333333333333 0.017857142857142856 0.05 0.03571428571428571
1 0.5833333333333334 0.08035714285714286 0.1 0.16071428571428573
1 0.555 0.20833333333333334 0.09666666666666666 0.13095238095238096
1 0.5066666666666667 0.15178571428571427 0.06666666666666667 0.1130952380952381
1 0.52 0.03869047619047619 0.07333333333333333 0.07738095238095238
1 0.44666666666666666 0.12202380952380952 0.09333333333333334 0.16071428571428573
1 0.37333333333333335 0.11607142857142858 0.07333333333333333 0.1488095238095238
1 0.415 0.03571428571428571 0.11666666666666667 0.07142857142857142
1 0.34833333333333333 0.06845238095238096 0.05 0.08928571428571429
1 0.315 0.16071428571428573 0.06333333333333334 0.14285714285714285
1 0.25833333333333336 0.15178571428571427 0.07666666666666666 0.17261904761904762
1 0.31 0.03571428571428571 0.07333333333333333 0.07142857142857142
1 0.21833333333333332 0.10416666666666667 0.11666666666666667 0.20833333333333334
1 0.13 0.09821428571428571 0.08666666666666667 0.16071428571428573
1 0.07666666666666666 0.23511904761904762 0.09333333333333334 0.16071428571428573
1 0.15833333333333333 0.2708333333333333 0.11 0.1488095238095238
1 0.22833333333333333 0.375 0.17666666666666667 0.25
1 0.3616666666666667 0.4523809523809524 0.13 0.13095238095238096
1 0.42 0.30952380952380953 0.08666666666666667 0.15476190476190477
1 0.4716666666666667 0.39880952380952384 0.06333333333333334 0.2261904761904762
1 0.54 0.35714285714285715 0.07333333333333333 0.14285714285714285
1 0.62 0.36607142857142855 0.06666666666666667 0.125
1 0.69 0.30357142857142855 0.10666666666666667 0.13095238095238096
1 0.775 0.3392857142857143 0.07666666666666666 0.21428571428571427
1 0.8416666666666667 0.40476190476190477 0.05 0.10714285714285714
1 0.8933333333333333 0.4107142857142857 0.06 0.14285714285714285
1 0.6933333333333334 0.44642857142857145 0.12 0.20238095238095238
1 0.82 0.5982142857142857 0.18666666666666668 0.27976190476190477
1 0.78 0.6369047619047619 0.05333333333333334 0.11904761904761904
1 0.795 0.7738095238095238 0.09666666666666666 0.13095238095238096
1 0.7433333333333333 0.7202380952380952 0.07333333333333333 0.15476190476190477
1 0.7 0.9047619047619048 0.15333333333333332 0.17857142857142858
1 0.5783333333333334 0.9613095238095238 0.10333333333333333 0.06547619047619048
1 0.45 0.9166666666666666 0.15333333333333332 0.15476190476190477
1 0.525 0.8333333333333334 0.09666666666666666 0.23809523809523808
1 0.6083333333333333 0.8303571428571429 0.08333333333333333 0.13690476190476192
1 0.6066666666666667 0.7142857142857143 0.08 0.05952380952380952
1 0.6466666666666666 0.6160714285714286 0.17333333333333334 0.24404761904761904
1 0.5916666666666667 0.48214285714285715 0.08333333333333333 0.14285714285714285
1 0.5283333333333333 0.5238095238095238 0.07 0.17857142857142858
1 0.495 0.5952380952380952 0.03666666666666667 0.09523809523809523
1 0.41833333333333333 0.6339285714285714 0.13 0.24404761904761904
1 0.45666666666666667 0.7380952380952381 0.16666666666666666 0.23809523809523808
1 0.335 0.7172619047619048 0.06333333333333334 0.18452380952380953
1 0.33666666666666667 0.5982142857142857 0.08666666666666667 0.1130952380952381
1 0.24 0.6220238095238095 0.11333333333333333 0.19642857142857142
1 0.20166666666666666 0.7410714285714286 0.09666666666666666 0.1130952380952381
1 0.27666666666666667 0.8005952380952381 0.05333333333333334 0.17261904761904762
1 0.32 0.8541666666666666 0.08666666666666667 0.16071428571428573
1 0.24333333333333335 0.9494047619047619 0.09333333333333334 0.08928571428571429
1 0.32 0.9702380952380952 0.11333333333333333 0.047619047619047616
1 0.145 0.8690476190476191 0.21 0.21428571428571427
1 0.09166666666666666 0.7172619047619048 0.17 0.16071428571428573
1 0.04 0.5982142857142857 0.06666666666666667 0.1130952380952381
1 0.12833333333333333 0.5535714285714286 0.11666666666666667 0.2261904761904762
1 0.051666666666666666 0.4166666666666667 0.08333333333333333 0.21428571428571427
1 0.46 0.4880952380952381 0.92 0.9761904761904762