1 0.7316602316602316 0.8685567010309279 0.08108108108108109 0.11855670103092783
1 0.777992277992278 0.7757731958762887 0.08108108108108109 0.0979381443298969
1 0.7857142857142857 0.8634020618556701 0.04247104247104247 0.06701030927835051
1 0.7876447876447876 0.9432989690721649 0.0694980694980695 0.09278350515463918
1 0.752895752895753 0.9587628865979382 0.0694980694980695 0.07216494845360824
1 0.6737451737451737 0.9510309278350515 0.0888030888030888 0.08762886597938144
1 0.6872586872586872 0.9149484536082474 0.06177606177606178 0.04639175257731959
1 0.6621621621621622 0.8221649484536082 0.07335907335907337 0.0979381443298969
1 0.696911196911197 0.7835051546391752 0.05019305019305019 0.061855670103092786
1 0.7316602316602316 0.7757731958762887 0.03474903474903475 0.06701030927835051
1 0.6312741312741312 0.7525773195876289 0.08108108108108109 0.09278350515463918
1 0.6042471042471043 0.8298969072164949 0.04247104247104247 0.05154639175257732
1 0.61003861003861 0.9123711340206185 0.07722007722007722 0.10309278350515463
1 0.6081081081081081 0.979381443298969 0.05019305019305019 0.030927835051546393
1 0.5386100386100386 0.9510309278350515 0.08108108108108109 0.08762886597938144
1 0.5366795366795367 0.8814432989690721 0.0694980694980695 0.09278350515463918
1 0.5424710424710425 0.8273195876288659 0.08108108108108109 0.07731958762886598
1 0.5617760617760618 0.75 0.07335907335907337 0.0979381443298969
1 0.7027027027027027 0.7036082474226805 0.07722007722007722 0.10824742268041238
1 0.667953667953668 0.6030927835051546 0.06177606177606178 0.08247422680412371
1 0.6428571428571429 0.6572164948453608 0.04247104247104247 0.07731958762886598
1 0.5328185328185329 0.7268041237113402 0.06177606177606178 0.10309278350515463
1 0.527027027027027 0.5824742268041238 0.06563706563706563 0.08247422680412371
1 0.5424710424710425 0.6623711340206185 0.1891891891891892 0.10824742268041238
1 0.5598455598455598 0.5670103092783505 0.138996138996139 0.15463917525773196
1 0.803088803088803 0.6597938144329897 0.3861003861003861 0.4536082474226804
1 0.974903474903475 0.7242268041237113 0.04247104247104247 0.07731958762886598
1 0.972972972972973 0.8144329896907216 0.04633204633204633 0.061855670103092786
1 0.9266409266409267 0.7783505154639175 0.0694980694980695 0.14432989690721648
1 0.41505791505791506 0.961340206185567 0.14285714285714285 0.06701030927835051
1 0.07335907335907337 0.961340206185567 0.14671814671814673 0.06701030927835051
1 0.2548262548262548 0.7938144329896907 0.07722007722007722 0.08247422680412371
1 0.33204633204633205 0.8092783505154639 0.0694980694980695 0.041237113402061855
1 0.416988416988417 0.8118556701030928 0.09266409266409266 0.0979381443298969
1 0.36486486486486486 0.770618556701031 0.06563706563706563 0.08762886597938144
1 0.2953667953667954 0.7422680412371134 0.07335907335907337 0.10309278350515463
1 0.34555984555984554 0.6649484536082474 0.08108108108108109 0.12371134020618557
1 0.41312741312741313 0.7164948453608248 0.08494208494208494 0.09278350515463918
1 0.42084942084942084 0.6417525773195877 0.07722007722007722 0.06701030927835051
1 0.37065637065637064 0.5798969072164949 0.12355212355212356 0.11855670103092783
1 0.39768339768339767 0.5180412371134021 0.14671814671814673 0.13917525773195877
1 0.3204633204633205 0.5747422680412371 0.07722007722007722 0.06701030927835051
1 0.2644787644787645 0.5567010309278351 0.07335907335907337 0.10309278350515463
1 0.28185328185328185 0.6237113402061856 0.07722007722007722 0.13402061855670103
1 0.21428571428571427 0.7448453608247423 0.11969111969111969 0.18041237113402062
1 0.18146718146718147 0.7809278350515464 0.06177606177606178 0.12886597938144329
1 0.1525096525096525 0.7087628865979382 0.05791505791505792 0.08762886597938144
1 0.18532818532818532 0.6597938144329897 0.09266409266409266 0.10309278350515463
1 0.1891891891891892 0.5747422680412371 0.11583011583011583 0.07731958762886598
1 0.10810810810810811 0.6030927835051546 0.138996138996139 0.20618556701030927
1 0.059845559845559844 0.5773195876288659 0.06563706563706563 0.10309278350515463
1 0.03861003861003861 0.7036082474226805 0.07722007722007722 0.11855670103092783
1 0.11196911196911197 0.7654639175257731 0.09266409266409266 0.14948453608247422
1 0.0444015444015444 0.7912371134020618 0.08108108108108109 0.0979381443298969
1 0.02895752895752896 0.12371134020618557 0.05791505791505792 0.23711340206185566
1 0.1138996138996139 0.13917525773195877 0.08108108108108109 0.08247422680412371
1 0.1583011583011583 0.17525773195876287 0.06177606177606178 0.07216494845360824
1 0.18146718146718147 0.2190721649484536 0.06177606177606178 0.06701030927835051
1 0.21814671814671815 0.25773195876288657 0.06563706563706563 0.08247422680412371
1 0.25675675675675674 0.28865979381443296 0.04247104247104247 0.061855670103092786
1 0.21042471042471042 0.30412371134020616 0.03474903474903475 0.030927835051546393
1 0.16023166023166024 0.2757731958762887 0.05791505791505792 0.07731958762886598
1 0.13127413127413126 0.23969072164948454 0.04633204633204633 0.04639175257731959
1 0.09652509652509653 0.2036082474226804 0.05405405405405406 0.05670103092783505
1 0.1138996138996139 0.2912371134020619 0.06563706563706563 0.04639175257731959
1 0.06756756756756757 0.27319587628865977 0.06563706563706563 0.07216494845360824
1 0.43822393822393824 0.08505154639175258 0.16602316602316602 0.17010309278350516
1 0.40733590733590735 0.22422680412371135 0.11969111969111969 0.15979381443298968
1 0.3127413127413127 0.23969072164948454 0.12355212355212356 0.14948453608247422
1 0.3416988416988417 0.09278350515463918 0.11196911196911197 0.15463917525773196
1 0.23938223938223938 0.14432989690721648 0.10810810810810811 0.17525773195876287
1 0.6061776061776062 0.08505154639175258 0.09266409266409266 0.0979381443298969
1 0.6718146718146718 0.18814432989690721 0.0694980694980695 0.12886597938144329
1 0.666023166023166 0.2757731958762887 0.0888030888030888 0.07731958762886598
1 0.6138996138996139 0.17783505154639176 0.06177606177606178 0.07731958762886598
1 0.555984555984556 0.15463917525773196 0.06177606177606178 0.12371134020618557
1 0.5752895752895753 0.23195876288659795 0.10038610038610038 0.16494845360824742
1 0.6216216216216216 0.26804123711340205 0.05405405405405406 0.09278350515463918
1 0.750965250965251 0.27835051546391754 0.0888030888030888 0.08247422680412371
1 0.8146718146718147 0.27835051546391754 0.07722007722007722 0.08247422680412371
1 0.777992277992278 0.2268041237113402 0.06563706563706563 0.061855670103092786
1 0.747104247104247 0.18556701030927836 0.08108108108108109 0.10309278350515463
1 0.7451737451737451 0.08762886597938144 0.07722007722007722 0.1134020618556701
1 0.6795366795366795 0.10051546391752578 0.05405405405405406 0.05670103092783505
1 0.859073359073359 0.09536082474226804 0.0888030888030888 0.10824742268041238
1 0.915057915057915 0.17525773195876287 0.11583011583011583 0.12371134020618557
1 0.9073359073359073 0.2654639175257732 0.10810810810810811 0.0979381443298969
1 0.8359073359073359 0.20103092783505155 0.06563706563706563 0.09278350515463918
1 0.8011583011583011 0.14432989690721648 0.05791505791505792 0.10309278350515463