1 0.8363636363636363 0.226775956284153 0.32 0.453551912568306
1 0.9618181818181818 0.4890710382513661 0.06909090909090909 0.1366120218579235
1 0.9054545454545454 0.6666666666666666 0.18181818181818182 0.31693989071038253
1 0.9036363636363637 0.8852459016393442 0.18545454545454546 0.2185792349726776
1 0.6218181818181818 0.8333333333333334 0.32 0.3224043715846995
1 0.7563636363636363 0.5382513661202186 0.18181818181818182 0.2568306010928962
1 0.6127272727272727 0.4016393442622951 0.18545454545454546 0.2459016393442623
1 0.5636363636363636 0.21584699453551912 0.24727272727272728 0.20218579234972678
1 0.2909090909090909 0.1912568306010929 0.2909090909090909 0.3825136612021858
1 0.28909090909090907 0.4207650273224044 0.3236363636363636 0.32786885245901637
1 0.6 0.1448087431693989 0.3418181818181818 0.2896174863387978
1 0.12 0.2786885245901639 0.24 0.4262295081967213
1 0.038181818181818185 0.5218579234972678 0.07636363636363637 0.20218579234972678
1 0.11272727272727273 0.5628415300546448 0.16727272727272727 0.17486338797814208
1 0.01818181818181818 0.73224043715847 0.03636363636363636 0.25136612021857924
1 0.16363636363636364 0.6693989071038251 0.32727272727272727 0.4098360655737705
1 0.3654545454545455 0.4808743169398907 0.09818181818181818 0.14207650273224043
1 0.42 0.5163934426229508 0.04 0.10382513661202186
1 0.36727272727272725 0.6038251366120219 0.08727272727272728 0.11475409836065574
1 0.39454545454545453 0.7349726775956285 0.12 0.15846994535519127
1 0.44545454545454544 0.6311475409836066 0.06909090909090909 0.1366120218579235
1 0.5018181818181818 0.592896174863388 0.10181818181818182 0.14754098360655737
1 0.4618181818181818 0.5382513661202186 0.03636363636363636 0.060109289617486336
1 0.47454545454545455 0.40710382513661203 0.12 0.21311475409836064
1 0.6054545454545455 0.5846994535519126 0.09818181818181818 0.1092896174863388
1 0.6345454545454545 0.6557377049180327 0.06909090909090909 0.08743169398907104
1 0.5581818181818182 0.674863387978142 0.07636363636363637 0.11475409836065574
1 0.5 0.5901639344262295 0.09818181818181818 0.14207650273224043
1 0.52 0.7049180327868853 0.03636363636363636 0.07650273224043716
1 0.4490909090909091 0.6775956284153005 0.03272727272727273 0.04371584699453552
1 0.5309090909090909 0.8306010928961749 0.06545454545454546 0.12021857923497267
1 0.5963636363636363 0.8770491803278688 0.05818181818181818 0.11475409836065574
1 0.6072727272727273 0.9562841530054644 0.04363636363636364 0.04371584699453552
1 0.5781818181818181 0.9754098360655737 0.02909090909090909 0.03825136612021858
1 0.5509090909090909 0.9426229508196722 0.06909090909090909 0.10382513661202186
1 0.49818181818181817 0.953551912568306 0.03636363636363636 0.07103825136612021
1 0.45454545454545453 0.9207650273224044 0.03636363636363636 0.060109289617486336
1 0.46545454545454545 0.9781420765027322 0.04363636363636364 0.03278688524590164
1 0.4636363636363636 0.8387978142076503 0.05454545454545454 0.07103825136612021
1 0.38727272727272727 0.855191256830601 0.05454545454545454 0.08196721311475409
1 0.40545454545454546 0.9398907103825137 0.07636363636363637 0.1092896174863388
1 0.32181818181818184 0.9480874316939891 0.06181818181818182 0.09289617486338798
1 0.2872727272727273 0.8387978142076503 0.06545454545454546 0.12568306010928962
1 0.34 0.8114754098360656 0.05454545454545454 0.11475409836065574
1 0.2545454545454545 0.9480874316939891 0.08 0.09289617486338798
1 0.20363636363636364 0.819672131147541 0.27636363636363637 0.34972677595628415