1 0.6486486486486487 0.8015463917525774 0.13127413127413126 0.18041237113402062
1 0.6911196911196911 0.9510309278350515 0.0694980694980695 0.08762886597938144
1 0.8281853281853282 0.6984536082474226 0.07335907335907337 0.06701030927835051
1 0.8359073359073359 0.5747422680412371 0.16602316602316602 0.20103092783505155
1 0.9362934362934363 0.45103092783505155 0.11969111969111969 0.23195876288659795
1 0.916988416988417 0.24484536082474226 0.1583011583011583 0.211340206185567
1 0.805019305019305 0.36855670103092786 0.1583011583011583 0.20103092783505155
1 0.8088803088803089 0.15979381443298968 0.16602316602316602 0.20618556701030927
1 0.5501930501930502 0.711340206185567 0.11969111969111969 0.16494845360824742
1 0.6505791505791506 0.25257731958762886 0.15057915057915058 0.1958762886597938
1 0.6988416988416989 0.07731958762886598 0.16216216216216217 0.15463917525773196
1 0.5444015444015444 0.13144329896907217 0.15444015444015444 0.18041237113402062
1 0.5193050193050193 0.27319587628865977 0.11969111969111969 0.13402061855670103
1 0.5791505791505791 0.023195876288659795 0.12355212355212356 0.04639175257731959
1 0.4749034749034749 0.04639175257731959 0.08494208494208494 0.09278350515463918
1 0.42277992277992277 0.15979381443298968 0.1274131274131274 0.17525773195876287
1 0.42084942084942084 0.2551546391752577 0.07722007722007722 0.05670103092783505
1 0.44594594594594594 0.3582474226804124 0.1274131274131274 0.14948453608247422
1 0.4092664092664093 0.5051546391752577 0.11583011583011583 0.14432989690721648
1 0.32432432432432434 0.5541237113402062 0.09266409266409266 0.10824742268041238
1 0.29343629343629346 0.5128865979381443 0.10810810810810811 0.15979381443298968
1 0.26640926640926643 0.4097938144329897 0.10810810810810811 0.13917525773195877
1 0.19305019305019305 0.4845360824742268 0.09266409266409266 0.13402061855670103
1 0.3590733590733591 0.4020618556701031 0.09266409266409266 0.09278350515463918
1 0.33783783783783783 0.27835051546391754 0.11196911196911197 0.15463917525773196
1 0.25096525096525096 0.25 0.10038610038610038 0.13917525773195877
1 0.2972972972972973 0.1056701030927835 0.10810810810810811 0.18041237113402062
1 0.37065637065637064 0.05154639175257732 0.12355212355212356 0.10309278350515463
1 0.862934362934363 0.865979381443299 0.26640926640926643 0.25773195876288657
1 0.9305019305019305 0.7061855670103093 0.13127413127413126 0.07216494845360824
1 0.9613899613899614 0.6185567010309279 0.0694980694980695 0.10309278350515463
1 0.24517374517374518 0.8041237113402062 0.49034749034749037 0.38144329896907214
1 0.6138996138996139 0.5335051546391752 0.2857142857142857 0.19072164948453607
1 0.6177606177606177 0.3943298969072165 0.21621621621621623 0.0979381443298969
1 0.6911196911196911 0.6752577319587629 0.16216216216216217 0.08247422680412371
1 0.749034749034749 0.8067010309278351 0.08494208494208494 0.28350515463917525
1 0.5752895752895753 0.9432989690721649 0.16216216216216217 0.10309278350515463
1 0.5366795366795367 0.8427835051546392 0.10038610038610038 0.0979381443298969
1 0.42084942084942084 0.5979381443298969 0.10038610038610038 0.041237113402061855
1 0.07335907335907337 0.5412371134020618 0.14671814671814673 0.14432989690721648
1 0.1969111969111969 0.5798969072164949 0.10038610038610038 0.06701030927835051
1 0.2548262548262548 0.595360824742268 0.023166023166023165 0.02577319587628866
1 0.07335907335907337 0.22938144329896906 0.14671814671814673 0.4587628865979381
1 0.1969111969111969 0.08762886597938144 0.10038610038610038 0.17525773195876287
1 0.2702702702702703 0.010309278350515464 0.06177606177606178 0.020618556701030927
1 0.17567567567567569 0.29896907216494845 0.05019305019305019 0.23711340206185566
1 0.21428571428571427 0.3427835051546392 0.019305019305019305 0.04639175257731959