1 0.8455598455598455 0.5335051546391752 0.09266409266409266 0.12886597938144329
1 0.9343629343629344 0.5747422680412371 0.08494208494208494 0.13917525773195877
1 0.8648648648648649 0.6365979381443299 0.08494208494208494 0.10824742268041238
1 0.7741312741312741 0.5335051546391752 0.06563706563706563 0.11855670103092783
1 0.8918918918918919 0.4793814432989691 0.09266409266409266 0.10309278350515463
1 0.9073359073359073 0.7319587628865979 0.0694980694980695 0.08247422680412371
1 0.8243243243243243 0.7242268041237113 0.10424710424710425 0.08762886597938144
1 0.7760617760617761 0.7835051546391752 0.10810810810810811 0.14432989690721648
1 0.8455598455598455 0.7989690721649485 0.0694980694980695 0.07216494845360824
1 0.8938223938223938 0.8067010309278351 0.04247104247104247 0.07731958762886598
1 0.8436293436293436 0.865979381443299 0.07335907335907337 0.061855670103092786
1 0.7876447876447876 0.8556701030927835 0.03861003861003861 0.041237113402061855
1 0.6776061776061776 0.7757731958762887 0.17374517374517376 0.37628865979381443
1 0.7239382239382239 0.7680412371134021 0.0888030888030888 0.17525773195876287
1 0.5675675675675675 0.7628865979381443 0.12355212355212356 0.27835051546391754
1 0.6891891891891891 0.6082474226804123 0.22007722007722008 0.21649484536082475
1 0.6795366795366795 0.5128865979381443 0.16216216216216217 0.0979381443298969
1 0.5405405405405406 0.5438144329896907 0.13127413127413126 0.0979381443298969
1 0.4749034749034749 0.6082474226804123 0.06177606177606178 0.07216494845360824
1 0.41312741312741313 0.6237113402061856 0.09266409266409266 0.13402061855670103
1 0.4942084942084942 0.7010309278350515 0.09266409266409266 0.1134020618556701
1 0.4671814671814672 0.770618556701031 0.10810810810810811 0.0979381443298969
1 0.444015444015444 0.4639175257731959 0.12355212355212356 0.16494845360824742
1 0.5965250965250966 0.31443298969072164 0.28957528957528955 0.3711340206185567
1 0.7760617760617761 0.21391752577319587 0.10038610038610038 0.11855670103092783
1 0.861003861003861 0.2757731958762887 0.10810810810810811 0.15979381443298968
1 0.9401544401544402 0.2706185567010309 0.0888030888030888 0.13917525773195877
1 0.9285714285714286 0.39690721649484534 0.08108108108108109 0.1134020618556701
1 0.833976833976834 0.40463917525773196 0.10038610038610038 0.13917525773195877
1 0.7741312741312741 0.35051546391752575 0.09652509652509653 0.14432989690721648
1 0.752895752895753 0.45618556701030927 0.07722007722007722 0.05670103092783505
1 0.37065637065637064 0.32216494845360827 0.16988416988416988 0.22164948453608246
1 0.42857142857142855 0.2268041237113402 0.138996138996139 0.21649484536082475
1 0.46525096525096526 0.15721649484536082 0.11969111969111969 0.19072164948453607
1 0.3204633204633205 0.1211340206185567 0.15444015444015444 0.2422680412371134
1 0.21042471042471042 0.18556701030927836 0.22007722007722008 0.18556701030927836
1 0.14285714285714285 0.5128865979381443 0.2857142857142857 0.5412371134020618
1 0.25096525096525096 0.5077319587628866 0.14671814671814673 0.2422680412371134
1 0.33204633204633205 0.4329896907216495 0.10038610038610038 0.2268041237113402
1 0.28378378378378377 0.35309278350515466 0.11196911196911197 0.12886597938144329