1 0.9675572519083969 0.7109375 0.05725190839694656 0.16145833333333334
1 0.8473282442748091 0.7786458333333334 0.1297709923664122 0.171875
1 0.8530534351145038 0.8776041666666666 0.1183206106870229 0.046875
1 0.8320610687022901 0.5989583333333334 0.17557251908396945 0.1875
1 0.8148854961832062 0.6536458333333334 0.11068702290076336 0.140625
1 0.9541984732824428 0.546875 0.08396946564885496 0.10416666666666667
1 0.9580152671755725 0.5963541666666666 0.07633587786259542 0.09895833333333333
1 0.9656488549618321 0.4609375 0.061068702290076333 0.078125
1 0.8778625954198473 0.4453125 0.12213740458015267 0.08854166666666667
1 0.8473282442748091 0.5130208333333334 0.1297709923664122 0.13020833333333334
1 0.700381679389313 0.6197916666666666 0.1183206106870229 0.16666666666666666
1 0.6259541984732825 0.5416666666666666 0.10687022900763359 0.13541666666666666
1 0.6870229007633588 0.4869791666666667 0.0916030534351145 0.109375
1 0.7175572519083969 0.4453125 0.08396946564885496 0.13020833333333334
1 0.5648854961832062 0.4869791666666667 0.11450381679389313 0.140625
1 0.49809160305343514 0.6432291666666666 0.13358778625954199 0.171875
1 0.6087786259541985 0.7395833333333334 0.13358778625954199 0.17708333333333334
1 0.5114503816793893 0.8177083333333334 0.15267175572519084 0.14583333333333334
1 0.3816793893129771 0.8385416666666666 0.10687022900763359 0.10416666666666667
1 0.42938931297709926 0.7083333333333334 0.14122137404580154 0.15625
1 0.4179389312977099 0.5598958333333334 0.10305343511450382 0.15104166666666666
1 0.33587786259541985 0.6484375 0.09923664122137404 0.140625
1 0.26717557251908397 0.5546875 0.1450381679389313 0.18229166666666666
1 0.21183206106870228 0.7395833333333334 0.14122137404580154 0.20833333333333334
1 0.37404580152671757 0.4817708333333333 0.0916030534351145 0.13020833333333334
1 0.2729007633587786 0.4401041666666667 0.08015267175572519 0.078125
1 0.20419847328244276 0.5052083333333334 0.0648854961832061 0.10416666666666667
1 0.16412213740458015 0.6067708333333334 0.061068702290076333 0.109375
1 0.12404580152671756 0.5130208333333334 0.09541984732824428 0.15104166666666666
1 0.03435114503816794 0.5260416666666666 0.06870229007633588 0.14583333333333334
1 0.08015267175572519 0.4322916666666667 0.10687022900763359 0.09375
1 0.15458015267175573 0.3984375 0.10305343511450382 0.11979166666666667
1 0.10687022900763359 0.3151041666666667 0.0916030534351145 0.109375
1 0.01717557251908397 0.3984375 0.03435114503816794 0.13020833333333334
1 0.030534351145038167 0.3046875 0.061068702290076333 0.09895833333333333
1 0.09351145038167939 0.25 0.07251908396946564 0.07291666666666667
1 0.0916030534351145 0.20052083333333334 0.07633587786259542 0.057291666666666664
1 0.18893129770992367 0.1875 0.0648854961832061 0.0625
1 0.19274809160305342 0.23958333333333334 0.0648854961832061 0.08333333333333333
1 0.15839694656488548 0.15104166666666666 0.04961832061068702 0.052083333333333336
1 0.1965648854961832 0.09635416666666667 0.05725190839694656 0.057291666666666664
1 0.2729007633587786 0.10677083333333333 0.05725190839694656 0.078125
1 0.34923664122137404 0.125 0.04961832061068702 0.03125
1 0.3377862595419847 0.16927083333333334 0.0648854961832061 0.036458333333333336
1 0.37404580152671757 0.19791666666666666 0.03816793893129771 0.03125
1 0.3931297709923664 0.25 0.07633587786259542 0.09375
1 0.43320610687022904 0.2578125 0.08015267175572519 0.13020833333333334
1 0.5477099236641222 0.2708333333333333 0.07251908396946564 0.08333333333333333
1 0.5763358778625954 0.16145833333333334 0.061068702290076333 0.08333333333333333
1 0.5725190839694656 0.09114583333333333 0.04580152671755725 0.057291666666666664
1 0.5095419847328244 0.10677083333333333 0.0648854961832061 0.057291666666666664
1 0.5152671755725191 0.16666666666666666 0.07633587786259542 0.08333333333333333
1 0.42748091603053434 0.13802083333333334 0.06870229007633588 0.057291666666666664
1 0.7213740458015268 0.13020833333333334 0.06870229007633588 0.08333333333333333
1 0.7958015267175572 0.14583333333333334 0.07251908396946564 0.052083333333333336
1 0.7633587786259542 0.1796875 0.05343511450381679 0.036458333333333336
1 0.7022900763358778 0.19791666666666666 0.05343511450381679 0.052083333333333336
1 0.8053435114503816 0.20572916666666666 0.05343511450381679 0.046875
1 0.9408396946564885 0.19010416666666666 0.0648854961832061 0.078125
1 0.6469465648854962 0.3125 0.0648854961832061 0.09375
1 0.7938931297709924 0.3151041666666667 0.061068702290076333 0.057291666666666664
1 0.8683206106870229 0.3307291666666667 0.08015267175572519 0.109375