1 0.7836363636363637 0.40437158469945356 0.22181818181818183 0.34972677595628415
1 0.9072727272727272 0.24043715846994534 0.1781818181818182 0.30601092896174864
1 0.9327272727272727 0.8005464480874317 0.12727272727272726 0.3333333333333333
1 0.889090909090909 0.9344262295081968 0.14909090909090908 0.12021857923497267
1 0.7363636363636363 0.855191256830601 0.26545454545454544 0.2786885245901639
1 0.56 0.7349726775956285 0.21818181818181817 0.3333333333333333
1 0.7036363636363636 0.6147540983606558 0.1709090909090909 0.20218579234972678
1 0.5454545454545454 0.39344262295081966 0.23272727272727273 0.33879781420765026
1 0.7127272727272728 0.23770491803278687 0.1890909090909091 0.1912568306010929
1 0.48 0.12021857923497267 0.22545454545454546 0.24043715846994534
1 0.7072727272727273 0.07377049180327869 0.26545454545454544 0.14754098360655737
1 0.3145454545454546 0.2677595628415301 0.22181818181818183 0.30601092896174864
1 0.39636363636363636 0.48633879781420764 0.10909090909090909 0.15300546448087432
1 0.29818181818181816 0.6284153005464481 0.24727272727272728 0.32786885245901637
1 0.36727272727272725 0.8934426229508197 0.18181818181818182 0.20218579234972678
1 0.2018181818181818 0.8879781420765027 0.16363636363636364 0.21311475409836064
1 0.09272727272727273 0.76775956284153 0.18545454545454546 0.2568306010928962
1 0.08181818181818182 0.9562841530054644 0.16363636363636364 0.07650273224043716
1 0.08 0.45901639344262296 0.16 0.32786885245901637
1 0.2018181818181818 0.41530054644808745 0.1781818181818182 0.16393442622950818
1 0.11272727272727273 0.21584699453551912 0.17454545454545456 0.22404371584699453
1 0.27090909090909093 0.06284153005464481 0.2 0.12568306010928962
1 0.12363636363636364 0.09562841530054644 0.17454545454545456 0.09289617486338798
1 0.014545454545454545 0.2103825136612022 0.02909090909090909 0.1366120218579235
1 0.8909090909090909 0.5218579234972678 0.12363636363636364 0.22404371584699453