1 0.9448275862068966 0.7988505747126436 0.10344827586206896 0.25287356321839083
1 0.9275862068965517 0.8591954022988506 0.13793103448275862 0.21264367816091953
1 0.9655172413793104 0.9770114942528736 0.06206896551724138 0.034482758620689655
1 0.8896551724137931 0.9310344827586207 0.04827586206896552 0.06896551724137931
1 0.8706896551724138 0.9712643678160919 0.04482758620689655 0.04597701149425287
1 0.8379310344827586 0.9310344827586207 0.041379310344827586 0.06896551724137931
1 0.8172413793103448 0.9770114942528736 0.027586206896551724 0.034482758620689655
1 0.8310344827586207 0.8793103448275862 0.06206896551724138 0.13793103448275862
1 0.8293103448275863 0.7528735632183908 0.05172413793103448 0.12643678160919541
1 0.8086206896551724 0.6896551724137931 0.017241379310344827 0.034482758620689655
1 0.8396551724137931 0.6896551724137931 0.03103448275862069 0.034482758620689655
1 0.8689655172413793 0.6867816091954023 0.020689655172413793 0.028735632183908046
1 0.8913793103448275 0.6867816091954023 0.017241379310344827 0.028735632183908046
1 0.9155172413793103 0.6896551724137931 0.03103448275862069 0.034482758620689655
1 0.95 0.6954022988505747 0.03103448275862069 0.04597701149425287
1 0.9724137931034482 0.6925287356321839 0.013793103448275862 0.040229885057471264
1 0.8741379310344828 0.7212643678160919 0.02413793103448276 0.028735632183908046
1 0.9017241379310345 0.7270114942528736 0.02413793103448276 0.028735632183908046
1 0.9293103448275862 0.7298850574712644 0.02413793103448276 0.034482758620689655
1 0.9534482758620689 0.7471264367816092 0.03103448275862069 0.05747126436781609
1 0.9689655172413794 0.5919540229885057 0.05517241379310345 0.11494252873563218
1 0.9155172413793103 0.5603448275862069 0.05862068965517241 0.13218390804597702
1 0.903448275862069 0.6350574712643678 0.06896551724137931 0.040229885057471264
1 0.9672413793103448 0.4224137931034483 0.05862068965517241 0.16666666666666666
1 0.9620689655172414 0.47413793103448276 0.06896551724137931 0.1206896551724138
1 0.9637931034482758 0.3706896551724138 0.03793103448275862 0.07471264367816093
1 0.9086206896551724 0.382183908045977 0.07241379310344828 0.08620689655172414
1 0.903448275862069 0.47126436781609193 0.04827586206896552 0.09195402298850575
1 0.8689655172413793 0.5172413793103449 0.05517241379310345 0.08045977011494253
1 0.8672413793103448 0.603448275862069 0.05172413793103448 0.09195402298850575
1 0.8258620689655173 0.6235632183908046 0.04482758620689655 0.06321839080459771
1 0.8258620689655173 0.5373563218390804 0.04482758620689655 0.10919540229885058
1 0.8551724137931035 0.4339080459770115 0.05517241379310345 0.09770114942528736
1 0.8155172413793104 0.4454022988505747 0.02413793103448276 0.06321839080459771
1 0.8396551724137931 0.3793103448275862 0.07241379310344828 0.08045977011494253
1 0.9724137931034482 0.27586206896551724 0.04827586206896552 0.08045977011494253
1 0.9120689655172414 0.27298850574712646 0.06551724137931035 0.08620689655172414
1 0.9534482758620689 0.22988505747126436 0.03793103448275862 0.08045977011494253
1 0.9844827586206897 0.20114942528735633 0.02413793103448276 0.08045977011494253
1 0.9758620689655172 0.12643678160919541 0.041379310344827586 0.08045977011494253
1 0.8517241379310345 0.28735632183908044 0.05517241379310345 0.05747126436781609
1 0.8155172413793104 0.23850574712643677 0.02413793103448276 0.15517241379310345
1 0.853448275862069 0.1781609195402299 0.06551724137931035 0.12643678160919541
1 0.8879310344827587 0.20114942528735633 0.05862068965517241 0.16091954022988506
1 0.9275862068965517 0.19827586206896552 0.020689655172413793 0.05172413793103448
1 0.9517241379310345 0.1724137931034483 0.020689655172413793 0.04597701149425287
1 0.9362068965517242 0.13505747126436782 0.03103448275862069 0.040229885057471264
1 0.9086206896551724 0.12931034482758622 0.03103448275862069 0.05172413793103448
1 0.9155172413793103 0.16954022988505746 0.02413793103448276 0.028735632183908046
1 0.8982758620689655 0.10057471264367816 0.02413793103448276 0.040229885057471264
1 0.9293103448275862 0.09195402298850575 0.02413793103448276 0.034482758620689655
1 0.9517241379310345 0.09195402298850575 0.020689655172413793 0.034482758620689655
1 0.9724137931034482 0.04597701149425287 0.04827586206896552 0.09195402298850575
1 0.9206896551724137 0.040229885057471264 0.05517241379310345 0.08045977011494253
1 0.9275862068965517 0.008620689655172414 0.06206896551724138 0.017241379310344827
1 0.8620689655172413 0.07471264367816093 0.05517241379310345 0.06896551724137931
1 0.8206896551724138 0.10632183908045977 0.034482758620689655 0.09770114942528736
1 0.8155172413793104 0.03735632183908046 0.03103448275862069 0.05172413793103448
1 0.8068965517241379 0.005747126436781609 0.013793103448275862 0.011494252873563218
1 0.8327586206896552 0.008620689655172414 0.03793103448275862 0.017241379310344827
1 0.8448275862068966 0.022988505747126436 0.027586206896551724 0.022988505747126436
1 0.8706896551724138 0.02586206896551724 0.017241379310344827 0.017241379310344827
1 0.8862068965517241 0.014367816091954023 0.013793103448275862 0.028735632183908046
1 0.8620689655172413 0.0028735632183908046 0.020689655172413793 0.005747126436781609
1 0.7362068965517241 0.9454022988505747 0.05172413793103448 0.09770114942528736
1 0.7758620689655172 0.9683908045977011 0.027586206896551724 0.05172413793103448
1 0.7741379310344828 0.896551724137931 0.03793103448275862 0.10344827586206896
1 0.7775862068965518 0.8275862068965517 0.03103448275862069 0.08045977011494253
1 0.7862068965517242 0.7528735632183908 0.013793103448275862 0.06896551724137931
1 0.7758620689655172 0.7183908045977011 0.027586206896551724 0.04597701149425287
1 0.7603448275862069 0.6925287356321839 0.04482758620689655 0.05172413793103448
1 0.7862068965517242 0.6810344827586207 0.006896551724137931 0.017241379310344827
1 0.7362068965517241 0.6781609195402298 0.04482758620689655 0.022988505747126436
1 0.7103448275862069 0.8045977011494253 0.11724137931034483 0.21839080459770116
1 0.6689655172413793 0.9454022988505747 0.07586206896551724 0.09770114942528736
1 0.6189655172413793 0.9540229885057471 0.03103448275862069 0.08045977011494253
1 0.6620689655172414 0.6867816091954023 0.0896551724137931 0.040229885057471264
1 0.6172413793103448 0.6954022988505747 0.027586206896551724 0.04597701149425287
1 0.6603448275862069 0.735632183908046 0.03103448275862069 0.05747126436781609
1 0.6344827586206897 0.7385057471264368 0.020689655172413793 0.05172413793103448
1 0.6482758620689655 0.7787356321839081 0.027586206896551724 0.05172413793103448
1 0.6413793103448275 0.8275862068965517 0.027586206896551724 0.04597701149425287
1 0.6362068965517241 0.8793103448275862 0.03103448275862069 0.034482758620689655
1 0.6310344827586207 0.9137931034482759 0.020689655172413793 0.034482758620689655
1 0.6155172413793103 0.8793103448275862 0.03103448275862069 0.05747126436781609
1 0.6206896551724138 0.8362068965517241 0.020689655172413793 0.05172413793103448
1 0.6086206896551725 0.8247126436781609 0.010344827586206896 0.028735632183908046
1 0.6293103448275862 0.7701149425287356 0.03793103448275862 0.011494252873563218
1 0.6051724137931035 0.7413793103448276 0.010344827586206896 0.034482758620689655
1 0.603448275862069 0.7816091954022989 0.013793103448275862 0.022988505747126436
1 0.7482758620689656 0.4942528735632184 0.0896551724137931 0.14942528735632185
1 0.7689655172413793 0.3793103448275862 0.04827586206896552 0.09195402298850575
1 0.7758620689655172 0.5833333333333334 0.034482758620689655 0.08620689655172414
1 0.7879310344827586 0.6379310344827587 0.010344827586206896 0.034482758620689655
1 0.7344827586206897 0.5747126436781609 0.08275862068965517 0.16091954022988506
1 0.7155172413793104 0.646551724137931 0.02413793103448276 0.017241379310344827
1 0.6896551724137931 0.6149425287356322 0.041379310344827586 0.08045977011494253
1 0.6586206896551724 0.6235632183908046 0.027586206896551724 0.05172413793103448
1 0.6517241379310345 0.5718390804597702 0.041379310344827586 0.06321839080459771
1 0.6241379310344828 0.6264367816091954 0.04827586206896552 0.05747126436781609
1 0.7034482758620689 0.3764367816091954 0.06896551724137931 0.08620689655172414
1 0.7189655172413794 0.41954022988505746 0.05172413793103448 0.04597701149425287
1 0.6551724137931034 0.35344827586206895 0.034482758620689655 0.040229885057471264
1 0.6327586206896552 0.4454022988505747 0.11379310344827587 0.1781609195402299
1 0.44482758620689655 0.5574712643678161 0.08275862068965517 0.1839080459770115
1 0.4103448275862069 0.6350574712643678 0.013793103448275862 0.040229885057471264
1 0.5327586206896552 0.6206896551724138 0.06551724137931035 0.06896551724137931
1 0.4827586206896552 0.6264367816091954 0.027586206896551724 0.04597701149425287
1 0.5103448275862069 0.5775862068965517 0.041379310344827586 0.040229885057471264
1 0.4517241379310345 0.40229885057471265 0.09655172413793103 0.13793103448275862
1 0.5724137931034483 0.3706896551724138 0.13793103448275862 0.07471264367816093
1 0.5 0.3879310344827586 0.027586206896551724 0.05172413793103448
1 0.4879310344827586 0.42528735632183906 0.02413793103448276 0.04597701149425287
1 0.45517241379310347 0.4454022988505747 0.027586206896551724 0.040229885057471264
1 0.47413793103448276 0.47701149425287354 0.017241379310344827 0.05747126436781609
1 0.5051724137931034 0.47701149425287354 0.02413793103448276 0.04597701149425287
1 0.5344827586206896 0.4511494252873563 0.027586206896551724 0.028735632183908046
1 0.5206896551724138 0.4166666666666667 0.034482758620689655 0.040229885057471264
1 0.5448275862068965 0.4109195402298851 0.027586206896551724 0.05172413793103448
1 0.5672413793103448 0.42528735632183906 0.02413793103448276 0.04597701149425287
1 0.5603448275862069 0.46551724137931033 0.02413793103448276 0.034482758620689655
1 0.5844827586206897 0.49712643678160917 0.02413793103448276 0.05172413793103448
1 0.5568965517241379 0.4827586206896552 0.02413793103448276 0.034482758620689655
1 0.5465517241379311 0.5172413793103449 0.03103448275862069 0.04597701149425287
1 0.5275862068965518 0.49712643678160917 0.027586206896551724 0.06321839080459771
1 0.5120689655172413 0.5402298850574713 0.02413793103448276 0.04597701149425287
1 0.4982758620689655 0.5229885057471264 0.03793103448275862 0.06896551724137931
1 0.5448275862068965 0.5603448275862069 0.034482758620689655 0.040229885057471264
1 0.5844827586206897 0.617816091954023 0.03793103448275862 0.09770114942528736
1 0.6155172413793103 0.5718390804597702 0.02413793103448276 0.06321839080459771
1 0.5896551724137931 0.5459770114942529 0.027586206896551724 0.034482758620689655
1 0.3413793103448276 0.4511494252873563 0.1103448275862069 0.22413793103448276
1 0.36379310344827587 0.367816091954023 0.06551724137931035 0.06896551724137931
1 0.2913793103448276 0.3505747126436782 0.06551724137931035 0.022988505747126436
1 0.2620689655172414 0.382183908045977 0.04827586206896552 0.08620689655172414
1 0.2517241379310345 0.4396551724137931 0.10344827586206896 0.21264367816091953
1 0.3017241379310345 0.5431034482758621 0.10689655172413794 0.23563218390804597
1 0.29482758620689653 0.603448275862069 0.07931034482758621 0.09195402298850575
1 0.3448275862068966 0.5632183908045977 0.04827586206896552 0.1839080459770115
1 0.3741379310344828 0.5574712643678161 0.04482758620689655 0.08045977011494253
1 0.38448275862068965 0.6091954022988506 0.02413793103448276 0.08045977011494253
1 0.36724137931034484 0.6235632183908046 0.02413793103448276 0.06321839080459771
1 0.23448275862068965 0.5977011494252874 0.05517241379310345 0.08045977011494253
1 0.2689655172413793 0.603448275862069 0.034482758620689655 0.04597701149425287
1 0.2517241379310345 0.6408045977011494 0.041379310344827586 0.028735632183908046
1 0.21724137931034482 0.5373563218390804 0.034482758620689655 0.07471264367816093
1 0.21551724137931033 0.6206896551724138 0.02413793103448276 0.06896551724137931
1 0.5603448275862069 0.7844827586206896 0.05862068965517241 0.16666666666666666
1 0.5844827586206897 0.6954022988505747 0.017241379310344827 0.04597701149425287
1 0.5120689655172413 0.7183908045977011 0.12758620689655173 0.09195402298850575
1 0.5137931034482759 0.7844827586206896 0.034482758620689655 0.06321839080459771
1 0.5568965517241379 0.9022988505747126 0.07241379310344828 0.12643678160919541
1 0.5620689655172414 0.9683908045977011 0.041379310344827586 0.05172413793103448
1 0.5844827586206897 0.9683908045977011 0.017241379310344827 0.05172413793103448
1 0.5137931034482759 0.9655172413793104 0.041379310344827586 0.04597701149425287
1 0.5293103448275862 0.9827586206896551 0.03103448275862069 0.022988505747126436
1 0.4793103448275862 0.985632183908046 0.027586206896551724 0.017241379310344827
1 0.4879310344827586 0.9597701149425287 0.02413793103448276 0.022988505747126436
1 0.4413793103448276 0.9827586206896551 0.027586206896551724 0.022988505747126436
1 0.41379310344827586 0.9597701149425287 0.041379310344827586 0.06896551724137931
1 0.46379310344827585 0.9425287356321839 0.04482758620689655 0.06896551724137931
1 0.5017241379310344 0.9137931034482759 0.03793103448275862 0.06896551724137931
1 0.4827586206896552 0.8706896551724138 0.034482758620689655 0.06321839080459771
1 0.45517241379310347 0.7672413793103449 0.0896551724137931 0.21264367816091953
1 0.5103448275862069 0.8448275862068966 0.034482758620689655 0.05747126436781609
1 0.45689655172413796 0.8936781609195402 0.03793103448275862 0.05172413793103448
1 0.41379310344827586 0.8850574712643678 0.04827586206896552 0.08045977011494253
1 0.38275862068965516 0.8333333333333334 0.041379310344827586 0.05747126436781609
1 0.35517241379310344 0.7787356321839081 0.04827586206896552 0.08620689655172414
1 0.3086206896551724 0.7758620689655172 0.04482758620689655 0.06896551724137931
1 0.33275862068965517 0.8477011494252874 0.05172413793103448 0.07471264367816093
1 0.3586206896551724 0.9051724137931034 0.04827586206896552 0.07471264367816093
1 0.3706896551724138 0.7385057471264368 0.09310344827586207 0.13218390804597702
1 0.2706896551724138 0.8793103448275862 0.10689655172413794 0.22988505747126436
1 0.3396551724137931 0.9396551724137931 0.03793103448275862 0.10919540229885058
1 0.3775862068965517 0.9626436781609196 0.03793103448275862 0.06321839080459771
1 0.27413793103448275 0.7413793103448276 0.1413793103448276 0.14942528735632185
1 0.24655172413793103 0.7212643678160919 0.08620689655172414 0.09770114942528736
1 0.2293103448275862 0.8333333333333334 0.05172413793103448 0.05747126436781609
1 0.22413793103448276 0.9137931034482759 0.04827586206896552 0.13793103448275862
1 0.21551724137931033 0.9885057471264368 0.02413793103448276 0.011494252873563218
1 0.5103448275862069 0.27011494252873564 0.06896551724137931 0.10344827586206896
1 0.5689655172413793 0.2614942528735632 0.04827586206896552 0.10919540229885058
1 0.5741379310344827 0.1724137931034483 0.03793103448275862 0.08045977011494253
1 0.5844827586206897 0.09195402298850575 0.02413793103448276 0.11494252873563218
1 0.5724137931034483 0.022988505747126436 0.041379310344827586 0.04597701149425287
1 0.4896551724137931 0.07758620689655173 0.15862068965517243 0.15517241379310345
1 0.5275862068965518 0.16954022988505746 0.07586206896551724 0.10919540229885058
1 0.46206896551724136 0.29310344827586204 0.041379310344827586 0.04597701149425287
1 0.4413793103448276 0.3045977011494253 0.034482758620689655 0.022988505747126436
1 0.4413793103448276 0.20689655172413793 0.1103448275862069 0.13793103448275862
1 0.40344827586206894 0.27011494252873564 0.05517241379310345 0.10344827586206896
1 0.3586206896551724 0.3017241379310345 0.06206896551724138 0.040229885057471264
1 0.30689655172413793 0.28448275862068967 0.04827586206896552 0.06321839080459771
1 0.3431034482758621 0.23850574712643677 0.05862068965517241 0.08620689655172414
1 0.3724137931034483 0.22126436781609196 0.027586206896551724 0.05172413793103448
1 0.2396551724137931 0.28160919540229884 0.07241379310344828 0.08045977011494253
1 0.21551724137931033 0.19540229885057472 0.02413793103448276 0.11494252873563218
1 0.27241379310344827 0.22413793103448276 0.07586206896551724 0.10344827586206896
1 0.31551724137931036 0.1925287356321839 0.03103448275862069 0.06321839080459771
1 0.3431034482758621 0.1752873563218391 0.02413793103448276 0.040229885057471264
1 0.35 0.14367816091954022 0.017241379310344827 0.034482758620689655
1 0.3775862068965517 0.16091954022988506 0.02413793103448276 0.06896551724137931
1 0.4017241379310345 0.15229885057471265 0.02413793103448276 0.06321839080459771
1 0.4189655172413793 0.15804597701149425 0.017241379310344827 0.040229885057471264
1 0.41724137931034483 0.10344827586206896 0.027586206896551724 0.05747126436781609
1 0.4413793103448276 0.09770114942528736 0.027586206896551724 0.04597701149425287
1 0.4482758620689655 0.06896551724137931 0.027586206896551724 0.034482758620689655
1 0.44482758620689655 0.13505747126436782 0.020689655172413793 0.017241379310344827
1 0.39655172413793105 0.03735632183908046 0.020689655172413793 0.028735632183908046
1 0.3724137931034483 0.014367816091954023 0.027586206896551724 0.028735632183908046
1 0.3413793103448276 0.031609195402298854 0.034482758620689655 0.040229885057471264
1 0.3724137931034483 0.05459770114942529 0.027586206896551724 0.05172413793103448
1 0.39655172413793105 0.08045977011494253 0.020689655172413793 0.04597701149425287
1 0.3689655172413793 0.10344827586206896 0.027586206896551724 0.034482758620689655
1 0.3413793103448276 0.10632183908045977 0.027586206896551724 0.040229885057471264
1 0.3413793103448276 0.06321839080459771 0.027586206896551724 0.034482758620689655
1 0.31724137931034485 0.09482758620689655 0.034482758620689655 0.040229885057471264
1 0.32413793103448274 0.13793103448275862 0.020689655172413793 0.034482758620689655
1 0.3 0.14367816091954022 0.020689655172413793 0.04597701149425287
1 0.2793103448275862 0.13218390804597702 0.027586206896551724 0.08045977011494253
1 0.2655172413793103 0.1781609195402299 0.034482758620689655 0.04597701149425287
1 0.2482758620689655 0.14367816091954022 0.034482758620689655 0.06896551724137931
1 0.23793103448275862 0.11781609195402298 0.034482758620689655 0.06321839080459771
1 0.21724137931034482 0.08908045977011494 0.027586206896551724 0.05172413793103448
1 0.22586206896551725 0.040229885057471264 0.03793103448275862 0.05747126436781609
1 0.23103448275862068 0.005747126436781609 0.034482758620689655 0.011494252873563218
1 0.20862068965517241 0.011494252873563218 0.010344827586206896 0.022988505747126436
1 0.2827586206896552 0.04310344827586207 0.07586206896551724 0.08620689655172414
1 0.1706896551724138 0.9310344827586207 0.04482758620689655 0.12643678160919541
1 0.11724137931034483 0.9568965517241379 0.07586206896551724 0.07471264367816093
1 0.13793103448275862 0.853448275862069 0.041379310344827586 0.040229885057471264
1 0.17586206896551723 0.8074712643678161 0.041379310344827586 0.13218390804597702
1 0.18620689655172415 0.7097701149425287 0.013793103448275862 0.06321839080459771
1 0.04655172413793104 0.7126436781609196 0.03793103448275862 0.04597701149425287
1 0.032758620689655175 0.7586206896551724 0.03793103448275862 0.04597701149425287
1 0.005172413793103448 0.7442528735632183 0.010344827586206896 0.040229885057471264
1 0.09310344827586207 0.8304597701149425 0.18620689655172415 0.3275862068965517
1 0.16379310344827586 0.5948275862068966 0.06551724137931035 0.10919540229885058
1 0.1896551724137931 0.6264367816091954 0.013793103448275862 0.04597701149425287
1 0.07758620689655173 0.5574712643678161 0.15517241379310345 0.19540229885057472
1 0.17586206896551723 0.4885057471264368 0.041379310344827586 0.13793103448275862
1 0.1793103448275862 0.39080459770114945 0.034482758620689655 0.10344827586206896
1 0.14655172413793102 0.3994252873563218 0.06551724137931035 0.1206896551724138
1 0.06896551724137931 0.47413793103448276 0.13793103448275862 0.29310344827586204
1 0.17413793103448275 0.28448275862068967 0.04482758620689655 0.06321839080459771
1 0.17758620689655172 0.21839080459770116 0.03793103448275862 0.06896551724137931
1 0.18275862068965518 0.14367816091954022 0.027586206896551724 0.06896551724137931
1 0.16034482758620688 0.07471264367816093 0.07241379310344828 0.14942528735632185
1 0.09827586206896552 0.10632183908045977 0.05172413793103448 0.08620689655172414
1 0.1396551724137931 0.16379310344827586 0.05862068965517241 0.09770114942528736
1 0.09827586206896552 0.16379310344827586 0.09310344827586207 0.10919540229885058
1 0.15 0.23563218390804597 0.03793103448275862 0.05747126436781609
1 0.10862068965517241 0.2413793103448276 0.09310344827586207 0.11494252873563218
1 0.11724137931034483 0.29310344827586204 0.06206896551724138 0.05747126436781609
1 0.06206896551724138 0.21264367816091953 0.05517241379310345 0.08045977011494253
1 0.06724137931034482 0.27586206896551724 0.04482758620689655 0.034482758620689655
1 0.08793103448275862 0.3017241379310345 0.03793103448275862 0.028735632183908046
1 0.056896551724137934 0.3045977011494253 0.02413793103448276 0.022988505747126436
1 0.022413793103448276 0.27586206896551724 0.04482758620689655 0.09195402298850575
1 0.027586206896551724 0.16666666666666666 0.05517241379310345 0.12643678160919541
1 0.06206896551724138 0.09195402298850575 0.020689655172413793 0.034482758620689655
1 0.05862068965517241 0.04885057471264368 0.020689655172413793 0.028735632183908046
1 0.08793103448275862 0.05459770114942529 0.02413793103448276 0.028735632183908046
1 0.03620689655172414 0.08333333333333333 0.02413793103448276 0.040229885057471264
1 0.022413793103448276 0.10344827586206896 0.017241379310344827 0.034482758620689655
1 0.010344827586206896 0.05172413793103448 0.020689655172413793 0.022988505747126436
1 0.01206896551724138 0.08908045977011494 0.02413793103448276 0.028735632183908046
1 0.008620689655172414 0.020114942528735632 0.017241379310344827 0.040229885057471264
1 0.04655172413793104 0.028735632183908046 0.05862068965517241 0.05747126436781609
1 0.10172413793103448 0.031609195402298854 0.05172413793103448 0.06321839080459771