1 0.7969924812030075 0.531578947368421 0.2781954887218045 0.43157894736842106
1 0.9661654135338346 0.6973684210526315 0.06015037593984962 0.4052631578947368
1 0.8571428571428571 0.881578947368421 0.2781954887218045 0.22631578947368422
1 0.693609022556391 0.7657894736842106 0.20676691729323307 0.38421052631578945
1 0.5639097744360902 0.9131578947368421 0.19548872180451127 0.1631578947368421
1 0.4830827067669173 0.6868421052631579 0.2819548872180451 0.4052631578947368
1 0.2650375939849624 0.8947368421052632 0.34210526315789475 0.2
1 0.16917293233082706 0.7342105263157894 0.2556390977443609 0.3631578947368421
1 0.06203007518796992 0.8868421052631579 0.12406015037593984 0.20526315789473684
1 0.08834586466165413 0.45263157894736844 0.17669172932330826 0.5684210526315789
1 0.3082706766917293 0.3473684210526316 0.3383458646616541 0.4631578947368421
1 0.5639097744360902 0.5105263157894737 0.20300751879699247 0.24210526315789474
1 0.8721804511278195 0.2131578947368421 0.24812030075187969 0.4263157894736842
1 0.5827067669172933 0.18421052631578946 0.2781954887218045 0.3684210526315789
1 0.8007518796992481 0.0868421052631579 0.13533834586466165 0.1736842105263158
1 0.7556390977443609 0.24473684210526317 0.12030075187969924 0.1631578947368421
1 0.43796992481203006 0.07368421052631578 0.19172932330827067 0.14736842105263157
1 0.16917293233082706 0.09736842105263158 0.3233082706766917 0.19473684210526315
1 0.07330827067669173 0.14473684210526316 0.14661654135338345 0.20526315789473684