1 0.22007722007722008 0.48711340206185566 0.10810810810810811 0.06701030927835051
1 0.14478764478764478 0.5051546391752577 0.05019305019305019 0.020618556701030927
1 0.14092664092664092 0.5463917525773195 0.05791505791505792 0.061855670103092786
1 0.22393822393822393 0.5567010309278351 0.07722007722007722 0.05154639175257732
1 0.21428571428571427 0.5025773195876289 0.08108108108108109 0.05670103092783505
1 0.11969111969111969 0.5824742268041238 0.07722007722007722 0.08247422680412371
1 0.08687258687258688 0.5283505154639175 0.05019305019305019 0.06701030927835051
1 0.06756756756756757 0.5824742268041238 0.05019305019305019 0.061855670103092786
1 0.03667953667953668 0.6056701030927835 0.05019305019305019 0.04639175257731959
1 0.04826254826254826 0.5360824742268041 0.09652509652509653 0.14432989690721648
1 0.005791505791505791 0.4896907216494845 0.011583011583011582 0.030927835051546393
1 0.03861003861003861 0.6288659793814433 0.04633204633204633 0.030927835051546393
1 0.059845559845559844 0.6649484536082474 0.06563706563706563 0.05154639175257732
1 0.011583011583011582 0.6417525773195877 0.023166023166023165 0.04639175257731959
1 0.015444015444015444 0.6778350515463918 0.03088803088803089 0.05670103092783505
1 0.025096525096525095 0.8195876288659794 0.05019305019305019 0.09278350515463918
1 0.1138996138996139 0.8298969072164949 0.1583011583011583 0.17525773195876287
1 0.24903474903474904 0.8247422680412371 0.14285714285714285 0.15463917525773196
1 0.277992277992278 0.8402061855670103 0.11583011583011583 0.14432989690721648
1 0.3803088803088803 0.8685567010309279 0.1274131274131274 0.14948453608247422
1 0.4691119691119691 0.845360824742268 0.11969111969111969 0.14432989690721648
1 0.3764478764478765 0.7680412371134021 0.0888030888030888 0.061855670103092786
1 0.3687258687258687 0.7061855670103093 0.11969111969111969 0.08247422680412371
1 0.2084942084942085 0.6494845360824743 0.10810810810810811 0.13402061855670103
1 0.11196911196911197 0.7164948453608248 0.08494208494208494 0.08247422680412371
1 0.20270270270270271 0.7190721649484536 0.0888030888030888 0.07731958762886598
1 0.30694980694980695 0.6391752577319587 0.09652509652509653 0.07216494845360824
1 0.3088803088803089 0.6778350515463918 0.0694980694980695 0.07731958762886598
1 0.2625482625482625 0.711340206185567 0.0694980694980695 0.05154639175257732
1 0.33976833976833976 0.5773195876288659 0.06177606177606178 0.07216494845360824
1 0.39768339768339767 0.5876288659793815 0.06177606177606178 0.09278350515463918
1 0.444015444015444 0.5876288659793815 0.03861003861003861 0.061855670103092786
1 0.4942084942084942 0.6030927835051546 0.06177606177606178 0.08247422680412371
1 0.5328185328185329 0.6417525773195877 0.05405405405405406 0.06701030927835051
1 0.4749034749034749 0.6262886597938144 0.04633204633204633 0.05670103092783505
1 0.4613899613899614 0.6572164948453608 0.0888030888030888 0.07731958762886598
1 0.3861003861003861 0.6443298969072165 0.04633204633204633 0.07216494845360824
1 0.4498069498069498 0.7010309278350515 0.07335907335907337 0.05154639175257732
1 0.44787644787644787 0.7319587628865979 0.03088803088803089 0.041237113402061855
1 0.48455598455598453 0.7190721649484536 0.04247104247104247 0.04639175257731959
1 0.528957528957529 0.8041237113402062 0.09266409266409266 0.12371134020618557
1 0.5598455598455598 0.770618556701031 0.05405405405405406 0.03608247422680412
1 0.5945945945945946 0.7757731958762887 0.023166023166023165 0.03608247422680412
1 0.6138996138996139 0.7448453608247423 0.03861003861003861 0.06701030927835051
1 0.6447876447876448 0.7371134020618557 0.06177606177606178 0.07216494845360824
1 0.6293436293436293 0.8041237113402062 0.03861003861003861 0.10309278350515463
1 0.7200772200772201 0.8118556701030928 0.14285714285714285 0.11855670103092783
1 0.5907335907335908 0.9458762886597938 0.12355212355212356 0.0979381443298969
1 0.7316602316602316 0.9304123711340206 0.15057915057915058 0.11855670103092783
1 0.7857142857142857 0.9716494845360825 0.16602316602316602 0.04639175257731959
1 0.8938223938223938 0.961340206185567 0.07335907335907337 0.06701030927835051
1 0.9594594594594594 0.9381443298969072 0.07335907335907337 0.09278350515463918
1 0.9787644787644788 0.9819587628865979 0.03474903474903475 0.02577319587628866
1 0.7818532818532818 0.9072164948453608 0.1891891891891892 0.08247422680412371
1 0.7972972972972973 0.8530927835051546 0.1891891891891892 0.06701030927835051
1 0.9073359073359073 0.8969072164948454 0.0694980694980695 0.07216494845360824
1 0.8841698841698842 0.8195876288659794 0.22393822393822393 0.10309278350515463
1 0.916988416988417 0.7757731958762887 0.14285714285714285 0.06701030927835051
1 0.974903474903475 0.8891752577319587 0.04247104247104247 0.04639175257731959
1 0.6003861003861004 0.595360824742268 0.06563706563706563 0.07731958762886598
1 0.6544401544401545 0.6314432989690721 0.06563706563706563 0.05670103092783505
1 0.666023166023166 0.5902061855670103 0.06563706563706563 0.05670103092783505
1 0.6003861003861004 0.6701030927835051 0.06563706563706563 0.08247422680412371
1 0.5386100386100386 0.6855670103092784 0.05791505791505792 0.061855670103092786
1 0.6428571428571429 0.6804123711340206 0.04247104247104247 0.061855670103092786
1 0.6776061776061776 0.7268041237113402 0.05791505791505792 0.061855670103092786
1 0.6911196911196911 0.6701030927835051 0.03861003861003861 0.061855670103092786
1 0.7142857142857143 0.6984536082474226 0.03088803088803089 0.08762886597938144
1 0.7413127413127413 0.6675257731958762 0.05405405405405406 0.06701030927835051
1 0.7393822393822393 0.7525773195876289 0.05019305019305019 0.07216494845360824
1 0.7895752895752896 0.7371134020618557 0.06563706563706563 0.07216494845360824
1 0.7760617760617761 0.5618556701030928 0.138996138996139 0.030927835051546393
1 0.7934362934362934 0.5721649484536082 0.14285714285714285 0.030927835051546393
1 0.7857142857142857 0.6108247422680413 0.1583011583011583 0.04639175257731959
1 0.8146718146718147 0.5902061855670103 0.03861003861003861 0.02577319587628866
1 0.8552123552123552 0.5979381443298969 0.05019305019305019 0.030927835051546393
1 0.8841698841698842 0.6056701030927835 0.023166023166023165 0.03608247422680412
1 0.9478764478764479 0.5670103092783505 0.09652509652509653 0.15463917525773196
1 0.9652509652509652 0.6572164948453608 0.06177606177606178 0.07731958762886598
1 0.9208494208494209 0.6855670103092784 0.13513513513513514 0.08247422680412371
1 0.5714285714285714 0.5309278350515464 0.2471042471042471 0.17525773195876287
1 0.2953667953667954 0.4639175257731959 0.03474903474903475 0.07216494845360824