1 0.60801393728223 0.7556818181818182 0.14982578397212543 0.2727272727272727
1 0.5313588850174216 0.8267045454545454 0.11498257839721254 0.17613636363636365
1 0.4686411149825784 0.7727272727272727 0.09407665505226481 0.22727272727272727
1 0.4721254355400697 0.7159090909090909 0.13588850174216027 0.23863636363636365
1 0.33797909407665505 0.7698863636363636 0.14634146341463414 0.2556818181818182
1 0.2961672473867596 0.6164772727272727 0.13937282229965156 0.24431818181818182
1 0.11498257839721254 0.6761363636363636 0.14634146341463414 0.2727272727272727
1 0.25261324041811845 0.5170454545454546 0.10104529616724739 0.1590909090909091
1 0.1951219512195122 0.6051136363636364 0.06968641114982578 0.1875
1 0.12195121951219512 0.8068181818181818 0.24390243902439024 0.11363636363636363
1 0.02613240418118467 0.8579545454545454 0.05226480836236934 0.056818181818181816
1 0.1289198606271777 0.8778409090909091 0.18118466898954705 0.08522727272727272
1 0.0313588850174216 0.7471590909090909 0.0627177700348432 0.0625
1 0.02264808362369338 0.6903409090909091 0.04529616724738676 0.0625
1 0.03484320557491289 0.5625 0.06968641114982578 0.10227272727272728
1 0.6027874564459931 0.5511363636363636 0.2508710801393728 0.20454545454545456
1 0.7491289198606271 0.7414772727272727 0.18815331010452963 0.3352272727272727
1 0.5400696864111498 0.59375 0.11149825783972125 0.10795454545454546
1 0.8554006968641115 0.6789772727272727 0.1986062717770035 0.0625
1 0.8902439024390244 0.7556818181818182 0.11498257839721254 0.10227272727272728
1 0.7839721254355401 0.5681818181818182 0.1672473867595819 0.19318181818181818
1 0.6463414634146342 0.2840909090909091 0.2613240418118467 0.5227272727272727
1 0.8153310104529616 0.21306818181818182 0.14634146341463414 0.21022727272727273
1 0.8780487804878049 0.48011363636363635 0.23693379790940766 0.39204545454545453
1 0.4651567944250871 0.2585227272727273 0.1289198606271777 0.1534090909090909
1 0.4442508710801394 0.09375 0.27526132404181186 0.1875
1 0.28222996515679444 0.19602272727272727 0.11846689895470383 0.1534090909090909
1 0.37630662020905925 0.25 0.0627177700348432 0.11363636363636363
1 0.3310104529616725 0.13068181818181818 0.11149825783972125 0.11363636363636363
1 0.34494773519163763 0.3039772727272727 0.09059233449477352 0.07386363636363637
1 0.2073170731707317 0.2556818181818182 0.21951219512195122 0.2159090909090909
1 0.12717770034843207 0.4005681818181818 0.1986062717770035 0.17613636363636365
1 0.24912891986062718 0.3778409090909091 0.06620209059233449 0.09659090909090909
1 0.08362369337979095 0.3693181818181818 0.1672473867595819 0.13636363636363635
1 0.11149825783972125 0.32386363636363635 0.18118466898954705 0.1590909090909091
1 0.059233449477351915 0.33238636363636365 0.10452961672473868 0.16477272727272727
1 0.033101045296167246 0.2585227272727273 0.059233449477351915 0.0625
1 0.10104529616724739 0.07386363636363637 0.08362369337979095 0.125
1 0.1480836236933798 0.17329545454545456 0.06620209059233449 0.08522727272727272
1 0.20557491289198607 0.16193181818181818 0.041811846689895474 0.07386363636363637
1 0.17247386759581881 0.09659090909090909 0.059233449477351915 0.10227272727272728
1 0.23519163763066203 0.08522727272727272 0.059233449477351915 0.10227272727272728
1 0.2700348432055749 0.045454545454545456 0.10801393728222997 0.09090909090909091
1 0.15331010452961671 0.02556818181818182 0.09059233449477352 0.05113636363636364
1 0.059233449477351915 0.14204545454545456 0.0627177700348432 0.11363636363636363