1 0.8582089552238806 0.20318725099601595 0.19402985074626866 0.1593625498007968
1 0.5422885572139303 0.0697211155378486 0.3482587064676617 0.1394422310756972
1 0.22388059701492538 0.05776892430278884 0.1791044776119403 0.11553784860557768
1 0.5696517412935324 0.27689243027888444 0.20398009950248755 0.17928286852589642
1 0.7263681592039801 0.4342629482071713 0.13930348258706468 0.1593625498007968
1 0.6940298507462687 0.5756972111553785 0.15422885572139303 0.14741035856573706
1 0.5124378109452736 0.4601593625498008 0.25870646766169153 0.18725099601593626
1 0.48756218905472637 0.6254980079681275 0.3582089552238806 0.20717131474103587
1 0.26119402985074625 0.5079681274900398 0.20398009950248755 0.17131474103585656
1 0.24129353233830847 0.8067729083665338 0.24378109452736318 0.20318725099601595
1 0.31592039800995025 0.3386454183266932 0.17412935323383086 0.13545816733067728
1 0.9079601990049752 0.42231075697211157 0.17412935323383086 0.2788844621513944