1 0.5984555984555985 0.04381443298969072 0.08494208494208494 0.08762886597938144
1 0.43243243243243246 0.11855670103092783 0.07722007722007722 0.10309278350515463
1 0.527027027027027 0.16752577319587628 0.13513513513513514 0.06701030927835051
1 0.5733590733590733 0.13402061855670103 0.13513513513513514 0.09278350515463918
1 0.6795366795366795 0.19845360824742267 0.0694980694980695 0.13917525773195877
1 0.333976833976834 0.10309278350515463 0.08108108108108109 0.07216494845360824
1 0.30694980694980695 0.030927835051546393 0.02702702702702703 0.061855670103092786
1 0.33976833976833976 0.03608247422680412 0.03861003861003861 0.07216494845360824
1 0.2625482625482625 0.02577319587628866 0.03861003861003861 0.05154639175257732
1 0.1891891891891892 0.04896907216494845 0.03088803088803089 0.0979381443298969
1 0.21042471042471042 0.05154639175257732 0.02702702702702703 0.10309278350515463
1 0.15637065637065636 0.02577319587628866 0.02702702702702703 0.05154639175257732
1 0.9343629343629344 0.6417525773195877 0.12355212355212356 0.31443298969072164
1 0.9633204633204633 0.5773195876288659 0.06563706563706563 0.16494845360824742
1 0.8783783783783784 0.6520618556701031 0.11969111969111969 0.30412371134020616
1 0.8204633204633205 0.6597938144329897 0.10424710424710425 0.27835051546391754
1 0.7760617760617761 0.6726804123711341 0.13127413127413126 0.27319587628865977
1 0.7818532818532818 0.7989690721649485 0.14285714285714285 0.2268041237113402
1 0.6621621621621622 0.7190721649484536 0.11969111969111969 0.20103092783505155
1 0.5675675675675675 0.7396907216494846 0.10038610038610038 0.12886597938144329
1 0.5077220077220077 0.8427835051546392 0.08108108108108109 0.12886597938144329
1 0.6138996138996139 0.8994845360824743 0.138996138996139 0.19072164948453607
1 0.696911196911197 0.8994845360824743 0.0888030888030888 0.13917525773195877
1 0.45366795366795365 0.9278350515463918 0.05019305019305019 0.061855670103092786
1 0.4189189189189189 0.8711340206185567 0.05019305019305019 0.05154639175257732
1 0.3667953667953668 0.904639175257732 0.03861003861003861 0.05670103092783505
1 0.3996138996138996 0.904639175257732 0.03474903474903475 0.05670103092783505
1 0.3745173745173745 0.9664948453608248 0.04633204633204633 0.05670103092783505
1 0.4111969111969112 0.9587628865979382 0.04247104247104247 0.05154639175257732
1 0.23552123552123552 0.9175257731958762 0.0694980694980695 0.08247422680412371
1 0.1891891891891892 0.9252577319587629 0.03861003861003861 0.05670103092783505
1 0.16023166023166024 0.9536082474226805 0.03474903474903475 0.07216494845360824
1 0.19884169884169883 0.9561855670103093 0.04247104247104247 0.03608247422680412
1 0.23552123552123552 0.9845360824742269 0.03088803088803089 0.020618556701030927
1 0.2915057915057915 0.979381443298969 0.05791505791505792 0.030927835051546393
1 0.06563706563706563 0.9768041237113402 0.04633204633204633 0.03608247422680412
1 0.2876447876447876 0.8067010309278351 0.05019305019305019 0.05670103092783505
1 0.2799227799227799 0.8427835051546392 0.04247104247104247 0.03608247422680412
1 0.21235521235521235 0.8324742268041238 0.10038610038610038 0.04639175257731959
1 0.16602316602316602 0.8762886597938144 0.05405405405405406 0.030927835051546393
1 0.09845559845559845 0.8917525773195877 0.07335907335907337 0.07216494845360824
1 0.0444015444015444 0.8788659793814433 0.07335907335907337 0.0979381443298969
1 0.11969111969111969 0.8324742268041238 0.08494208494208494 0.06701030927835051
1 0.20270270270270271 0.7860824742268041 0.07335907335907337 0.04639175257731959
1 0.2702702702702703 0.7783505154639175 0.06177606177606178 0.061855670103092786
1 0.2625482625482625 0.711340206185567 0.08494208494208494 0.08247422680412371
1 0.20270270270270271 0.7474226804123711 0.05791505791505792 0.041237113402061855
1 0.13513513513513514 0.7809278350515464 0.06177606177606178 0.06701030927835051
1 0.06563706563706563 0.8067010309278351 0.0694980694980695 0.05670103092783505
1 0.6023166023166023 0.5489690721649485 0.138996138996139 0.13917525773195877
1 0.6776061776061776 0.49226804123711343 0.1274131274131274 0.15979381443298968
1 0.7818532818532818 0.45103092783505155 0.11969111969111969 0.10824742268041238
1 0.8706563706563707 0.48195876288659795 0.05019305019305019 0.03608247422680412
1 0.45366795366795365 0.5721649484536082 0.15057915057915058 0.15463917525773196
1 0.21428571428571427 0.6185567010309279 0.05019305019305019 0.08247422680412371
1 0.24903474903474904 0.6365979381443299 0.05019305019305019 0.05670103092783505
1 0.16602316602316602 0.6623711340206185 0.03861003861003861 0.05670103092783505
1 0.1718146718146718 0.6211340206185567 0.03474903474903475 0.02577319587628866
1 0.11776061776061776 0.6623711340206185 0.05019305019305019 0.04639175257731959
1 0.08108108108108109 0.6829896907216495 0.06177606177606178 0.04639175257731959
1 0.12162162162162163 0.7036082474226805 0.07335907335907337 0.04639175257731959
1 0.0694980694980695 0.7242268041237113 0.03088803088803089 0.02577319587628866
1 0.21042471042471042 0.5438144329896907 0.05791505791505792 0.04639175257731959
1 0.1891891891891892 0.5721649484536082 0.03088803088803089 0.041237113402061855
1 0.138996138996139 0.5773195876288659 0.0694980694980695 0.05154639175257732
1 0.08301158301158301 0.5850515463917526 0.05019305019305019 0.04639175257731959
1 0.11196911196911197 0.5670103092783505 0.015444015444015444 0.010309278350515464
1 0.19305019305019305 0.5051546391752577 0.03088803088803089 0.030927835051546393
1 0.19498069498069498 0.4587628865979381 0.05019305019305019 0.05154639175257732
1 0.21042471042471042 0.47680412371134023 0.02702702702702703 0.03608247422680412
1 0.16795366795366795 0.5180412371134021 0.019305019305019305 0.05670103092783505
1 0.14092664092664092 0.5257731958762887 0.03474903474903475 0.041237113402061855
1 0.09266409266409266 0.5231958762886598 0.05405405405405406 0.03608247422680412
1 0.12934362934362933 0.49226804123711343 0.02702702702702703 0.03608247422680412
1 0.0888030888030888 0.49226804123711343 0.03861003861003861 0.02577319587628866
1 0.1583011583011583 0.47680412371134023 0.023166023166023165 0.04639175257731959
1 0.5907335907335908 0.45618556701030927 0.05405405405405406 0.07731958762886598
1 0.6042471042471043 0.3943298969072165 0.07335907335907337 0.06701030927835051
1 0.6814671814671814 0.4793814432989691 0.13513513513513514 0.12371134020618557
1 0.638996138996139 0.4097938144329897 0.05791505791505792 0.05670103092783505
1 0.5193050193050193 0.36597938144329895 0.0888030888030888 0.09278350515463918
1 0.5637065637065637 0.3556701030927835 0.07722007722007722 0.08247422680412371
1 0.0637065637065637 0.46134020618556704 0.02702702702702703 0.03608247422680412
1 0.08494208494208494 0.4690721649484536 0.03088803088803089 0.030927835051546393
1 0.11196911196911197 0.45103092783505155 0.10810810810810811 0.05670103092783505
1 0.16795366795366795 0.4175257731958763 0.09652509652509653 0.030927835051546393
1 0.17567567567567569 0.3917525773195876 0.08108108108108109 0.030927835051546393
1 0.20270270270270271 0.36597938144329895 0.05791505791505792 0.020618556701030927
1 0.2335907335907336 0.33505154639175255 0.08108108108108109 0.07216494845360824
1 0.2857142857142857 0.29896907216494845 0.07722007722007722 0.041237113402061855
1 0.31467181467181465 0.24742268041237114 0.06563706563706563 0.07216494845360824
1 0.2857142857142857 0.21391752577319587 0.06177606177606178 0.08762886597938144
1 0.5308880308880309 0.44587628865979384 0.02702702702702703 0.04639175257731959
1 0.5579150579150579 0.45618556701030927 0.019305019305019305 0.03608247422680412
1 0.5154440154440154 0.4742268041237113 0.03474903474903475 0.030927835051546393
1 0.47876447876447875 0.44072164948453607 0.03088803088803089 0.04639175257731959
1 0.5038610038610039 0.44072164948453607 0.011583011583011582 0.02577319587628866
1 0.5057915057915058 0.41237113402061853 0.03088803088803089 0.041237113402061855
1 0.4806949806949807 0.37371134020618557 0.019305019305019305 0.03608247422680412
1 0.46332046332046334 0.38402061855670105 0.015444015444015444 0.015463917525773196
1 0.4498069498069498 0.36082474226804123 0.03474903474903475 0.030927835051546393
1 0.305019305019305 0.5670103092783505 0.03861003861003861 0.041237113402061855
1 0.2876447876447876 0.5360824742268041 0.02702702702702703 0.041237113402061855
1 0.27413127413127414 0.5 0.03088803088803089 0.041237113402061855
1 0.26833976833976836 0.48195876288659795 0.02702702702702703 0.02577319587628866
1 0.3185328185328185 0.5180412371134021 0.03474903474903475 0.05670103092783505
1 0.333976833976834 0.538659793814433 0.02702702702702703 0.04639175257731959
1 0.3532818532818533 0.5567010309278351 0.02702702702702703 0.041237113402061855
1 0.3764478764478765 0.5438144329896907 0.02702702702702703 0.03608247422680412
1 0.3687258687258687 0.5154639175257731 0.02702702702702703 0.030927835051546393
1 0.36486486486486486 0.48195876288659795 0.02702702702702703 0.02577319587628866
1 0.41312741312741313 0.47164948453608246 0.03088803088803089 0.04639175257731959
1 0.44594594594594594 0.4484536082474227 0.03474903474903475 0.05154639175257732
1 0.44594594594594594 0.4845360824742268 0.02702702702702703 0.030927835051546393
1 0.38996138996138996 0.46134020618556704 0.015444015444015444 0.02577319587628866
1 0.41505791505791506 0.42783505154639173 0.02702702702702703 0.030927835051546393
1 0.4092664092664093 0.40463917525773196 0.03088803088803089 0.015463917525773196
1 0.44015444015444016 0.4175257731958763 0.03861003861003861 0.030927835051546393
1 0.43243243243243246 0.38917525773195877 0.023166023166023165 0.02577319587628866
1 0.3841698841698842 0.42783505154639173 0.02702702702702703 0.041237113402061855
1 0.3590733590733591 0.4097938144329897 0.03088803088803089 0.03608247422680412
1 0.34555984555984554 0.44587628865979384 0.02702702702702703 0.03608247422680412
1 0.31467181467181465 0.46134020618556704 0.02702702702702703 0.03608247422680412
1 0.333976833976834 0.422680412371134 0.019305019305019305 0.030927835051546393
1 0.3088803088803089 0.4329896907216495 0.023166023166023165 0.020618556701030927
1 0.2876447876447876 0.45103092783505155 0.019305019305019305 0.02577319587628866
1 0.8416988416988417 0.44587628865979384 0.03088803088803089 0.04639175257731959
1 0.7702702702702703 0.4020618556701031 0.02702702702702703 0.041237113402061855
1 0.7413127413127413 0.3917525773195876 0.03088803088803089 0.030927835051546393
1 0.7277992277992278 0.3556701030927835 0.02702702702702703 0.041237113402061855
1 0.747104247104247 0.36597938144329895 0.019305019305019305 0.030927835051546393
1 0.696911196911197 0.327319587628866 0.03474903474903475 0.04639175257731959
1 0.7239382239382239 0.3247422680412371 0.019305019305019305 0.020618556701030927
1 0.7065637065637066 0.3015463917525773 0.03861003861003861 0.03608247422680412
1 0.6853281853281853 0.28350515463917525 0.03474903474903475 0.030927835051546393
1 0.2335907335907336 0.39690721649484534 0.02702702702702703 0.030927835051546393
1 0.25096525096525096 0.43041237113402064 0.03861003861003861 0.03608247422680412
1 0.2644787644787645 0.39690721649484534 0.03474903474903475 0.041237113402061855
1 0.2857142857142857 0.38402061855670105 0.03088803088803089 0.04639175257731959
1 0.3108108108108108 0.3943298969072165 0.03474903474903475 0.04639175257731959
1 0.27606177606177607 0.35051546391752575 0.03474903474903475 0.041237113402061855
1 0.29922779922779924 0.32989690721649484 0.02702702702702703 0.041237113402061855
1 0.333976833976834 0.36855670103092786 0.02702702702702703 0.03608247422680412
1 0.3436293436293436 0.3917525773195876 0.03088803088803089 0.030927835051546393
1 0.37258687258687256 0.3711340206185567 0.03474903474903475 0.041237113402061855
1 0.36293436293436293 0.3402061855670103 0.03861003861003861 0.030927835051546393
1 0.361003861003861 0.3015463917525773 0.03474903474903475 0.03608247422680412
1 0.33976833976833976 0.2860824742268041 0.023166023166023165 0.03608247422680412
1 0.361003861003861 0.2757731958762887 0.02702702702702703 0.02577319587628866
1 0.3918918918918919 0.28350515463917525 0.02702702702702703 0.041237113402061855
1 0.3938223938223938 0.24742268041237114 0.03088803088803089 0.030927835051546393
1 0.3996138996138996 0.2190721649484536 0.02702702702702703 0.03608247422680412
1 0.4266409266409266 0.20618556701030927 0.02702702702702703 0.030927835051546393
1 0.4305019305019305 0.22938144329896906 0.03474903474903475 0.03608247422680412
1 0.42277992277992277 0.25773195876288657 0.02702702702702703 0.030927835051546393
1 0.42084942084942084 0.2809278350515464 0.03088803088803089 0.03608247422680412
1 0.44787644787644787 0.30670103092783507 0.03088803088803089 0.03608247422680412
1 0.43822393822393824 0.33762886597938147 0.02702702702702703 0.04639175257731959
1 0.416988416988417 0.31958762886597936 0.03088803088803089 0.030927835051546393
1 0.3938223938223938 0.32216494845360827 0.03088803088803089 0.02577319587628866
1 0.40733590733590735 0.3479381443298969 0.04247104247104247 0.03608247422680412
1 0.40540540540540543 0.37371134020618557 0.03088803088803089 0.03608247422680412
1 0.4517374517374517 0.2706185567010309 0.03088803088803089 0.03608247422680412
1 0.4613899613899614 0.2268041237113402 0.02702702702702703 0.030927835051546393
1 0.47876447876447875 0.20876288659793815 0.03088803088803089 0.04639175257731959
1 0.5096525096525096 0.20876288659793815 0.03088803088803089 0.04639175257731959
1 0.528957528957529 0.23195876288659795 0.023166023166023165 0.030927835051546393
1 0.5019305019305019 0.2422680412371134 0.03088803088803089 0.030927835051546393
1 0.4768339768339768 0.26804123711340205 0.02702702702702703 0.030927835051546393
1 0.4980694980694981 0.27835051546391754 0.03861003861003861 0.041237113402061855
1 0.528957528957529 0.2757731958762887 0.03861003861003861 0.04639175257731959
1 0.5521235521235521 0.20876288659793815 0.03088803088803089 0.03608247422680412
1 0.5868725868725869 0.2268041237113402 0.03088803088803089 0.030927835051546393
1 0.6061776061776062 0.20618556701030927 0.023166023166023165 0.041237113402061855
1 0.6274131274131274 0.22164948453608246 0.019305019305019305 0.041237113402061855
1 0.611969111969112 0.26288659793814434 0.02702702702702703 0.041237113402061855
1 0.6332046332046332 0.25773195876288657 0.015444015444015444 0.020618556701030927
1 0.5579150579150579 0.24484536082474226 0.02702702702702703 0.02577319587628866
1 0.5598455598455598 0.2654639175257732 0.023166023166023165 0.02577319587628866
1 0.555984555984556 0.29381443298969073 0.03861003861003861 0.041237113402061855
1 0.584942084942085 0.3015463917525773 0.02702702702702703 0.03608247422680412
1 0.583011583011583 0.26804123711340205 0.023166023166023165 0.030927835051546393
1 0.6196911196911197 0.30670103092783507 0.03474903474903475 0.03608247422680412
1 0.6583011583011583 0.30927835051546393 0.02702702702702703 0.030927835051546393
1 0.611969111969112 0.34536082474226804 0.019305019305019305 0.030927835051546393
1 0.637065637065637 0.3427835051546392 0.023166023166023165 0.03608247422680412
1 0.6621621621621622 0.34536082474226804 0.03474903474903475 0.020618556701030927
1 0.667953667953668 0.38402061855670105 0.04633204633204633 0.03608247422680412
1 0.42084942084942084 0.6958762886597938 0.30115830115830117 0.23711340206185566
1 0.9420849420849421 0.30670103092783507 0.10810810810810811 0.08762886597938144
1 0.9382239382239382 0.4097938144329897 0.11583011583011583 0.11855670103092783