1 0.75390625 0.5583756345177665 0.1875 0.2131979695431472
1 0.76953125 0.467005076142132 0.15625 0.1116751269035533
1 0.83203125 0.7208121827411168 0.1484375 0.19289340101522842
1 0.708984375 0.748730964467005 0.15234375 0.17766497461928935
1 0.62890625 0.6040609137055838 0.1640625 0.19289340101522842
1 0.6015625 0.42385786802030456 0.15625 0.15736040609137056
1 0.634765625 0.3020304568527919 0.18359375 0.15736040609137056
1 0.5234375 0.27918781725888325 0.078125 0.1218274111675127
1 0.43359375 0.18781725888324874 0.15625 0.17258883248730963
1 0.328125 0.2868020304568528 0.1015625 0.1065989847715736
1 0.4296875 0.3350253807106599 0.125 0.15228426395939088
1 0.29296875 0.40609137055837563 0.15625 0.19289340101522842
1 0.19921875 0.5456852791878173 0.125 0.16751269035532995
1 0.20703125 0.6776649746192893 0.1015625 0.14720812182741116
1 0.283203125 0.6142131979695431 0.04296875 0.18274111675126903
1 0.359375 0.6218274111675127 0.1171875 0.27918781725888325
1 0.484375 0.4847715736040609 0.1328125 0.18781725888324874
1 0.48046875 0.6522842639593909 0.1328125 0.2182741116751269
1 0.39453125 0.7791878172588832 0.1328125 0.116751269035533
1 0.5625 0.7360406091370558 0.1328125 0.20304568527918782