1 0.6428571428571429 0.4 0.16602316602316602 0.24615384615384617
1 0.7162162162162162 0.39487179487179486 0.10424710424710425 0.22564102564102564
1 0.7586872586872587 0.5282051282051282 0.04247104247104247 0.1641025641025641
1 0.7722007722007722 0.382051282051282 0.07722007722007722 0.13846153846153847
1 0.7258687258687259 0.5666666666666667 0.04633204633204633 0.15897435897435896
1 0.6428571428571429 0.5051282051282051 0.14285714285714285 0.30256410256410254
1 0.7239382239382239 0.658974358974359 0.06563706563706563 0.05641025641025641
1 0.6525096525096525 0.6435897435897436 0.07722007722007722 0.05641025641025641
1 0.5694980694980695 0.5923076923076923 0.11196911196911197 0.1282051282051282
1 0.5308880308880309 0.6076923076923076 0.05791505791505792 0.06666666666666667
1 0.5154440154440154 0.6256410256410256 0.04247104247104247 0.020512820512820513
1 0.4980694980694981 0.43846153846153846 0.08494208494208494 0.09743589743589744
1 0.5752895752895753 0.47692307692307695 0.09266409266409266 0.11282051282051282
1 0.5038610038610039 0.5384615384615384 0.07335907335907337 0.09230769230769231
1 0.4420849420849421 0.49743589743589745 0.07335907335907337 0.07179487179487179
1 0.4420849420849421 0.5794871794871795 0.09652509652509653 0.10256410256410256
1 0.361003861003861 0.5512820512820513 0.08108108108108109 0.1282051282051282
1 0.2722007722007722 0.5487179487179488 0.0888030888030888 0.12307692307692308
1 0.34942084942084944 0.4282051282051282 0.10424710424710425 0.08717948717948718
1 0.23938223938223938 0.45897435897435895 0.03861003861003861 0.1076923076923077
1 0.2084942084942085 0.40512820512820513 0.06177606177606178 0.041025641025641026
1 0.3745173745173745 0.2948717948717949 0.1776061776061776 0.08717948717948718
1 0.40540540540540543 0.3333333333333333 0.19305019305019305 0.08205128205128205
1 0.44787644787644787 0.37435897435897436 0.1776061776061776 0.08205128205128205
1 0.4111969111969112 0.4256410256410256 0.09652509652509653 0.06153846153846154
1 0.33204633204633205 0.37435897435897436 0.07722007722007722 0.06153846153846154
1 0.2857142857142857 0.3564102564102564 0.06177606177606178 0.07692307692307693