1 0.805019305019305 0.8505154639175257 0.26640926640926643 0.28865979381443296
1 0.9536679536679536 0.904639175257732 0.08494208494208494 0.18041237113402062
1 0.3764478764478765 0.8556701030927835 0.3667953667953668 0.27835051546391754
1 0.6274131274131274 0.9690721649484536 0.1583011583011583 0.05154639175257732
1 0.09652509652509653 0.9690721649484536 0.19305019305019305 0.05154639175257732
1 0.6718146718146718 0.49742268041237114 0.19305019305019305 0.25257731958762886
1 0.8204633204633205 0.4536082474226804 0.18146718146718147 0.21649484536082475
1 0.9285714285714286 0.5798969072164949 0.13513513513513514 0.2422680412371134
1 0.8687258687258688 0.7139175257731959 0.15444015444015444 0.22164948453608246
1 0.6988416988416989 0.7061855670103093 0.1776061776061776 0.20618556701030927
1 0.5714285714285714 0.7190721649484536 0.138996138996139 0.22164948453608246
1 0.6428571428571429 0.9123711340206185 0.0888030888030888 0.10309278350515463
1 0.4806949806949807 0.520618556701031 0.18146718146718147 0.23711340206185566
1 0.38223938223938225 0.6752577319587629 0.2084942084942085 0.16494845360824742
1 0.14285714285714285 0.7216494845360825 0.23166023166023167 0.29896907216494845
1 0.06756756756756757 0.884020618556701 0.13513513513513514 0.13917525773195877
1 0.06563706563706563 0.45618556701030927 0.13127413127413126 0.211340206185567
1 0.025096525096525095 0.6391752577319587 0.05019305019305019 0.15463917525773196
1 0.2277992277992278 0.5154639175257731 0.16216216216216217 0.17525773195876287
1 0.37258687258687256 0.47164948453608246 0.13513513513513514 0.211340206185567
1 0.4555984555984556 0.3479381443298969 0.08494208494208494 0.10824742268041238
1 0.583011583011583 0.2963917525773196 0.18532818532818532 0.2422680412371134
1 0.696911196911197 0.16237113402061856 0.11969111969111969 0.17010309278350516
1 0.8301158301158301 0.22164948453608246 0.18532818532818532 0.2268041237113402
1 0.7142857142857143 0.30670103092783507 0.07722007722007722 0.10824742268041238
1 0.944015444015444 0.15721649484536082 0.10424710424710425 0.23195876288659795
1 0.9498069498069498 0.3582474226804124 0.09266409266409266 0.19072164948453607
1 0.7934362934362934 0.06443298969072164 0.1274131274131274 0.12886597938144329
1 0.9227799227799228 0.04381443298969072 0.14671814671814673 0.08762886597938144
1 0.6525096525096525 0.04896907216494845 0.1776061776061776 0.0979381443298969
1 0.5733590733590733 0.11597938144329897 0.0888030888030888 0.0979381443298969
1 0.48455598455598453 0.17525773195876287 0.15057915057915058 0.21649484536082475
1 0.47297297297297297 0.04381443298969072 0.1891891891891892 0.08762886597938144
1 0.30694980694980695 0.023195876288659795 0.1891891891891892 0.04639175257731959
1 0.3185328185328185 0.15463917525773196 0.1891891891891892 0.2268041237113402
1 0.20270270270270271 0.30412371134020616 0.20463320463320464 0.23711340206185566
1 0.361003861003861 0.3247422680412371 0.11969111969111969 0.10309278350515463
1 0.05405405405405406 0.22422680412371135 0.10810810810810811 0.23195876288659795
1 0.09073359073359073 0.08762886597938144 0.11969111969111969 0.15463917525773196
1 0.18532818532818532 0.11597938144329897 0.138996138996139 0.18041237113402062