1 0.7733333333333333 0.33482142857142855 0.3288888888888889 0.5178571428571429
1 0.7822222222222223 0.7410714285714286 0.4266666666666667 0.17857142857142858
1 0.7688888888888888 0.8526785714285714 0.13333333333333333 0.08928571428571429
1 0.7333333333333333 0.6696428571428571 0.09777777777777778 0.05357142857142857
1 0.35555555555555557 0.5714285714285714 0.10666666666666667 0.07142857142857142
1 0.4488888888888889 0.8125 0.20444444444444446 0.25892857142857145
1 0.5688888888888889 0.7008928571428571 0.21333333333333335 0.14285714285714285
1 0.15555555555555556 0.7410714285714286 0.24888888888888888 0.125
1 0.1288888888888889 0.8883928571428571 0.2577777777777778 0.1875
1 0.21333333333333335 0.5959821428571429 0.17777777777777778 0.12053571428571429
1 0.13111111111111112 0.6584821428571429 0.26222222222222225 0.12053571428571429
1 0.33555555555555555 0.7276785714285714 0.6622222222222223 0.42857142857142855