1 0.4597902097902098 0.3721590909090909 0.3811188811188811 0.32386363636363635
1 0.5891608391608392 0.5340909090909091 0.36713286713286714 0.375
1 0.756993006993007 0.8494318181818182 0.13636363636363635 0.2215909090909091
1 0.8461538461538461 0.8238636363636364 0.0979020979020979 0.1590909090909091
1 0.25524475524475526 0.6590909090909091 0.06293706293706294 0.125
1 0.3409090909090909 0.7443181818181818 0.12237762237762238 0.13636363636363635
1 0.42832167832167833 0.8494318181818182 0.07342657342657342 0.09659090909090909
1 0.5576923076923077 0.84375 0.08741258741258741 0.09659090909090909
1 0.3479020979020979 0.6335227272727273 0.12237762237762238 0.13068181818181818
1 0.4493006993006993 0.7556818181818182 0.10839160839160839 0.19318181818181818
1 0.48426573426573427 0.8465909090909091 0.05244755244755245 0.11363636363636363
1 0.5506993006993007 0.7613636363636364 0.10839160839160839 0.11363636363636363
1 0.49475524475524474 0.7443181818181818 0.6468531468531469 0.5
1 0.8846153846153846 0.6079545454545454 0.22377622377622378 0.3409090909090909
1 0.6678321678321678 0.3153409090909091 0.3356643356643357 0.30113636363636365
1 0.8461538461538461 0.39488636363636365 0.11188811188811189 0.1534090909090909
1 0.6975524475524476 0.3153409090909091 0.10139860139860139 0.21022727272727273
1 0.6451048951048951 0.21875 0.06643356643356643 0.0625
1 0.7465034965034965 0.26704545454545453 0.12937062937062938 0.2840909090909091
1 0.9003496503496503 0.3522727272727273 0.19230769230769232 0.26136363636363635
1 0.23426573426573427 0.3522727272727273 0.46853146853146854 0.6818181818181818
1 0.24825174825174826 0.3409090909090909 0.4965034965034965 0.3522727272727273