1 0.9066666666666666 0.23214285714285715 0.18 0.39285714285714285
1 0.9083333333333333 0.5714285714285714 0.17666666666666667 0.38095238095238093
1 0.9083333333333333 0.7648809523809523 0.15 0.2916666666666667
1 0.955 0.9494047619047619 0.056666666666666664 0.08928571428571429
1 0.9016666666666666 0.9494047619047619 0.06333333333333334 0.08928571428571429
1 0.8466666666666667 0.9672619047619048 0.08666666666666667 0.05357142857142857
1 0.825 0.9107142857142857 0.056666666666666664 0.11904761904761904
1 0.7666666666666667 0.9136904761904762 0.08 0.13690476190476192
1 0.815 0.7976190476190477 0.06333333333333334 0.11904761904761904
1 0.835 0.6636904761904762 0.043333333333333335 0.08928571428571429
1 0.79 0.6160714285714286 0.04666666666666667 0.1130952380952381
1 0.745 0.6041666666666666 0.07 0.10119047619047619
1 0.6633333333333333 0.5446428571428571 0.06666666666666667 0.07738095238095238
1 0.655 0.6130952380952381 0.07666666666666666 0.09523809523809523
1 0.5983333333333334 0.6041666666666666 0.056666666666666664 0.07738095238095238
1 0.57 0.7172619047619048 0.07333333333333333 0.13690476190476192
1 0.6066666666666667 0.8095238095238095 0.08 0.16666666666666666
1 0.68 0.7916666666666666 0.07333333333333333 0.14285714285714285
1 0.7 0.6875 0.06666666666666667 0.13690476190476192
1 0.7516666666666667 0.7708333333333334 0.07 0.16071428571428573
1 0.6833333333333333 0.9226190476190477 0.08666666666666667 0.14285714285714285
1 0.6116666666666667 0.9672619047619048 0.056666666666666664 0.05357142857142857
1 0.5583333333333333 0.9315476190476191 0.07666666666666666 0.125
1 0.49166666666666664 0.9732142857142857 0.07 0.041666666666666664
1 0.41 0.7648809523809523 0.26666666666666666 0.4583333333333333
1 0.39166666666666666 0.30357142857142855 0.27666666666666667 0.4642857142857143
1 0.5883333333333334 0.46130952380952384 0.14333333333333334 0.39880952380952384
1 0.7483333333333333 0.43452380952380953 0.20333333333333334 0.2976190476190476
1 0.6083333333333333 0.18154761904761904 0.11666666666666667 0.3630952380952381
1 0.7033333333333334 0.1636904761904762 0.13333333333333333 0.3273809523809524
1 0.7483333333333333 0.16666666666666666 0.15666666666666668 0.3333333333333333
1 0.8383333333333334 0.08928571428571429 0.11666666666666667 0.17857142857142858
1 0.9516666666666667 0.02976190476190476 0.09 0.05952380952380952
1 0.53 0.16666666666666666 0.04666666666666667 0.2261904761904762
1 0.4216666666666667 0.11011904761904762 0.27 0.22023809523809523
1 0.40166666666666667 0.3333333333333333 0.12333333333333334 0.21428571428571427
1 0.19666666666666666 0.34226190476190477 0.16666666666666666 0.23214285714285715
1 0.29 0.5327380952380952 0.14666666666666667 0.22023809523809523
1 0.49 0.5476190476190477 0.08666666666666667 0.07142857142857142
1 0.5116666666666667 0.6130952380952381 0.05 0.08333333333333333
1 0.3 0.9583333333333334 0.06666666666666667 0.07142857142857142
1 0.21333333333333335 0.9136904761904762 0.08666666666666667 0.16071428571428573
1 0.25333333333333335 0.9672619047619048 0.03333333333333333 0.05357142857142857
1 0.14333333333333334 0.9404761904761905 0.06 0.10714285714285714
1 0.056666666666666664 0.9315476190476191 0.11333333333333333 0.125
1 0.20333333333333334 0.6755952380952381 0.17333333333333334 0.2916666666666667
1 0.23166666666666666 0.8839285714285714 0.18333333333333332 0.125
1 0.065 0.7261904761904762 0.13 0.3333333333333333
1 0.135 0.8035714285714286 0.08333333333333333 0.16666666666666666
1 0.12 0.34226190476190477 0.12 0.16071428571428573
1 0.13833333333333334 0.5089285714285714 0.15666666666666668 0.24404761904761904
1 0.058333333333333334 0.4523809523809524 0.11666666666666667 0.25
1 0.18666666666666668 0.125 0.11333333333333333 0.25
1 0.07333333333333333 0.17559523809523808 0.14 0.35119047619047616
1 0.018333333333333333 0.20238095238095238 0.03666666666666667 0.2976190476190476