1 0.9312169312169312 0.9176029962546817 0.12698412698412698 0.03745318352059925
1 0.9603174603174603 0.8614232209737828 0.06878306878306878 0.0898876404494382
1 0.9338624338624338 0.7621722846441947 0.12169312169312169 0.10112359550561797
1 0.955026455026455 0.6928838951310862 0.07936507936507936 0.0449438202247191
1 0.9259259259259259 0.6310861423220974 0.13756613756613756 0.07865168539325842
1 0.9497354497354498 0.5580524344569289 0.08994708994708994 0.08239700374531835
1 0.9470899470899471 0.449438202247191 0.09523809523809523 0.08239700374531835
1 0.8597883597883598 0.5056179775280899 0.13227513227513227 0.09737827715355805
1 0.8015873015873016 0.5805243445692884 0.15343915343915343 0.0898876404494382
1 0.7724867724867724 0.6254681647940075 0.08465608465608465 0.06741573033707865
1 0.6825396825396826 0.6385767790262172 0.13756613756613756 0.09363295880149813
1 0.791005291005291 0.704119850187266 0.164021164021164 0.0898876404494382
1 0.7698412698412699 0.7846441947565543 0.164021164021164 0.09363295880149813
1 0.8783068783068783 0.8258426966292135 0.12698412698412698 0.14606741573033707
1 0.7883597883597884 0.9044943820224719 0.1693121693121693 0.06367041198501873
1 0.7275132275132276 0.8614232209737828 0.18518518518518517 0.11235955056179775
1 0.6534391534391535 0.7883895131086143 0.06878306878306878 0.09363295880149813
1 0.6984126984126984 0.7284644194756554 0.06349206349206349 0.07116104868913857
1 0.6058201058201058 0.6853932584269663 0.12169312169312169 0.09737827715355805
1 0.6216931216931217 0.6067415730337079 0.12169312169312169 0.06741573033707865
1 0.626984126984127 0.5205992509363296 0.15343915343915343 0.11235955056179775
1 0.746031746031746 0.49250936329588013 0.09523809523809523 0.08614232209737828
1 0.5343915343915344 0.4812734082397004 0.1164021164021164 0.08614232209737828
1 0.41534391534391535 0.46254681647940077 0.12169312169312169 0.08614232209737828
1 0.30687830687830686 0.46441947565543074 0.12698412698412698 0.11235955056179775
1 0.3835978835978836 0.5337078651685393 0.10052910052910052 0.08614232209737828
1 0.4947089947089947 0.5786516853932584 0.15343915343915343 0.11610486891385768
1 0.4417989417989418 0.6179775280898876 0.12169312169312169 0.09737827715355805
1 0.4708994708994709 0.6853932584269663 0.13756613756613756 0.0749063670411985
1 0.5687830687830688 0.7471910112359551 0.14285714285714285 0.10861423220973783
1 0.5502645502645502 0.8707865168539326 0.1693121693121693 0.13108614232209737
1 0.6402116402116402 0.9176029962546817 0.12698412698412698 0.03745318352059925
1 0.4603174603174603 0.898876404494382 0.10582010582010581 0.0749063670411985
1 0.42592592592592593 0.7902621722846442 0.14285714285714285 0.1198501872659176
1 0.4708994708994709 0.7471910112359551 0.05291005291005291 0.04868913857677903
1 0.31216931216931215 0.7153558052434457 0.17989417989417988 0.12734082397003746
1 0.3544973544973545 0.7584269662921348 0.13756613756613756 0.08614232209737828
1 0.22486772486772486 0.8314606741573034 0.164021164021164 0.10486891385767791
1 0.32275132275132273 0.8782771535580525 0.17989417989417988 0.11610486891385768
1 0.21428571428571427 0.9044943820224719 0.0582010582010582 0.06367041198501873
1 0.12962962962962962 0.9101123595505618 0.1111111111111111 0.03745318352059925
1 0.17989417989417988 0.6367041198501873 0.13756613756613756 0.1198501872659176
1 0.23544973544973544 0.548689138576779 0.10052910052910052 0.07116104868913857
1 0.23015873015873015 0.4794007490636704 0.08994708994708994 0.06741573033707865
1 0.12169312169312169 0.46441947565543074 0.13756613756613756 0.08239700374531835
1 0.11904761904761904 0.5037453183520599 0.12169312169312169 0.07116104868913857
1 0.13756613756613756 0.5711610486891385 0.08465608465608465 0.07116104868913857
1 0.05291005291005291 0.6179775280898876 0.10582010582010581 0.1198501872659176
1 0.08994708994708994 0.6741573033707865 0.08465608465608465 0.0599250936329588
1 0.0291005291005291 0.7134831460674157 0.0582010582010582 0.10112359550561797
1 0.13227513227513227 0.7640449438202247 0.20105820105820105 0.14232209737827714
1 0.021164021164021163 0.8220973782771536 0.042328042328042326 0.09363295880149813
1 0.03439153439153439 0.9044943820224719 0.06878306878306878 0.06367041198501873
1 0.07936507936507936 0.8670411985018727 0.1164021164021164 0.06367041198501873
1 0.04497354497354497 0.5337078651685393 0.08994708994708994 0.07116104868913857
1 0.026455026455026454 0.46441947565543074 0.05291005291005291 0.0749063670411985
1 0.5714285714285714 0.3539325842696629 0.1164021164021164 0.07865168539325842
1 0.708994708994709 0.3408239700374532 0.13756613756613756 0.08239700374531835
1 0.8465608465608465 0.33146067415730335 0.14814814814814814 0.07865168539325842
1 0.9444444444444444 0.2940074906367041 0.10052910052910052 0.07865168539325842
1 0.9153439153439153 0.250936329588015 0.08465608465608465 0.08239700374531835
1 0.9708994708994709 0.22659176029962547 0.047619047619047616 0.06367041198501873
1 0.9470899470899471 0.1704119850187266 0.09523809523809523 0.08614232209737828
1 0.9814814814814815 0.10674157303370786 0.026455026455026454 0.04868913857677903
1 0.8968253968253969 0.10674157303370786 0.14285714285714285 0.08614232209737828
1 0.9708994708994709 0.06179775280898876 0.047619047619047616 0.056179775280898875
1 0.9074074074074074 0.033707865168539325 0.1746031746031746 0.06741573033707865
1 0.7883597883597884 0.0749063670411985 0.09523809523809523 0.09737827715355805
1 0.8095238095238095 0.009363295880149813 0.031746031746031744 0.018726591760299626
1 0.7486772486772487 0.1441947565543071 0.10052910052910052 0.10861423220973783
1 0.8227513227513228 0.17790262172284643 0.15343915343915343 0.10112359550561797
1 0.8015873015873016 0.2640449438202247 0.14285714285714285 0.08614232209737828
1 0.6878306878306878 0.22659176029962547 0.12698412698412698 0.07865168539325842
1 0.6322751322751323 0.27902621722846443 0.15343915343915343 0.10861423220973783
1 0.6507936507936508 0.14232209737827714 0.1164021164021164 0.10486891385767791
1 0.6825396825396826 0.06928838951310862 0.1164021164021164 0.06367041198501873
1 0.7380952380952381 0.02247191011235955 0.12169312169312169 0.0449438202247191
1 0.6190476190476191 0.03745318352059925 0.14814814814814814 0.0749063670411985
1 0.5396825396825397 0.07677902621722846 0.1164021164021164 0.09363295880149813
1 0.47619047619047616 0.028089887640449437 0.12698412698412698 0.056179775280898875
1 0.35185185185185186 0.020599250936329586 0.10052910052910052 0.04119850187265917
1 0.23809523809523808 0.020599250936329586 0.12698412698412698 0.04119850187265917
1 0.13756613756613756 0.031835205992509365 0.08465608465608465 0.06367041198501873
1 0.06878306878306878 0.011235955056179775 0.09523809523809523 0.02247191011235955
1 0.0873015873015873 0.056179775280898875 0.08994708994708994 0.052434456928838954
1 0.2037037037037037 0.06741573033707865 0.10052910052910052 0.0449438202247191
1 0.31746031746031744 0.05805243445692884 0.1164021164021164 0.07116104868913857
1 0.3968253968253968 0.08801498127340825 0.10582010582010581 0.09363295880149813
1 0.47883597883597884 0.13670411985018727 0.10052910052910052 0.07865168539325842
1 0.4603174603174603 0.08052434456928839 0.042328042328042326 0.06367041198501873
1 0.2328042328042328 0.13857677902621723 0.12698412698412698 0.09737827715355805
1 0.31746031746031744 0.11423220973782772 0.07407407407407407 0.056179775280898875
1 0.11375661375661375 0.11610486891385768 0.13227513227513227 0.06741573033707865
1 0.0291005291005291 0.08801498127340825 0.0582010582010582 0.07865168539325842
1 0.023809523809523808 0.1647940074906367 0.047619047619047616 0.0749063670411985
1 0.10582010582010581 0.1797752808988764 0.1164021164021164 0.09737827715355805
1 0.21428571428571427 0.21722846441947566 0.13227513227513227 0.08239700374531835
1 0.31216931216931215 0.1760299625468165 0.08465608465608465 0.08239700374531835
1 0.4021164021164021 0.18726591760299627 0.14814814814814814 0.10486891385767791
1 0.30952380952380953 0.23595505617977527 0.07936507936507936 0.03745318352059925
1 0.36507936507936506 0.28277153558052437 0.12698412698412698 0.10112359550561797
1 0.4894179894179894 0.26217228464419473 0.12169312169312169 0.09737827715355805
1 0.5687830687830688 0.25280898876404495 0.08994708994708994 0.11610486891385768
1 0.5582010582010583 0.16853932584269662 0.1111111111111111 0.0749063670411985
1 0.49206349206349204 0.1947565543071161 0.05291005291005291 0.052434456928838954
1 0.4894179894179894 0.3445692883895131 0.06878306878306878 0.052434456928838954
1 0.41005291005291006 0.3539325842696629 0.1111111111111111 0.06367041198501873
1 0.2566137566137566 0.2958801498127341 0.12169312169312169 0.0898876404494382
1 0.24867724867724866 0.34831460674157305 0.09523809523809523 0.0449438202247191
1 0.3306878306878307 0.34831460674157305 0.06878306878306878 0.052434456928838954
1 0.13756613756613756 0.3295880149812734 0.12698412698412698 0.08239700374531835
1 0.12698412698412698 0.2565543071161049 0.12698412698412698 0.07865168539325842
1 0.042328042328042326 0.3052434456928839 0.08465608465608465 0.07865168539325842
1 0.0291005291005291 0.2340823970037453 0.0582010582010582 0.07865168539325842