1 0.8564516129032258 0.7392638036809815 0.2032258064516129 0.48466257668711654
1 0.9709677419354839 0.8926380368098159 0.05161290322580645 0.20245398773006135
1 0.9161290322580645 0.6687116564417178 0.15483870967741936 0.34355828220858897
1 0.9741935483870968 0.6165644171779141 0.04516129032258064 0.20245398773006135
1 0.9709677419354839 0.6625766871165644 0.05161290322580645 0.19631901840490798
1 0.9225806451612903 0.5122699386503068 0.05161290322580645 0.2392638036809816
1 0.8596774193548387 0.37423312883435583 0.1064516129032258 0.3803680981595092
1 0.932258064516129 0.39570552147239263 0.12903225806451613 0.17791411042944785
1 0.9306451612903226 0.27300613496932513 0.1064516129032258 0.1165644171779141
1 0.9387096774193548 0.3558282208588957 0.06451612903225806 0.0736196319018405
1 0.9467741935483871 0.26380368098159507 0.1 0.3558282208588957
1 0.8516129032258064 0.11349693251533742 0.07096774193548387 0.2147239263803681
1 0.7935483870967742 0.15644171779141106 0.07741935483870968 0.09202453987730061
1 0.7774193548387097 0.2852760736196319 0.08387096774193549 0.10429447852760736
1 0.7903225806451613 0.39570552147239263 0.07741935483870968 0.15337423312883436
1 0.6951612903225807 0.30368098159509205 0.12580645161290321 0.3374233128834356
1 0.7016129032258065 0.12883435582822086 0.18387096774193548 0.25766871165644173
1 0.5693548387096774 0.1901840490797546 0.11935483870967742 0.13496932515337423
1 0.6161290322580645 0.40797546012269936 0.07741935483870968 0.3619631901840491
1 0.5596774193548387 0.49693251533742333 0.07419354838709677 0.36809815950920244
1 0.535483870967742 0.3558282208588957 0.05806451612903226 0.2085889570552147
1 0.6419354838709678 0.6993865030674846 0.07096774193548387 0.25766871165644173
1 0.5919354838709677 0.8312883435582822 0.11290322580645161 0.3128834355828221
1 0.5725806451612904 0.9202453987730062 0.06774193548387097 0.147239263803681
1 0.7080645161290322 0.9478527607361963 0.2032258064516129 0.09202453987730061
1 0.7225806451612903 0.8251533742331288 0.2 0.12883435582822086
1 0.8290322580645161 0.8374233128834356 0.12903225806451613 0.3128834355828221
1 0.782258064516129 0.6503067484662577 0.12580645161290321 0.3067484662576687
1 0.6935483870967742 0.588957055214724 0.08387096774193549 0.34355828220858897
1 0.48870967741935484 0.7331288343558282 0.06774193548387097 0.44785276073619634
1 0.4435483870967742 0.7300613496932515 0.06774193548387097 0.3312883435582822
1 0.43548387096774194 0.42024539877300615 0.04516129032258064 0.3006134969325153
1 0.46774193548387094 0.38650306748466257 0.03870967741935484 0.25766871165644173
1 0.45645161290322583 0.2392638036809816 0.041935483870967745 0.15950920245398773
1 0.4241935483870968 0.2361963190184049 0.02903225806451613 0.09202453987730061
1 0.4064516129032258 0.19631901840490798 0.05806451612903226 0.147239263803681
1 0.3967741935483871 0.29754601226993865 0.03870967741935484 0.07975460122699386
1 0.36935483870967745 0.5122699386503068 0.07419354838709677 0.32515337423312884
1 0.38870967741935486 0.7791411042944786 0.08709677419354839 0.4294478527607362
1 0.43548387096774194 0.941717791411043 0.05806451612903226 0.10429447852760736
1 0.3241935483870968 0.8128834355828221 0.06774193548387097 0.3496932515337423
1 0.29516129032258065 0.6503067484662577 0.08709677419354839 0.3558282208588957
1 0.33064516129032256 0.4662576687116564 0.06774193548387097 0.08588957055214724
1 0.3193548387096774 0.3588957055214724 0.03870967741935484 0.12883435582822086
1 0.3580645161290323 0.2361963190184049 0.05806451612903226 0.2392638036809816
1 0.30806451612903224 0.22699386503067484 0.07419354838709677 0.19631901840490798
1 0.3064516129032258 0.17177914110429449 0.08387096774193549 0.17177914110429449
1 0.2967741935483871 0.13496932515337423 0.04516129032258064 0.12269938650306748
1 0.24838709677419354 0.1901840490797546 0.04516129032258064 0.09815950920245399
1 0.23548387096774193 0.36809815950920244 0.05806451612903226 0.24539877300613497
1 0.24838709677419354 0.6104294478527608 0.10967741935483871 0.44785276073619634
1 0.25806451612903225 0.8987730061349694 0.08387096774193549 0.17791411042944785
1 0.1596774193548387 0.8190184049079755 0.17096774193548386 0.3496932515337423
1 0.17419354838709677 0.49693251533742333 0.07741935483870968 0.49079754601226994
1 0.18870967741935485 0.6595092024539877 0.07419354838709677 0.37423312883435583
1 0.07580645161290323 0.7607361963190185 0.06129032258064516 0.4662576687116564
1 0.07258064516129033 0.754601226993865 0.14516129032258066 0.4785276073619632
1 0.07096774193548387 0.5398773006134969 0.13548387096774195 0.3558282208588957
1 0.054838709677419356 0.4570552147239264 0.10967741935483871 0.27607361963190186
1 0.12580645161290321 0.3067484662576687 0.06451612903225806 0.13496932515337423
1 0.17580645161290323 0.2607361963190184 0.08709677419354839 0.2392638036809816
1 0.21935483870967742 0.18711656441717792 0.03225806451612903 0.10429447852760736
1 0.10967741935483871 0.24539877300613497 0.12903225806451613 0.147239263803681
1 0.06290322580645161 0.3312883435582822 0.02903225806451613 0.08588957055214724
1 0.03225806451612903 0.3834355828220859 0.06451612903225806 0.07975460122699386