1 0.2222222222222222 0.2265193370165746 0.35125448028673834 0.3756906077348066
1 0.25268817204301075 0.1685082872928177 0.34767025089605735 0.24861878453038674
1 0.496415770609319 0.20165745856353592 0.14695340501792115 0.19337016574585636
1 0.5770609318996416 0.3342541436464088 0.1935483870967742 0.281767955801105
1 0.7670250896057348 0.18232044198895028 0.14336917562724014 0.08839779005524862
1 0.8548387096774194 0.2541436464088398 0.16845878136200718 0.2541436464088398
1 0.8387096774193549 0.6546961325966851 0.0931899641577061 0.1712707182320442
1 0.8530465949820788 0.6325966850828729 0.17921146953405018 0.39226519337016574
1 0.7114695340501792 0.7099447513812155 0.17562724014336917 0.3259668508287293
1 0.4982078853046595 0.7320441988950276 0.12186379928315412 0.24861878453038674
1 0.3978494623655914 0.712707182320442 0.10752688172043011 0.23204419889502761
1 0.17204301075268819 0.6712707182320442 0.22939068100358423 0.3701657458563536