1 0.7863070539419087 0.5933014354066986 0.4190871369294606 0.44019138755980863
1 0.941908713692946 0.8229665071770335 0.1078838174273859 0.3444976076555024
1 0.6950207468879668 0.84688995215311 0.46887966804979253 0.2966507177033493
1 0.25933609958506226 0.7631578947368421 0.5103734439834025 0.46411483253588515
1 0.3360995850622407 0.9545454545454546 0.3983402489626556 0.08133971291866028
1 0.3112033195020747 0.44976076555023925 0.5311203319502075 0.5454545454545454
1 0.6846473029045643 0.2583732057416268 0.4149377593360996 0.42105263157894735
1 0.921161825726141 0.24880382775119617 0.14937759336099585 0.4784688995215311
1 0.6970954356846473 0.11244019138755981 0.3070539419087137 0.22488038277511962
1 0.8112033195020747 0 0.004149377593360996 0
1 0.3257261410788382 0.12679425837320574 0.45228215767634855 0.2535885167464115
1 0.07053941908713693 0.17464114832535885 0.14107883817427386 0.3492822966507177
1 0.043568464730290454 0.5717703349282297 0.08713692946058091 0.5406698564593302