1 0.9036363636363637 0.9021739130434783 0.18545454545454546 0.18478260869565216
1 0.9818181818181818 0.8777173913043478 0.02909090909090909 0.14673913043478262
1 0.9363636363636364 0.6331521739130435 0.12 0.3532608695652174
1 0.9745454545454545 0.3804347826086957 0.04363636363636364 0.16304347826086957
1 0.9490909090909091 0.19293478260869565 0.09454545454545454 0.23369565217391305
1 0.8818181818181818 0.3070652173913043 0.1709090909090909 0.266304347826087
1 0.94 0.43478260869565216 0.04 0.11956521739130435
1 0.7909090909090909 0.44565217391304346 0.26545454545454544 0.3695652173913043
1 0.8109090909090909 0.7364130434782609 0.17454545454545456 0.24456521739130435
1 0.74 0.9211956521739131 0.1709090909090909 0.14673913043478262
1 0.6836363636363636 0.8260869565217391 0.05090909090909091 0.08695652173913043
1 0.7363636363636363 0.8070652173913043 0.06909090909090909 0.09239130434782608
1 0.6290909090909091 0.6385869565217391 0.1890909090909091 0.29891304347826086
1 0.5072727272727273 0.49184782608695654 0.22181818181818183 0.375
1 0.5618181818181818 0.8559782608695652 0.2290909090909091 0.27717391304347827
1 0.3327272727272727 0.8206521739130435 0.23636363636363636 0.34782608695652173
1 0.3381818181818182 0.9456521739130435 0.24727272727272728 0.09782608695652174
1 0.10181818181818182 0.9538043478260869 0.20363636363636364 0.08152173913043478
1 0.10727272727272727 0.7853260869565217 0.21454545454545454 0.4076086956521739
1 0.23636363636363636 0.6820652173913043 0.11636363636363636 0.16847826086956522
1 0.44181818181818183 0.6793478260869565 0.1709090909090909 0.1956521739130435
1 0.29818181818181816 0.4945652173913043 0.2109090909090909 0.31521739130434784
1 0.07636363636363637 0.42934782608695654 0.15272727272727274 0.30434782608695654
1 0.17454545454545456 0.48097826086956524 0.13818181818181818 0.27717391304347827
1 0.1690909090909091 0.19021739130434784 0.19272727272727272 0.29347826086956524
1 0.3418181818181818 0.1793478260869565 0.19636363636363635 0.32608695652173914
1 0.38 0.391304347826087 0.07636363636363637 0.09782608695652174
1 0.4709090909090909 0.266304347826087 0.12 0.18478260869565216
1 0.6418181818181818 0.20923913043478262 0.2727272727272727 0.3423913043478261
1 0.7472727272727273 0.23097826086956522 0.06909090909090909 0.125
1 0.7854545454545454 0.21195652173913043 0.08727272727272728 0.10869565217391304
1 0.86 0.08423913043478261 0.18545454545454546 0.16847826086956522
1 0.9836363636363636 0.04076086956521739 0.025454545454545455 0.08152173913043478
1 0.6927272727272727 0.057065217391304345 0.1709090909090909 0.11413043478260869
1 0.5 0.08423913043478261 0.22181818181818183 0.16847826086956522
1 0.3109090909090909 0.03260869565217391 0.1709090909090909 0.06521739130434782
1 0.2 0.03260869565217391 0.08 0.06521739130434782
1 0.08 0.08423913043478261 0.16 0.16847826086956522
1 0.038181818181818185 0.21195652173913043 0.07636363636363637 0.14130434782608695