1 0.07276119402985075 0.42819148936170215 0.041044776119402986 0.06914893617021277
1 0.12313432835820895 0.4574468085106383 0.06716417910447761 0.0425531914893617
1 0.08395522388059702 0.5 0.048507462686567165 0.05319148936170213
1 0.13059701492537312 0.5186170212765957 0.06716417910447761 0.05851063829787234
1 0.029850746268656716 0.22074468085106383 0.05970149253731343 0.2712765957446808
1 0.11380597014925373 0.0851063829787234 0.20522388059701493 0.1702127659574468
1 0.2294776119402985 0.23404255319148937 0.1828358208955224 0.2978723404255319
1 0.373134328358209 0.18617021276595744 0.11940298507462686 0.19148936170212766
1 0.46455223880597013 0.4015957446808511 0.10074626865671642 0.601063829787234
1 0.5317164179104478 0.29521276595744683 0.026119402985074626 0.0797872340425532
1 0.7201492537313433 0.26063829787234044 0.16417910447761194 0.46808510638297873
1 0.8395522388059702 0.2845744680851064 0.08208955223880597 0.19680851063829788
1 0.9477611940298507 0.20212765957446807 0.09701492537313433 0.2553191489361702
1 0.8638059701492538 0.09840425531914894 0.041044776119402986 0.06914893617021277
1 0.7947761194029851 0.12234042553191489 0.09701492537313433 0.1595744680851064
1 0.8134328358208955 0.02127659574468085 0.13432835820895522 0.0425531914893617
1 0.6772388059701493 0.026595744680851064 0.11567164179104478 0.05319148936170213
1 0.5615671641791045 0.034574468085106384 0.11567164179104478 0.06914893617021277
1 0.5690298507462687 0.1702127659574468 0.11567164179104478 0.18085106382978725
1 0.44029850746268656 0.06382978723404255 0.11194029850746269 0.1276595744680851
1 0.3041044776119403 0.05851063829787234 0.12313432835820895 0.11702127659574468
1 0.10074626865671642 0.3537234042553192 0.029850746268656716 0.03723404255319149
1 0.13619402985074627 0.3696808510638298 0.041044776119402986 0.026595744680851064
1 0.15485074626865672 0.3962765957446808 0.026119402985074626 0.03723404255319149
1 0.166044776119403 0.44680851063829785 0.026119402985074626 0.0425531914893617
1 0.16977611940298507 0.47606382978723405 0.018656716417910446 0.026595744680851064
1 0.1455223880597015 0.48404255319148937 0.022388059701492536 0.02127659574468085
1 0.13059701492537312 0.4122340425531915 0.022388059701492536 0.03723404255319149
1 0.10634328358208955 0.4228723404255319 0.026119402985074626 0.026595744680851064
1 0.09701492537313433 0.39095744680851063 0.022388059701492536 0.026595744680851064
1 0.0708955223880597 0.39361702127659576 0.022388059701492536 0.02127659574468085
1 0.05970149253731343 0.3803191489361702 0.029850746268656716 0.026595744680851064
1 0.05783582089552239 0.47606382978723405 0.011194029850746268 0.015957446808510637
1 0.3283582089552239 0.4122340425531915 0.05970149253731343 0.09042553191489362
1 0.31156716417910446 0.324468085106383 0.011194029850746268 0.010638297872340425
1 0.35074626865671643 0.34308510638297873 0.029850746268656716 0.06914893617021277
1 0.40111940298507465 0.425531914893617 0.011194029850746268 0.02127659574468085
1 0.5186567164179104 0.46808510638297873 0.007462686567164179 0.02127659574468085
1 0.5690298507462687 0.4627659574468085 0.041044776119402986 0.031914893617021274
1 0.5783582089552238 0.36436170212765956 0.04477611940298507 0.03723404255319149
1 0.6100746268656716 0.38563829787234044 0.018656716417910446 0.015957446808510637
1 0.5839552238805971 0.39095744680851063 0.018656716417910446 0.015957446808510637
1 0.6492537313432836 0.40691489361702127 0.014925373134328358 0.015957446808510637