1 0.6634615384615384 0.5180412371134021 0.3576923076923077 0.211340206185567
1 0.6326923076923077 0.6288659793814433 0.47307692307692306 0.29896907216494845
1 0.8519230769230769 0.615979381443299 0.10384615384615385 0.11855670103092783
1 0.8096153846153846 0.7654639175257731 0.20384615384615384 0.20103092783505155
1 0.6557692307692308 0.7938144329896907 0.28846153846153844 0.30927835051546393
1 0.5134615384615384 0.25 0.11923076923076924 0.17010309278350516
1 0.8673076923076923 0.5670103092783505 0.25769230769230766 0.23711340206185566
1 0.4442307692307692 0.19845360824742267 0.10384615384615385 0.19072164948453607
1 0.36153846153846153 0.211340206185567 0.14615384615384616 0.14432989690721648
1 0.3038461538461538 0.28865979381443296 0.17692307692307693 0.20618556701030927
1 0.4230769230769231 0.36597938144329895 0.1076923076923077 0.18556701030927836
1 0.35 0.49742268041237114 0.14615384615384616 0.211340206185567
1 0.27115384615384613 0.40463917525773196 0.08846153846153847 0.10824742268041238
1 0.21153846153846154 0.35309278350515466 0.1076923076923077 0.18041237113402062
1 0.1346153846153846 0.4175257731958763 0.2692307692307692 0.20618556701030927