1 0.6395759717314488 0.6039325842696629 0.15547703180212014 0.24157303370786518
1 0.7049469964664311 0.7780898876404494 0.13074204946996468 0.1853932584269663
1 0.6996466431095406 0.9213483146067416 0.1696113074204947 0.14606741573033707
1 0.5265017667844523 0.9269662921348315 0.14840989399293286 0.1348314606741573
1 0.5512367491166078 0.7471910112359551 0.15547703180212014 0.24719101123595505
1 0.44346289752650175 0.6292134831460674 0.13780918727915195 0.20224719101123595
1 0.4204946996466431 0.8286516853932584 0.1413427561837456 0.21910112359550563
1 0.31095406360424027 0.9044943820224719 0.1978798586572438 0.1797752808988764
1 0.30742049469964666 0.7331460674157303 0.1696113074204947 0.25280898876404495
1 0.3392226148409894 0.5730337078651685 0.12014134275618374 0.11235955056179775
1 0.4787985865724382 0.5337078651685393 0.1166077738515901 0.1797752808988764
1 0.5653710247349824 0.5421348314606742 0.05653710247349823 0.1853932584269663
1 0.6254416961130742 0.398876404494382 0.127208480565371 0.16853932584269662
1 0.7137809187279152 0.42134831460674155 0.0636042402826855 0.15730337078651685
1 0.726148409893993 0.5870786516853933 0.06007067137809187 0.16292134831460675
1 0.6554770318021201 0.2612359550561798 0.1166077738515901 0.16292134831460675
1 0.5618374558303887 0.3595505617977528 0.0989399293286219 0.1797752808988764
1 0.4929328621908127 0.1797752808988764 0.10247349823321555 0.15730337078651685
1 0.5565371024734982 0.2640449438202247 0.07420494699646643 0.11235955056179775
1 0.41872791519434627 0.2752808988764045 0.10247349823321555 0.16853932584269662
1 0.38869257950530034 0.44662921348314605 0.12014134275618374 0.17415730337078653
1 0.48939929328621906 0.40168539325842695 0.08833922261484099 0.11797752808988764
1 0.3409893992932862 0.32865168539325845 0.06713780918727916 0.09550561797752809
1 0.3339222614840989 0.18820224719101122 0.10247349823321555 0.17415730337078653
1 0.1501766784452297 0.18820224719101122 0.0812720848056537 0.11797752808988764
1 0.17314487632508835 0.10955056179775281 0.0636042402826855 0.07303370786516854
1 0.10070671378091872 0.03932584269662921 0.0812720848056537 0.07865168539325842
1 0.03180212014134275 0.056179775280898875 0.0636042402826855 0.06741573033707865
1 0.0353356890459364 0.13202247191011235 0.0706713780918728 0.08426966292134831
1 0.10600706713780919 0.13764044943820225 0.0706713780918728 0.10674157303370786
1 0.05123674911660778 0.21067415730337077 0.10247349823321555 0.07303370786516854
1 0.06537102473498234 0.31179775280898875 0.10954063604240283 0.10674157303370786
1 0.00530035335689046 0.3146067415730337 0.01060070671378092 0.11235955056179775
1 0.1431095406360424 0.3089887640449438 0.053003533568904596 0.12359550561797752
1 0.07950530035335689 0.41853932584269665 0.10247349823321555 0.10674157303370786
1 0.019434628975265017 0.4297752808988764 0.038869257950530034 0.11797752808988764
1 0.06007067137809187 0.5533707865168539 0.10600706713780919 0.12921348314606743
1 0.05123674911660778 0.6853932584269663 0.07420494699646643 0.11235955056179775
1 0.022968197879858657 0.7949438202247191 0.045936395759717315 0.10674157303370786
1 0.04770318021201413 0.8314606741573034 0.045936395759717315 0.12359550561797752
1 0.015901060070671377 0.9129213483146067 0.03180212014134275 0.16292134831460675
1 0.901060070671378 0.17134831460674158 0.10600706713780919 0.16292134831460675
1 0.9487632508833922 0.3061797752808989 0.0812720848056537 0.15168539325842698
1 0.8392226148409894 0.3146067415730337 0.09540636042402827 0.16853932584269662
1 0.8374558303886925 0.15168539325842698 0.08480565371024736 0.15730337078651685
1 0.9522968197879859 0.06460674157303371 0.08833922261484099 0.12921348314606743
1 0.8710247349823321 0.03932584269662921 0.07420494699646643 0.07865168539325842
1 0.7826855123674912 0.31741573033707865 0.03180212014134275 0.08426966292134831
1 0.931095406360424 0.5308988764044944 0.10954063604240283 0.16292134831460675
1 0.950530035335689 0.7106741573033708 0.09187279151943463 0.15168539325842698
1 0.8551236749116607 0.6601123595505618 0.09187279151943463 0.17415730337078653
1 0.8816254416961131 0.49157303370786515 0.07420494699646643 0.1404494382022472
1 0.9593639575971732 0.3848314606741573 0.07420494699646643 0.11797752808988764
1 0.9381625441696113 0.9241573033707865 0.1166077738515901 0.12921348314606743