1 0.6781818181818182 0.7076502732240437 0.15636363636363637 0.1912568306010929
1 0.7327272727272728 0.6147540983606558 0.14181818181818182 0.20218579234972678
1 0.82 0.5737704918032787 0.14909090909090908 0.2185792349726776
1 0.8236363636363636 0.4644808743169399 0.12727272727272726 0.08743169398907104
1 0.8163636363636364 0.3551912568306011 0.14181818181818182 0.15300546448087432
1 0.6890909090909091 0.4426229508196721 0.14181818181818182 0.14207650273224043
1 0.7018181818181818 0.33879781420765026 0.09454545454545454 0.12021857923497267
1 0.7490909090909091 0.2978142076502732 0.05090909090909091 0.060109289617486336
1 0.6745454545454546 0.22950819672131148 0.09090909090909091 0.15300546448087432
1 0.5854545454545454 0.24863387978142076 0.10909090909090909 0.12568306010928962
1 0.5909090909090909 0.3797814207650273 0.14181818181818182 0.16939890710382513
1 0.5163636363636364 0.43989071038251365 0.13090909090909092 0.21311475409836064
1 0.6036363636363636 0.5573770491803278 0.12363636363636364 0.19672131147540983
1 0.4818181818181818 0.30601092896174864 0.12 0.18579234972677597
1 0.4618181818181818 0.726775956284153 0.12363636363636364 0.19672131147540983
1 0.5690909090909091 0.7213114754098361 0.08363636363636363 0.14207650273224043
1 0.5036363636363637 0.6120218579234973 0.07636363636363637 0.1092896174863388
1 0.43636363636363634 0.5327868852459017 0.06545454545454546 0.11475409836065574
1 0.4254545454545455 0.639344262295082 0.07272727272727272 0.08743169398907104
1 0.38545454545454544 0.6038251366120219 0.07272727272727272 0.08196721311475409
1 0.35818181818181816 0.7240437158469946 0.09090909090909091 0.15846994535519127
1 0.2581818181818182 0.6939890710382514 0.10181818181818182 0.14207650273224043
1 0.32181818181818184 0.6229508196721312 0.06181818181818182 0.09836065573770492
1 0.3690909090909091 0.5218579234972678 0.07636363636363637 0.11475409836065574
1 0.4018181818181818 0.43169398907103823 0.07636363636363637 0.09836065573770492
1 0.4 0.3333333333333333 0.07272727272727272 0.1092896174863388
1 0.3145454545454546 0.29508196721311475 0.09090909090909091 0.14207650273224043
1 0.22545454545454546 0.2923497267759563 0.06545454545454546 0.09289617486338798
1 0.18363636363636363 0.3879781420765027 0.09818181818181818 0.12021857923497267
1 0.2672727272727273 0.4180327868852459 0.09090909090909091 0.1366120218579235
1 0.32181818181818184 0.43989071038251365 0.08363636363636363 0.12568306010928962
1 0.3018181818181818 0.5409836065573771 0.05818181818181818 0.06557377049180328
1 0.24727272727272728 0.5655737704918032 0.08727272727272728 0.10382513661202186
1 0.2309090909090909 0.4890710382513661 0.04727272727272727 0.060109289617486336
1 0.1618181818181818 0.5109289617486339 0.09818181818181818 0.14754098360655737
1 0.17636363636363636 0.644808743169399 0.06909090909090909 0.12021857923497267
1 0.11454545454545455 0.5710382513661202 0.06181818181818182 0.10382513661202186
1 0.11636363636363636 0.4808743169398907 0.05818181818181818 0.07650273224043716