1 0.8321167883211679 0.5407608695652174 0.2773722627737226 0.46195652173913043
1 0.9562043795620438 0.7391304347826086 0.08029197080291971 0.14130434782608695
1 0.9343065693430657 0.8994565217391305 0.12408759124087591 0.19021739130434784
1 0.8357664233576643 0.8586956521739131 0.072992700729927 0.10869565217391304
1 0.8704379562043796 0.7690217391304348 0.032846715328467155 0.03804347826086957
1 0.958029197080292 0.4891304347826087 0.040145985401459854 0.05434782608695652
1 0.9799270072992701 0.38858695652173914 0.032846715328467155 0.09239130434782608
1 0.906934306569343 0.20923913043478262 0.17883211678832117 0.3423913043478261
1 0.6532846715328468 0.09239130434782608 0.20437956204379562 0.18478260869565216
1 0.843065693430657 0.057065217391304345 0.16058394160583941 0.11413043478260869
1 0.5656934306569343 0.125 0.029197080291970802 0.05434782608695652
1 0.5456204379562044 0.2826086956521739 0.28832116788321166 0.18478260869565216
1 0.7262773722627737 0.27445652173913043 0.072992700729927 0.11413043478260869
1 0.6642335766423357 0.483695652173913 0.058394160583941604 0.09782608695652174
1 0.5656934306569343 0.44021739130434784 0.12408759124087591 0.1956521739130435
1 0.5602189781021898 0.3016304347826087 0.06934306569343066 0.08152173913043478
1 0.6240875912408759 0.5760869565217391 0.043795620437956206 0.05434782608695652
1 0.6131386861313869 0.7119565217391305 0.08029197080291971 0.14130434782608695
1 0.7098540145985401 0.8315217391304348 0.10583941605839416 0.14130434782608695
1 0.7463503649635036 0.9510869565217391 0.20802919708029197 0.08695652173913043
1 0.5291970802919708 0.875 0.18248175182481752 0.2391304347826087
1 0.6021897810218978 0.7336956521739131 0.17518248175182483 0.3804347826086957
1 0.46715328467153283 0.05434782608695652 0.021897810218978103 0.043478260869565216
1 0.48722627737226276 0.057065217391304345 0.01824817518248175 0.04891304347826087
1 0.4562043795620438 0.10054347826086957 0.029197080291970802 0.04891304347826087
1 0.4324817518248175 0.043478260869565216 0.032846715328467155 0.05434782608695652
1 0.4635036496350365 0.01358695652173913 0.043795620437956206 0.02717391304347826
1 0.4032846715328467 0.035326086956521736 0.032846715328467155 0.04891304347826087
1 0.4124087591240876 0.07880434782608696 0.021897810218978103 0.059782608695652176
1 0.3886861313868613 0.0625 0.025547445255474453 0.04891304347826087
1 0.3777372262773723 0.021739130434782608 0.01824817518248175 0.043478260869565216
1 0.35583941605839414 0.010869565217391304 0.01824817518248175 0.021739130434782608
1 0.4032846715328467 0.008152173913043478 0.032846715328467155 0.016304347826086956
1 0.4324817518248175 0.005434782608695652 0.01824817518248175 0.010869565217391304
1 0.4762773722627737 0.3342391304347826 0.040145985401459854 0.07065217391304347
1 0.48905109489051096 0.7038043478260869 0.051094890510948905 0.09239130434782608
1 0.40875912408759124 0.7228260869565217 0.16058394160583941 0.3804347826086957
1 0.40145985401459855 0.7961956521739131 0.0364963503649635 0.09239130434782608
1 0.4051094890510949 0.9429347826086957 0.10948905109489052 0.10326086956521739
1 0.291970802919708 0.6385869565217391 0.058394160583941604 0.08152173913043478
1 0.27007299270072993 0.7663043478260869 0.051094890510948905 0.08695652173913043
1 0.20802919708029197 0.9103260869565217 0.20437956204379562 0.16847826086956522
1 0.32116788321167883 0.9402173913043478 0.029197080291970802 0.07608695652173914
1 0.24635036496350365 0.4945652173913043 0.032846715328467155 0.08695652173913043
1 0.28832116788321166 0.29347826086956524 0.058394160583941604 0.08695652173913043
1 0.34306569343065696 0.20923913043478262 0.08759124087591241 0.15760869565217392
1 0.28102189781021897 0.19293478260869565 0.19708029197080293 0.266304347826087
1 0.23357664233576642 0.36684782608695654 0.072992700729927 0.10326086956521739
1 0.2718978102189781 0.02717391304347826 0.11313868613138686 0.05434782608695652
1 0.4215328467153285 0.07065217391304347 0.15693430656934307 0.14130434782608695
1 0.16970802919708028 0.7010869565217391 0.18613138686131386 0.2826086956521739
1 0.04744525547445255 0.8233695652173914 0.0948905109489051 0.3423913043478261
1 0.08394160583941605 0.4673913043478261 0.1678832116788321 0.2608695652173913
1 0.041970802919708027 0.26358695652173914 0.05474452554744526 0.08152173913043478
1 0.12226277372262774 0.22554347826086957 0.06204379562043796 0.09239130434782608
1 0.16970802919708028 0.16576086956521738 0.040145985401459854 0.10326086956521739
1 0.15328467153284672 0.07065217391304347 0.058394160583941604 0.07608695652173914
1 0.04744525547445255 0.11141304347826086 0.0948905109489051 0.22282608695652173