1 0.3741258741258741 0.17613636363636365 0.4125874125874126 0.3522727272727273
1 0.6783216783216783 0.13068181818181818 0.1958041958041958 0.26136363636363635
1 0.8444055944055944 0.23863636363636365 0.12237762237762238 0.22727272727272727
1 0.9335664335664335 0.28125 0.055944055944055944 0.11931818181818182
1 0.3041958041958042 0.3125 0.16783216783216784 0.18181818181818182
1 0.15034965034965034 0.4005681818181818 0.22377622377622378 0.2556818181818182
1 0.038461538461538464 0.7130681818181818 0.07692307692307693 0.4715909090909091
1 0.9370629370629371 0.8579545454545454 0.08391608391608392 0.1590909090909091
1 0.47202797202797203 0.7897727272727273 0.8251748251748252 0.4090909090909091
1 0.5384615384615384 0.5028409090909091 0.8601398601398601 0.24431818181818182
1 0.9405594405594405 0.7159090909090909 0.11188811188811189 0.3522727272727273
1 0.6346153846153846 0.3153409090909091 0.513986013986014 0.16477272727272727