1 0.5781818181818181 0.7185792349726776 0.3418181818181818 0.4644808743169399
1 0.8254545454545454 0.4453551912568306 0.21818181818181817 0.6939890710382514
1 0.8345454545454546 0.3524590163934426 0.23636363636363636 0.5300546448087432
1 0.72 0.1092896174863388 0.1890909090909091 0.2185792349726776
1 0.6218181818181818 0.3224043715846995 0.1890909090909091 0.4918032786885246
1 0.4709090909090909 0.34972677595628415 0.21454545454545454 0.6666666666666666
1 0.38181818181818183 0.5601092896174863 0.21818181818181817 0.5409836065573771
1 0.2636363636363636 0.6721311475409836 0.29454545454545455 0.644808743169399
1 0.14181818181818182 0.644808743169399 0.18181818181818182 0.546448087431694
1 0.28363636363636363 0.2978142076502732 0.18181818181818182 0.3114754098360656
1 0.3145454545454546 0.08196721311475409 0.2727272727272727 0.16393442622950818
1 0.4072727272727273 0.09289617486338798 0.15272727272727274 0.14207650273224043