1 0.35044642857142855 0.18444444444444444 0.16517857142857142 0.17333333333333334
1 0.5111607142857143 0.2688888888888889 0.13839285714285715 0.14666666666666667
1 0.37276785714285715 0.4822222222222222 0.27232142857142855 0.37777777777777777
1 0.33705357142857145 0.5044444444444445 0.40625 0.30666666666666664
1 0.5602678571428571 0.3888888888888889 0.41517857142857145 0.41333333333333333
1 0.6830357142857143 0.5555555555555556 0.125 0.12444444444444444
1 0.84375 0.6133333333333333 0.13392857142857142 0.13333333333333333
1 0.6763392857142857 0.7066666666666667 0.12946428571428573 0.13333333333333333
1 0.5357142857142857 0.6644444444444444 0.15178571428571427 0.13777777777777778
1 0.421875 0.8244444444444444 0.20089285714285715 0.2088888888888889
1 0.28348214285714285 0.72 0.14732142857142858 0.1511111111111111
1 0.13839285714285715 0.68 0.125 0.10666666666666667