1 0.6634615384615384 0.6597938144329897 0.21153846153846154 0.26804123711340205
1 0.8173076923076923 0.5154639175257731 0.3576923076923077 0.36082474226804123
1 0.8769230769230769 0.28350515463917525 0.23846153846153847 0.38144329896907214
1 0.6923076923076923 0.21649484536082475 0.16923076923076924 0.27835051546391754
1 0.6288461538461538 0.32216494845360827 0.21923076923076923 0.22164948453608246
1 0.6057692307692307 0.3479381443298969 0.2653846153846154 0.33505154639175255
1 0.47884615384615387 0.5283505154639175 0.25769230769230766 0.33505154639175255
1 0.4269230769230769 0.7396907216494846 0.2153846153846154 0.14948453608247422
1 0.18653846153846154 0.6391752577319587 0.2653846153846154 0.28865979381443296
1 0.32884615384615384 0.4175257731958763 0.28076923076923077 0.38144329896907214
1 0.4576923076923077 0.18298969072164947 0.23846153846153847 0.29381443298969073
1 0.20384615384615384 0.2268041237113402 0.26153846153846155 0.26804123711340205
1 0.08653846153846154 0.4097938144329897 0.17307692307692307 0.28350515463917525
1 0.08076923076923077 0.18041237113402062 0.16153846153846155 0.21649484536082475