1 0.9418181818181818 0.9016393442622951 0.10909090909090909 0.18579234972677597
1 0.8927272727272727 0.7185792349726776 0.19272727272727272 0.3224043715846995
1 0.7836363636363637 0.5 0.3090909090909091 0.4426229508196721
1 0.8 0.273224043715847 0.16 0.12021857923497267
1 0.6709090909090909 0.16666666666666666 0.22181818181818183 0.2568306010928962
1 0.6145454545454545 0.3005464480874317 0.14545454545454545 0.07650273224043716
1 0.5690909090909091 0.4098360655737705 0.2 0.20765027322404372
1 0.5145454545454545 0.6038251366120219 0.28 0.43169398907103823
1 0.7054545454545454 0.7595628415300546 0.1890909090909091 0.25136612021857924
1 0.6509090909090909 0.8770491803278688 0.22545454545454546 0.23497267759562843
1 0.8181818181818182 0.9344262295081968 0.16727272727272727 0.12021857923497267
1 0.4109090909090909 0.8661202185792349 0.21818181818181817 0.2568306010928962
1 0.28363636363636363 0.674863387978142 0.26181818181818184 0.3879781420765027
1 0.31272727272727274 0.40710382513661203 0.24 0.2459016393442623
1 0.38545454545454544 0.24043715846994534 0.2109090909090909 0.2185792349726776
1 0.18 0.40710382513661203 0.11272727272727273 0.1366120218579235
1 0.45454545454545453 0.3633879781420765 0.07272727272727272 0.07103825136612021
1 0.10181818181818182 0.5601092896174863 0.20363636363636364 0.3551912568306011
1 0.06545454545454546 0.860655737704918 0.13090909090909092 0.2677595628415301
1 0.21818181818181817 0.9234972677595629 0.19636363636363635 0.14207650273224043
1 0.14 0.8060109289617486 0.06909090909090909 0.15846994535519127