1 0.9673076923076923 0.7809278350515464 0.057692307692307696 0.0979381443298969
1 0.9788461538461538 0.8298969072164949 0.03461538461538462 0.061855670103092786
1 0.925 0.8427835051546392 0.07307692307692308 0.05670103092783505
1 0.8865384615384615 0.8118556701030928 0.04230769230769231 0.03608247422680412
1 0.8923076923076924 0.7448453608247423 0.06153846153846154 0.10824742268041238
1 0.9288461538461539 0.7551546391752577 0.05 0.11855670103092783
1 0.975 0.7036082474226805 0.04230769230769231 0.06701030927835051
1 0.9288461538461539 0.6752577319587629 0.05 0.061855670103092786
1 0.8807692307692307 0.6623711340206185 0.046153846153846156 0.03608247422680412
1 0.8461538461538461 0.7190721649484536 0.07692307692307693 0.08762886597938144
1 0.8115384615384615 0.770618556701031 0.09230769230769231 0.06701030927835051
1 0.8269230769230769 0.6829896907216495 0.05384615384615385 0.10824742268041238
1 0.7807692307692308 0.7010309278350515 0.05384615384615385 0.08247422680412371
1 0.7480769230769231 0.6778350515463918 0.08076923076923077 0.08762886597938144
1 0.7961538461538461 0.6443298969072165 0.03076923076923077 0.030927835051546393
1 0.7634615384615384 0.5979381443298969 0.11923076923076924 0.061855670103092786
1 0.7365384615384616 0.6520618556701031 0.08076923076923077 0.08762886597938144
1 0.6865384615384615 0.6365979381443299 0.05 0.10824742268041238
1 0.6903846153846154 0.5695876288659794 0.06538461538461539 0.03608247422680412
1 0.725 0.5618556701030928 0.026923076923076925 0.020618556701030927
1 0.6423076923076924 0.5902061855670103 0.046153846153846156 0.05670103092783505
1 0.6480769230769231 0.6314432989690721 0.03461538461538462 0.04639175257731959
1 0.6307692307692307 0.5463917525773195 0.046153846153846156 0.061855670103092786
1 0.5788461538461539 0.5438144329896907 0.05 0.05670103092783505
1 0.525 0.5360824742268041 0.057692307692307696 0.07216494845360824
1 0.5538461538461539 0.5721649484536082 0.046153846153846156 0.030927835051546393
1 0.5826923076923077 0.5979381443298969 0.06538461538461539 0.061855670103092786
1 0.6173076923076923 0.634020618556701 0.026923076923076925 0.041237113402061855
1 0.5769230769230769 0.6262886597938144 0.038461538461538464 0.02577319587628866
1 0.5788461538461539 0.6649484536082474 0.07307692307692308 0.061855670103092786
1 0.6346153846153846 0.6726804123711341 0.046153846153846156 0.04639175257731959
1 0.5365384615384615 0.6391752577319587 0.05 0.061855670103092786
1 0.5173076923076924 0.6752577319587629 0.05 0.041237113402061855
1 0.48653846153846153 0.6391752577319587 0.04230769230769231 0.05154639175257732
1 0.8673076923076923 0.8376288659793815 0.026923076923076925 0.02577319587628866
1 0.8923076923076924 0.8762886597938144 0.015384615384615385 0.020618556701030927
1 0.9134615384615384 0.8994845360824743 0.026923076923076925 0.02577319587628866
1 0.8365384615384616 0.8376288659793815 0.026923076923076925 0.04639175257731959
1 0.8576923076923076 0.8711340206185567 0.038461538461538464 0.030927835051546393
1 0.875 0.9097938144329897 0.05 0.02577319587628866
1 0.7846153846153846 0.8582474226804123 0.046153846153846156 0.03608247422680412
1 0.7788461538461539 0.8298969072164949 0.026923076923076925 0.010309278350515464
1 0.8134615384615385 0.845360824742268 0.019230769230769232 0.030927835051546393
1 0.8384615384615385 0.8969072164948454 0.038461538461538464 0.041237113402061855
1 0.7923076923076923 0.8943298969072165 0.038461538461538464 0.02577319587628866
1 0.8134615384615385 0.9304123711340206 0.057692307692307696 0.05670103092783505
1 0.8653846153846154 0.9484536082474226 0.03076923076923077 0.030927835051546393
1 0.8788461538461538 0.9510309278350515 0.03461538461538462 0.04639175257731959
1 0.625 0.865979381443299 0.04230769230769231 0.05154639175257732
1 0.6057692307692307 0.8376288659793815 0.04230769230769231 0.04639175257731959
1 0.5961538461538461 0.8865979381443299 0.038461538461538464 0.05154639175257732
1 0.5596153846153846 0.8994845360824743 0.04230769230769231 0.04639175257731959
1 0.5576923076923077 0.865979381443299 0.038461538461538464 0.030927835051546393
1 0.5057692307692307 0.9072164948453608 0.04230769230769231 0.05154639175257732
1 0.49038461538461536 0.8092783505154639 0.04230769230769231 0.061855670103092786
1 0.5326923076923077 0.8144329896907216 0.04230769230769231 0.061855670103092786
1 0.4576923076923077 0.7680412371134021 0.038461538461538464 0.061855670103092786
1 0.45576923076923076 0.8711340206185567 0.03461538461538462 0.12371134020618557
1 0.49230769230769234 0.8737113402061856 0.06923076923076923 0.11855670103092783
1 0.5153846153846153 0.8634020618556701 0.07692307692307693 0.17010309278350516
1 0.5692307692307692 0.7319587628865979 0.06923076923076923 0.10309278350515463
1 0.5865384615384616 0.770618556701031 0.09615384615384616 0.07731958762886598
1 0.6288461538461538 0.7963917525773195 0.09615384615384616 0.10824742268041238
1 0.6884615384615385 0.7216494845360825 0.03076923076923077 0.05154639175257732
1 0.7173076923076923 0.7396907216494846 0.04230769230769231 0.04639175257731959
1 0.7288461538461538 0.7731958762886598 0.04230769230769231 0.05154639175257732
1 0.7653846153846153 0.7783505154639175 0.038461538461538464 0.020618556701030927
1 0.7038461538461539 0.8067010309278351 0.038461538461538464 0.04639175257731959
1 0.6807692307692308 0.7654639175257731 0.038461538461538464 0.04639175257731959
1 0.6596153846153846 0.7448453608247423 0.026923076923076925 0.05670103092783505
1 0.6692307692307692 0.8685567010309279 0.038461538461538464 0.02577319587628866
1 0.38653846153846155 0.6005154639175257 0.03461538461538462 0.03608247422680412
1 0.4096153846153846 0.6185567010309279 0.026923076923076925 0.05154639175257732
1 0.4461538461538462 0.6469072164948454 0.03076923076923077 0.04639175257731959
1 0.3019230769230769 0.5850515463917526 0.019230769230769232 0.02577319587628866
1 0.3192307692307692 0.6082474226804123 0.023076923076923078 0.041237113402061855
1 0.34807692307692306 0.6056701030927835 0.026923076923076925 0.03608247422680412
1 0.3596153846153846 0.6365979381443299 0.03461538461538462 0.04639175257731959
1 0.33076923076923076 0.6443298969072165 0.03076923076923077 0.041237113402061855
1 0.3 0.6494845360824743 0.03076923076923077 0.030927835051546393
1 0.2519230769230769 0.6082474226804123 0.026923076923076925 0.05154639175257732
1 0.27307692307692305 0.6572164948453608 0.03076923076923077 0.04639175257731959
1 0.29615384615384616 0.6752577319587629 0.046153846153846156 0.041237113402061855
1 0.34807692307692306 0.6932989690721649 0.05 0.06701030927835051
1 0.3769230769230769 0.711340206185567 0.03076923076923077 0.061855670103092786
1 0.3557692307692308 0.7448453608247423 0.011538461538461539 0.02577319587628866
1 0.4076923076923077 0.7190721649484536 0.046153846153846156 0.03608247422680412
1 0.4173076923076923 0.6984536082474226 0.026923076923076925 0.02577319587628866
1 0.4423076923076923 0.729381443298969 0.03076923076923077 0.04639175257731959
1 0.3903846153846154 0.7654639175257731 0.04230769230769231 0.04639175257731959
1 0.4269230769230769 0.7603092783505154 0.03076923076923077 0.03608247422680412
1 0.7115384615384616 0.9329896907216495 0.038461538461538464 0.020618556701030927
1 0.7461538461538462 0.9561855670103093 0.038461538461538464 0.02577319587628866
1 0.7730769230769231 0.9690721649484536 0.03076923076923077 0.030927835051546393
1 0.8057692307692308 0.9819587628865979 0.04230769230769231 0.02577319587628866
1 0.675 0.9432989690721649 0.057692307692307696 0.030927835051546393
1 0.6211538461538462 0.9819587628865979 0.06538461538461539 0.02577319587628866
1 0.6923076923076923 0.9664948453608248 0.16153846153846155 0.05670103092783505
1 0.8615384615384616 0.5077319587628866 0.046153846153846156 0.05670103092783505
1 0.9115384615384615 0.5103092783505154 0.05384615384615385 0.07216494845360824
1 0.9711538461538461 0.5025773195876289 0.026923076923076925 0.04639175257731959
1 0.8153846153846154 0.520618556701031 0.038461538461538464 0.020618556701030927
1 0.7288461538461538 0.5025773195876289 0.019230769230769232 0.03608247422680412
1 0.4480769230769231 0.9690721649484536 0.10384615384615385 0.05154639175257732
1 0.3403846153846154 0.9432989690721649 0.057692307692307696 0.061855670103092786
1 0.25769230769230766 0.9768041237113402 0.046153846153846156 0.03608247422680412
1 0.28846153846153844 0.8402061855670103 0.038461538461538464 0.020618556701030927
1 0.2519230769230769 0.8556701030927835 0.03461538461538462 0.020618556701030927
1 0.15 0.865979381443299 0.05384615384615385 0.061855670103092786
1 0.007692307692307693 0.7731958762886598 0.015384615384615385 0.030927835051546393
1 0.015384615384615385 0.8118556701030928 0.03076923076923077 0.02577319587628866