1 0.06222222222222222 0.1622222222222222 0.11555555555555555 0.24444444444444444
1 0.15555555555555556 0.11777777777777777 0.13333333333333333 0.22666666666666666
1 0.2688888888888889 0.06 0.23555555555555555 0.10222222222222223
1 0.4444444444444444 0.024444444444444446 0.18666666666666668 0.04
1 0.29777777777777775 0.08888888888888889 0.13333333333333333 0.10666666666666667
1 0.28 0.006666666666666667 0.56 0.013333333333333334
1 0.05333333333333334 0.17777777777777778 0.10666666666666667 0.35555555555555557
1 0.30444444444444446 0.13777777777777778 0.4488888888888889 0.2311111111111111
1 0.04666666666666667 0.5666666666666667 0.09333333333333334 0.14666666666666667
1 0.1511111111111111 0.45111111111111113 0.21333333333333335 0.08444444444444445
1 0.24888888888888888 0.3688888888888889 0.14222222222222222 0.16
1 0.37777777777777777 0.30444444444444446 0.14222222222222222 0.14666666666666667
1 0.48 0.32 0.13333333333333333 0.12444444444444444
1 0.5844444444444444 0.18444444444444444 0.18222222222222223 0.07555555555555556
1 0.6266666666666667 0.2288888888888889 0.12444444444444444 0.09333333333333334
1 0.6666666666666666 0.12666666666666668 0.14222222222222222 0.14666666666666667
1 0.8822222222222222 0.21555555555555556 0.1111111111111111 0.12
1 0.9711111111111111 0.27111111111111114 0.04888888888888889 0.13333333333333333
1 0.9088888888888889 0.29777777777777775 0.1111111111111111 0.08
1 0.96 0.35333333333333333 0.07111111111111111 0.10222222222222223
1 0.8866666666666667 0.36 0.1111111111111111 0.05333333333333334
1 0.9244444444444444 0.06444444444444444 0.02666666666666667 0.12
1 0.5488888888888889 0.5533333333333333 0.08444444444444445 0.06666666666666667
1 0.78 0.6444444444444445 0.057777777777777775 0.044444444444444446
1 0.5022222222222222 0.8844444444444445 0.08 0.05333333333333334
1 0.64 0.4577777777777778 0.26666666666666666 0.20444444444444446
1 0.7977777777777778 0.5288888888888889 0.17333333333333334 0.1511111111111111
1 0.9355555555555556 0.5444444444444444 0.12 0.14666666666666667
1 0.9111111111111111 0.6533333333333333 0.1688888888888889 0.14222222222222222
1 0.8422222222222222 0.7311111111111112 0.07555555555555556 0.18222222222222223
1 0.88 0.7911111111111111 0.19555555555555557 0.20444444444444446
1 0.7111111111111111 0.8444444444444444 0.2311111111111111 0.24
1 0.7177777777777777 0.6711111111111111 0.19111111111111112 0.1511111111111111
1 0.5688888888888889 0.7533333333333333 0.18666666666666668 0.41333333333333333
1 0.4177777777777778 0.5955555555555555 0.27555555555555555 0.1688888888888889
1 0.4022222222222222 0.6666666666666666 0.48444444444444446 0.2577777777777778
1 0.28 0.7466666666666667 0.3466666666666667 0.2311111111111111
1 0.37555555555555553 0.8888888888888888 0.30666666666666664 0.21333333333333335
1 0.5511111111111111 0.68 0.8888888888888888 0.6311111111111111
1 0.37777777777777777 0.3333333333333333 0.7555555555555555 0.6666666666666666