1 0.6254826254826255 0.6005154639175257 0.21621621621621623 0.34536082474226804
1 0.7683397683397684 0.48711340206185566 0.2471042471042471 0.31443298969072164
1 0.859073359073359 0.6108247422680413 0.27413127413127414 0.34536082474226804
1 0.7123552123552124 0.32216494845360827 0.16602316602316602 0.26288659793814434
1 0.8687258687258688 0.3247422680412371 0.2548262548262548 0.26804123711340205
1 0.8687258687258688 0.13917525773195877 0.23938223938223938 0.16494845360824742
1 0.9266409266409267 0.09020618556701031 0.138996138996139 0.18041237113402062
1 0.8108108108108109 0.08762886597938144 0.13127413127413126 0.17525773195876287
1 0.7393822393822393 0.08762886597938144 0.13513513513513514 0.17525773195876287
1 0.6274131274131274 0.08762886597938144 0.13513513513513514 0.10309278350515463
1 0.5868725868725869 0.2345360824742268 0.23938223938223938 0.26288659793814434
1 0.4555984555984556 0.10309278350515463 0.1776061776061776 0.20618556701030927
1 0.5115830115830116 0.327319587628866 0.14285714285714285 0.30412371134020616
1 0.4498069498069498 0.3582474226804124 0.14285714285714285 0.31443298969072164
1 0.4613899613899614 0.538659793814433 0.18146718146718147 0.10824742268041238
1 0.5115830115830116 0.44329896907216493 0.011583011583011582 0.020618556701030927
1 0.41312741312741313 0.6520618556701031 0.19305019305019305 0.211340206185567
1 0.36486486486486486 0.6082474226804123 0.35135135135135137 0.29896907216494845
1 0.32625482625482627 0.46134020618556704 0.13513513513513514 0.13917525773195877
1 0.37258687258687256 0.26288659793814434 0.27413127413127414 0.5051546391752577
1 0.1718146718146718 0.37628865979381443 0.16602316602316602 0.20618556701030927
1 0.12355212355212356 0.13144329896907217 0.2084942084942085 0.26288659793814434