1 0.8776223776223776 0.8096590909090909 0.23776223776223776 0.1534090909090909
1 0.6451048951048951 0.7698863636363636 0.23426573426573427 0.23295454545454544
1 0.458041958041958 0.78125 0.23776223776223776 0.21022727272727273
1 0.24125874125874125 0.8181818181818182 0.21678321678321677 0.125
1 0.1555944055944056 0.6477272727272727 0.3111888111888112 0.4659090909090909
1 0.3304195804195804 0.5539772727272727 0.2202797202797203 0.3693181818181818
1 0.44405594405594406 0.3465909090909091 0.24475524475524477 0.36363636363636365
1 0.6118881118881119 0.4971590909090909 0.2517482517482518 0.32386363636363635
1 0.7290209790209791 0.6079545454545454 0.0944055944055944 0.17045454545454544
1 0.8566433566433567 0.5880681818181818 0.15384615384615385 0.32386363636363635
1 0.9493006993006993 0.6193181818181818 0.0944055944055944 0.3977272727272727
1 0.784965034965035 0.4147727272727273 0.2202797202797203 0.3522727272727273
1 0.46153846153846156 0.5653409090909091 0.06293706293706294 0.09659090909090909
1 0.9353146853146853 0.35795454545454547 0.12237762237762238 0.17045454545454544
1 0.9265734265734266 0.2755681818181818 0.0979020979020979 0.08522727272727272
1 0.7762237762237763 0.23579545454545456 0.22377622377622378 0.23295454545454544
1 0.5087412587412588 0.19318181818181818 0.15734265734265734 0.22727272727272727
1 0.6188811188811189 0.26988636363636365 0.06993006993006994 0.10795454545454546
1 0.6573426573426573 0.2215909090909091 0.08391608391608392 0.13636363636363635
1 0.7202797202797203 0.13068181818181818 0.11188811188811189 0.06818181818181818
1 0.6346153846153846 0.1903409090909091 0.06643356643356643 0.0625
1 0.6031468531468531 0.1534090909090909 0.03146853146853147 0.13636363636363635
1 0.31643356643356646 0.11363636363636363 0.19230769230769232 0.22727272727272727
1 0.3811188811188811 0.22443181818181818 0.16083916083916083 0.2556818181818182
1 0.21853146853146854 0.26704545454545453 0.17132867132867133 0.3068181818181818
1 0.11538461538461539 0.3039772727272727 0.23076923076923078 0.3125
1 0.06643356643356643 0.08238636363636363 0.13286713286713286 0.16477272727272727
1 0.16783216783216784 0.07954545454545454 0.11188811188811189 0.125