1 0.6 0.7589285714285714 0.5 0.31547619047619047
1 0.19 0.6101190476190477 0.14666666666666667 0.25595238095238093
1 0.24666666666666667 0.33630952380952384 0.12 0.10119047619047619
1 0.31166666666666665 0.30654761904761907 0.09666666666666666 0.07738095238095238
1 0.28833333333333333 0.5267857142857143 0.13 0.30357142857142855
1 0.8666666666666667 0.45535714285714285 0.06666666666666667 0.2916666666666667
1 0.9016666666666666 0.6547619047619048 0.10333333333333333 0.21428571428571427
1 0.96 0.5535714285714286 0.07333333333333333 0.15476190476190477
1 0.9266666666666666 0.8720238095238095 0.14 0.24404761904761904
1 0.8 0.5684523809523809 0.12 0.18452380952380953
1 0.7833333333333333 0.6845238095238095 0.09333333333333334 0.11904761904761904
1 0.7166666666666667 0.6101190476190477 0.1 0.18452380952380953
1 0.9633333333333334 0.2857142857142857 0.06666666666666667 0.11904761904761904
1 0.9816666666666667 0.3869047619047619 0.03 0.10714285714285714
1 0.93 0.42857142857142855 0.06666666666666667 0.17857142857142858
1 0.9083333333333333 0.22916666666666666 0.08333333333333333 0.1130952380952381
1 0.835 0.24107142857142858 0.10333333333333333 0.1130952380952381
1 0.59 0.08333333333333333 0.2 0.15476190476190477
1 0.7366666666666667 0.16071428571428573 0.12 0.13095238095238096
1 0.445 0.12797619047619047 0.17 0.18452380952380953
1 0.3383333333333333 0.17857142857142858 0.09 0.15476190476190477
1 0.27666666666666667 0.1875 0.12666666666666668 0.1488095238095238
1 0.2683333333333333 0.9166666666666666 0.13666666666666666 0.15476190476190477
1 0.5866666666666667 0.41369047619047616 0.1 0.17261904761904762
1 0.485 0.4523809523809524 0.07 0.11904761904761904
1 0.49833333333333335 0.5059523809523809 0.9966666666666667 0.9761904761904762
1 0.8916666666666667 0.375 0.21 0.38095238095238093
1 0.10833333333333334 0.45535714285714285 0.21666666666666667 0.8392857142857143