1 0.2581818181818182 0.6284153005464481 0.48727272727272725 0.6885245901639344
1 0.78 0.2814207650273224 0.43272727272727274 0.5628415300546448
1 0.9563636363636364 0.6420765027322405 0.08 0.21311475409836064
1 0.84 0.7595628415300546 0.22545454545454546 0.15300546448087432
1 0.9218181818181819 0.8961748633879781 0.14909090909090908 0.19672131147540983
1 0.6854545454545454 0.7759562841530054 0.07636363636363637 0.32786885245901637
1 0.5981818181818181 0.9289617486338798 0.2 0.13114754098360656
1 0.7236363636363636 0.9699453551912568 0.05090909090909091 0.04918032786885246
1 0.4709090909090909 0.11475409836065574 0.09818181818181818 0.15300546448087432
1 0.5890909090909091 0.07650273224043716 0.07272727272727272 0.15300546448087432
1 0.49818181818181817 0.01912568306010929 0.05090909090909091 0.03825136612021858
1 0.38545454545454544 0.09289617486338798 0.16727272727272727 0.14207650273224043
1 0.22727272727272727 0.10655737704918032 0.14181818181818182 0.11475409836065574
1 0.2581818181818182 0.21584699453551912 0.05818181818181818 0.14754098360655737
1 0.16545454545454547 0.2103825136612022 0.09090909090909091 0.21311475409836064
1 0.08727272727272728 0.2568306010928962 0.10181818181818182 0.17486338797814208
1 0.02727272727272727 0.14754098360655737 0.05454545454545454 0.12021857923497267
1 0.10727272727272727 0.06284153005464481 0.15636363636363637 0.12568306010928962