1 0.14423076923076922 0.7283236994219653 0.10384615384615385 0.17341040462427745
1 0.25769230769230766 0.7225433526011561 0.11538461538461539 0.18497109826589594
1 0.3576923076923077 0.6734104046242775 0.07692307692307693 0.1329479768786127
1 0.4 0.5520231213872833 0.1 0.14450867052023122
1 0.5057692307692307 0.6473988439306358 0.09615384615384616 0.15028901734104047
1 0.4442307692307692 0.6734104046242775 0.08076923076923077 0.15606936416184972
1 0.55 0.7254335260115607 0.09230769230769231 0.1329479768786127
1 0.275 0.5664739884393064 0.12692307692307692 0.15028901734104047
1 0.21346153846153845 0.615606936416185 0.04230769230769231 0.05202312138728324
1 0.325 0.4797687861271676 0.08846153846153847 0.10404624277456648
1 0.3903846153846154 0.3930635838150289 0.10384615384615385 0.16184971098265896
1 0.48846153846153845 0.407514450867052 0.09230769230769231 0.12138728323699421
1 0.49615384615384617 0.5028901734104047 0.08461538461538462 0.13872832369942195
1 0.5923076923076923 0.4653179190751445 0.09230769230769231 0.15606936416184972
1 0.676923076923077 0.49710982658959535 0.07692307692307693 0.16184971098265896
1 0.6615384615384615 0.6242774566473989 0.05384615384615385 0.11560693641618497
1 0.5884615384615385 0.5953757225433526 0.09230769230769231 0.12716763005780346
1 0.5365384615384615 0.2976878612716763 0.10384615384615385 0.14450867052023122
1 0.6115384615384616 0.3670520231213873 0.1 0.09826589595375723
1 0.42115384615384616 0.22832369942196531 0.08846153846153847 0.15606936416184972
1 0.4269230769230769 0.3208092485549133 0.1 0.08670520231213873
1 0.7942307692307692 0.6271676300578035 0.1576923076923077 0.2254335260115607
1 0.676923076923077 0.7543352601156069 0.13846153846153847 0.24855491329479767
1 0.41346153846153844 0.8121387283236994 0.23461538461538461 0.2138728323699422