1 0.7240802675585284 0.5714285714285714 0.5451505016722408 0.8452380952380952
1 0.6923076923076923 0.23809523809523808 0.3612040133779264 0.47619047619047616
1 0.3294314381270903 0.3869047619047619 0.4983277591973244 0.7738095238095238
1 0.4331103678929766 0.8125 0.06354515050167224 0.08928571428571429
1 0.3494983277591973 0.8095238095238095 0.10367892976588629 0.13095238095238096
1 0.411371237458194 0.9107142857142857 0.09364548494983277 0.16666666666666666
1 0.45484949832775917 0.9434523809523809 0.08695652173913043 0.10119047619047619
1 0.3294314381270903 0.9345238095238095 0.07692307692307693 0.11904761904761904
1 0.27591973244147155 0.875 0.08361204013377926 0.15476190476190477
1 0.22240802675585283 0.7797619047619048 0.10367892976588629 0.16666666666666666
1 0.1505016722408027 0.7470238095238095 0.07357859531772576 0.13690476190476192
1 0.16387959866220736 0.9017857142857143 0.14715719063545152 0.18452380952380953
1 0.2508361204013378 0.9702380952380952 0.08695652173913043 0.047619047619047616