1 0.9333333333333333 0.7955555555555556 0.12444444444444444 0.18666666666666668
1 0.5377777777777778 0.8177777777777778 0.32 0.19555555555555557
1 0.7 0.8066666666666666 0.13777777777777778 0.2088888888888889
1 0.7177777777777777 0.66 0.24444444444444444 0.25333333333333335
1 0.8222222222222222 0.8177777777777778 0.12444444444444444 0.12444444444444444
1 0.39555555555555555 0.7266666666666667 0.17777777777777778 0.15555555555555556
1 0.3422222222222222 0.7066666666666667 0.2311111111111111 0.24
1 0.1288888888888889 0.5111111111111111 0.20444444444444446 0.18666666666666668
1 0.19333333333333333 0.5733333333333334 0.18222222222222223 0.16
1 0.41555555555555557 0.35555555555555557 0.38666666666666666 0.26666666666666666
1 0.28888888888888886 0.3377777777777778 0.07111111111111111 0.09777777777777778
1 0.38 0.1711111111111111 0.24444444444444444 0.17333333333333334
1 0.14666666666666667 0.19111111111111112 0.08888888888888889 0.07111111111111111
1 0.5866666666666667 0.23777777777777778 0.1511111111111111 0.09333333333333334
1 0.68 0.13111111111111112 0.08888888888888889 0.09333333333333334
1 0.8933333333333333 0.19111111111111112 0.20444444444444446 0.09777777777777778
1 0.9088888888888889 0.35333333333333333 0.17333333333333334 0.25333333333333335
1 0.74 0.31333333333333335 0.08444444444444445 0.13777777777777778
1 0.7822222222222223 0.3933333333333333 0.09777777777777778 0.07555555555555556
1 0.5288888888888889 0.6133333333333333 0.27555555555555555 0.2311111111111111
1 0.5377777777777778 0.35333333333333333 0.6933333333333334 0.4488888888888889
1 0.8911111111111111 0.14444444444444443 0.10222222222222223 0.07555555555555556
1 0.8333333333333334 0.4888888888888889 0.28888888888888886 0.28444444444444444
1 0.5111111111111111 0.4888888888888889 0.9688888888888889 0.8444444444444444