1 0.8897338403041825 0.6953125 0.1444866920152091 0.234375
1 0.908745247148289 0.265625 0.1444866920152091 0.25
1 0.7091254752851711 0.2916666666666667 0.21673003802281368 0.2916666666666667
1 0.6387832699619772 0.5885416666666666 0.17490494296577946 0.23958333333333334
1 0.6825095057034221 0.7916666666666666 0.1482889733840304 0.15625
1 0.467680608365019 0.7057291666666666 0.1596958174904943 0.203125
1 0.41254752851711024 0.4739583333333333 0.17110266159695817 0.22916666666666666
1 0.46387832699619774 0.21354166666666666 0.16730038022813687 0.22916666666666666
1 0.596958174904943 0.3984375 0.19771863117870722 0.22395833333333334
1 0.8536121673003803 0.4739583333333333 0.23193916349809887 0.22916666666666666
1 0.8365019011406845 0.1328125 0.11406844106463879 0.171875
1 0.38022813688212925 0.1328125 0.2509505703422053 0.21354166666666666
1 0.23193916349809887 0.3307291666666667 0.20532319391634982 0.19270833333333334
1 0.11216730038022814 0.19010416666666666 0.11026615969581749 0.19270833333333334
1 0.2585551330798479 0.5651041666666666 0.16730038022813687 0.21354166666666666
1 0.2965779467680608 0.78125 0.1596958174904943 0.22916666666666666
1 0.12167300380228137 0.71875 0.09125475285171103 0.17708333333333334
1 0.09695817490494296 0.46875 0.18631178707224336 0.23958333333333334