1 0.9322916666666666 0.7685714285714286 0.1284722222222222 0.2
1 0.90625 0.6371428571428571 0.1111111111111111 0.12
1 0.8611111111111112 0.45714285714285713 0.11805555555555555 0.17142857142857143
1 0.8072916666666666 0.5342857142857143 0.12152777777777778 0.14285714285714285
1 0.7395833333333334 0.44285714285714284 0.10416666666666667 0.12
1 0.7309027777777778 0.3628571428571429 0.1284722222222222 0.1657142857142857
1 0.5399305555555556 0.36857142857142855 0.16319444444444445 0.3142857142857143
1 0.6267361111111112 0.49142857142857144 0.13541666666666666 0.13714285714285715
1 0.6145833333333334 0.6028571428571429 0.13194444444444445 0.14285714285714285
1 0.796875 0.7771428571428571 0.12152777777777778 0.16
1 0.8211805555555556 0.6514285714285715 0.08680555555555555 0.10285714285714286
1 0.4357638888888889 0.5457142857142857 0.22569444444444445 0.32571428571428573
1 0.2690972222222222 0.22285714285714286 0.3784722222222222 0.34285714285714286
1 0.24305555555555555 0.5171428571428571 0.19444444444444445 0.2914285714285714
1 0.15104166666666666 0.7971428571428572 0.15625 0.22285714285714286
1 0.3125 0.8914285714285715 0.125 0.2057142857142857
1 0.2760416666666667 0.8457142857142858 0.1284722222222222 0.19428571428571428
1 0.4930555555555556 0.8942857142857142 0.18055555555555555 0.2
1 0.6545138888888888 0.9085714285714286 0.13541666666666666 0.17142857142857143
1 0.6128472222222222 0.8257142857142857 0.059027777777777776 0.06285714285714286
1 0.7361111111111112 0.8514285714285714 0.11805555555555555 0.05714285714285714
1 0.9010416666666666 0.86 0.1909722222222222 0.06285714285714286