1 0.2777777777777778 0.5027777777777778 0.5555555555555556 0.9833333333333333
1 0.4659498207885305 0.9694444444444444 0.16487455197132617 0.05
1 0.5824372759856631 0.9611111111111111 0.15412186379928317 0.06666666666666667
1 0.6917562724014337 0.9472222222222222 0.22939068100358423 0.09444444444444444
1 0.8727598566308243 0.9583333333333334 0.24731182795698925 0.07222222222222222
1 0.6774193548387096 0.875 0.2222222222222222 0.2388888888888889
1 0.7132616487455197 0.875 0.043010752688172046 0.2388888888888889
1 0.7491039426523297 0.7416666666666667 0.05734767025089606 0.18333333333333332
1 0.45340501792114696 0.2833333333333333 0.24014336917562723 0.24444444444444444
1 0.6057347670250897 0.5611111111111111 0.1935483870967742 0.3
1 0.5698924731182796 0.6944444444444444 0.12903225806451613 0.12222222222222222
1 0.7383512544802867 0.6888888888888889 0.11469534050179211 0.3111111111111111
1 0.7939068100358423 0.6694444444444444 0.15412186379928317 0.40555555555555556
1 0.8673835125448028 0.6138888888888889 0.25806451612903225 0.2388888888888889
1 0.8261648745519713 0.46111111111111114 0.34050179211469533 0.2222222222222222
1 0.6577060931899642 0.3861111111111111 0.20430107526881722 0.12777777777777777
1 0.6827956989247311 0.2722222222222222 0.13261648745519714 0.25555555555555554
1 0.6146953405017921 0.15833333333333333 0.24731182795698925 0.21666666666666667
1 0.7921146953405018 0.175 0.12186379928315412 0.31666666666666665
1 0.8781362007168458 0.10833333333333334 0.05734767025089606 0.1388888888888889
1 0.8853046594982079 0.225 0.07885304659498207 0.1388888888888889
1 0.9336917562724014 0.3194444444444444 0.12544802867383512 0.12777777777777777