1 0.9233576642335767 0.5461956521739131 0.145985401459854 0.27717391304347827
1 0.8503649635036497 0.6114130434782609 0.0948905109489051 0.16847826086956522
1 0.7481751824817519 0.6005434782608695 0.15328467153284672 0.19021739130434784
1 0.6113138686131386 0.5788043478260869 0.12773722627737227 0.16847826086956522
1 0.9525547445255474 0.9646739130434783 0.072992700729927 0.059782608695652176
1 0.885036496350365 0.967391304347826 0.05474452554744526 0.05434782608695652
1 0.8083941605839416 0.9456521739130435 0.09124087591240876 0.09782608695652174
1 0.7116788321167883 0.9619565217391305 0.0948905109489051 0.06521739130434782
1 0.6204379562043796 0.9402173913043478 0.08029197080291971 0.10869565217391304
1 0.5291970802919708 0.5679347826086957 0.10218978102189781 0.15760869565217392
1 0.5474452554744526 0.421195652173913 0.08029197080291971 0.22282608695652173
1 0.5766423357664233 0.39402173913043476 0.08029197080291971 0.23369565217391305
1 0.6003649635036497 0.32608695652173914 0.10583941605839416 0.25
1 0.6551094890510949 0.37228260869565216 0.05474452554744526 0.09239130434782608
1 0.7007299270072993 0.37771739130434784 0.058394160583941604 0.09239130434782608
1 0.6806569343065694 0.29347826086956524 0.04744525547445255 0.08695652173913043
1 0.6386861313868614 0.2826086956521739 0.043795620437956206 0.09782608695652174
1 0.5109489051094891 0.27717391304347827 0.08029197080291971 0.09782608695652174
1 0.7372262773722628 0.25815217391304346 0.11678832116788321 0.30978260869565216
1 0.6897810218978102 0.4673913043478261 0.1386861313868613 0.13043478260869565
1 0.8029197080291971 0.45108695652173914 0.12408759124087591 0.18478260869565216
1 0.8284671532846716 0.2907608695652174 0.051094890510948905 0.10326086956521739
1 0.8211678832116789 0.35597826086956524 0.0364963503649635 0.059782608695652176
1 0.8704379562043796 0.35597826086956524 0.06204379562043796 0.16847826086956522
1 0.9251824817518248 0.3641304347826087 0.06204379562043796 0.10869565217391304
1 0.9799270072992701 0.41032608695652173 0.032846715328467155 0.07065217391304347
1 0.9324817518248175 0.20652173913043478 0.12773722627737227 0.41304347826086957
1 0.6624087591240876 0.07880434782608696 0.08394160583941605 0.15760869565217392
1 0.6368613138686131 0.1766304347826087 0.08394160583941605 0.16847826086956522
1 0.572992700729927 0.051630434782608696 0.10218978102189781 0.10326086956521739
1 0.5383211678832117 0.15217391304347827 0.12043795620437957 0.14130434782608695
1 0.7572992700729927 0.12228260869565218 0.12773722627737227 0.1793478260869565
1 0.822992700729927 0.24456521739130435 0.07664233576642336 0.14130434782608695
1 0.458029197080292 0.10869565217391304 0.09124087591240876 0.18478260869565216
1 0.48175182481751827 0.04076086956521739 0.058394160583941604 0.08152173913043478
1 0.34124087591240876 0.3858695652173913 0.14233576642335766 0.42391304347826086
1 0.40693430656934304 0.6739130434782609 0.13503649635036497 0.21739130434782608
1 0.43613138686131386 0.5353260869565217 0.08394160583941605 0.16847826086956522
1 0.36313868613138683 0.6277173913043478 0.08394160583941605 0.08152173913043478
1 0.28832116788321166 0.7717391304347826 0.10218978102189781 0.20652173913043478
1 0.33394160583941607 0.8532608695652174 0.11313868613138686 0.17391304347826086
1 0.24087591240875914 0.8804347826086957 0.06569343065693431 0.07608695652173914
1 0.177007299270073 0.8179347826086957 0.07664233576642336 0.10326086956521739
1 0.23905109489051096 0.7554347826086957 0.06204379562043796 0.07608695652173914
1 0.2755474452554745 0.6385869565217391 0.06934306569343066 0.1358695652173913
1 0.21897810218978103 0.6739130434782609 0.072992700729927 0.09782608695652174
1 0.19343065693430658 0.6440217391304348 0.043795620437956206 0.07065217391304347
1 0.10583941605839416 0.782608695652174 0.08029197080291971 0.11956521739130435
1 0.051094890510948905 0.6657608695652174 0.10218978102189781 0.2554347826086957
1 0.14051094890510948 0.654891304347826 0.09124087591240876 0.21195652173913043
1 0.13503649635036497 0.5244565217391305 0.24817518248175183 0.21195652173913043
1 0.1386861313868613 0.34782608695652173 0.16058394160583941 0.1956521739130435
1 0.032846715328467155 0.42934782608695654 0.06569343065693431 0.34782608695652173
1 0.05656934306569343 0.07880434782608696 0.11313868613138686 0.15760869565217392
1 0.12956204379562045 0.14402173913043478 0.05474452554744526 0.08152173913043478
1 0.17883211678832117 0.1358695652173913 0.0364963503649635 0.043478260869565216
1 0.21715328467153286 0.125 0.040145985401459854 0.06521739130434782
1 0.25364963503649635 0.08695652173913043 0.032846715328467155 0.043478260869565216
1 0.291970802919708 0.12228260869565218 0.1678832116788321 0.125
1 0.3978102189781022 0.15217391304347827 0.043795620437956206 0.07608695652173914
1 0.33211678832116787 0.19293478260869565 0.0948905109489051 0.16847826086956522
1 0.2645985401459854 0.2554347826086957 0.04744525547445255 0.18478260869565216
1 0.23722627737226276 0.296195652173913 0.10218978102189781 0.03804347826086957
1 0.2518248175182482 0.36141304347826086 0.058394160583941604 0.04891304347826087
1 0.39233576642335766 0.07065217391304347 0.06204379562043796 0.07608695652173914
1 0.41058394160583944 0.016304347826086956 0.07664233576642336 0.03260869565217391
1 0.33394160583941607 0.04619565217391304 0.12773722627737227 0.059782608695652176
1 0.26094890510948904 0.03260869565217391 0.05474452554744526 0.06521739130434782
1 0.29927007299270075 0.01358695652173913 0.0364963503649635 0.02717391304347826
1 0.22627737226277372 0.05434782608695652 0.051094890510948905 0.06521739130434782
1 0.18065693430656934 0.09239130434782608 0.040145985401459854 0.05434782608695652
1 0.19525547445255476 0.03260869565217391 0.04744525547445255 0.06521739130434782
1 0.21897810218978103 0.010869565217391304 0.0364963503649635 0.021739130434782608
1 0.145985401459854 0.04619565217391304 0.043795620437956206 0.08152173913043478
1 0.1386861313868613 0.09782608695652174 0.043795620437956206 0.05434782608695652
1 0.13138686131386862 0.016304347826086956 0.043795620437956206 0.03260869565217391