1 0.15454545454545454 0.5765027322404371 0.21454545454545454 0.2896174863387978
1 0.3618181818181818 0.6229508196721312 0.21454545454545454 0.20765027322404372
1 0.58 0.5027322404371585 0.2872727272727273 0.4371584699453552
1 0.8109090909090909 0.47540983606557374 0.3709090909090909 0.9508196721311475
1 0.3054545454545455 0.3333333333333333 0.610909090909091 0.3825136612021858
1 0.06 0.6174863387978142 0.12 0.20765027322404372
1 0.16727272727272727 0.2923497267759563 0.23272727272727273 0.14754098360655737
1 0.2909090909090909 0.1912568306010929 0.16727272727272727 0.20765027322404372
1 0.4636363636363636 0.12021857923497267 0.36 0.24043715846994534
1 0.21636363636363637 0.1366120218579235 0.2 0.25136612021857924
1 0.6981818181818182 0.1557377049180328 0.21818181818181817 0.3114754098360656
1 0.7890909090909091 0.04918032786885246 0.24727272727272728 0.09836065573770492
1 0.14 0.1448087431693989 0.28 0.2896174863387978
1 0.36727272727272725 0.4781420765027322 0.16 0.15846994535519127