1 0.825 0.6974358974358974 0.3416666666666667 0.4307692307692308
1 0.8041666666666667 0.4128205128205128 0.20833333333333334 0.21025641025641026
1 0.5604166666666667 0.4641025641025641 0.32083333333333336 0.38461538461538464
1 0.51875 0.7666666666666667 0.3375 0.2923076923076923
1 0.8166666666666667 0.16923076923076924 0.30833333333333335 0.28717948717948716
1 0.6833333333333333 0.25384615384615383 0.25833333333333336 0.16923076923076924
1 0.5166666666666667 0.22564102564102564 0.14166666666666666 0.15384615384615385
1 0.32916666666666666 0.36153846153846153 0.175 0.2
1 0.275 0.5974358974358974 0.2833333333333333 0.3333333333333333
1 0.1375 0.3923076923076923 0.21666666666666667 0.28205128205128205
1 0.075 0.5820512820512821 0.15 0.28205128205128205
1 0.2833333333333333 0.8179487179487179 0.5666666666666667 0.18974358974358974
1 0.3 0.24358974358974358 0.30833333333333335 0.24102564102564103
1 0.45208333333333334 0.11794871794871795 0.1125 0.15384615384615385
1 0.5458333333333333 0.09743589743589744 0.05 0.11282051282051282
1 0.6020833333333333 0.11282051282051282 0.10416666666666667 0.14358974358974358
1 0.6333333333333333 0.09230769230769231 0.3416666666666667 0.18461538461538463
1 0.30625 0.2230769230769231 0.6125 0.4461538461538462
1 0.12916666666666668 0.15384615384615385 0.05 0.06153846153846154
1 0.2125 0.08461538461538462 0.14166666666666666 0.11794871794871795
1 0.2708333333333333 0.035897435897435895 0.075 0.07179487179487179
1 0.07291666666666667 0.14102564102564102 0.09583333333333334 0.14871794871794872