1 0.918918918918919 0.9304123711340206 0.10810810810810811 0.12886597938144329
1 0.9633204633204633 0.8762886597938144 0.06563706563706563 0.17525773195876287
1 0.915057915057915 0.7525773195876289 0.13127413127413126 0.18556701030927836
1 0.9517374517374517 0.6752577319587629 0.0888030888030888 0.13402061855670103
1 0.971042471042471 0.595360824742268 0.05019305019305019 0.03608247422680412
1 0.9652509652509652 0.5567010309278351 0.06177606177606178 0.061855670103092786
1 0.9845559845559846 0.5128865979381443 0.023166023166023165 0.04639175257731959
1 0.9652509652509652 0.49226804123711343 0.03861003861003861 0.04639175257731959
1 0.9864864864864865 0.48195876288659795 0.019305019305019305 0.03608247422680412
1 0.9343629343629344 0.5283505154639175 0.05405405405405406 0.05670103092783505
1 0.9517374517374517 0.44072164948453607 0.0888030888030888 0.12886597938144329
1 0.8571428571428571 0.5515463917525774 0.03861003861003861 0.041237113402061855
1 0.833976833976834 0.5927835051546392 0.03861003861003861 0.05154639175257732
1 0.9015444015444015 0.6030927835051546 0.11196911196911197 0.12371134020618557
1 0.8108108108108109 0.6855670103092784 0.14671814671814673 0.13402061855670103
1 0.7335907335907336 0.7448453608247423 0.14671814671814673 0.13917525773195877
1 0.6293436293436293 0.8273195876288659 0.12355212355212356 0.15979381443298968
1 0.7027027027027027 0.8943298969072165 0.12355212355212356 0.17010309278350516
1 0.806949806949807 0.9278350515463918 0.138996138996139 0.13402061855670103
1 0.527027027027027 0.8298969072164949 0.07335907335907337 0.10309278350515463
1 0.4749034749034749 0.7835051546391752 0.07722007722007722 0.1134020618556701
1 0.416988416988417 0.75 0.0694980694980695 0.08762886597938144
1 0.3783783783783784 0.7345360824742269 0.05405405405405406 0.07731958762886598
1 0.5656370656370656 0.729381443298969 0.1969111969111969 0.0979381443298969
1 0.6081081081081081 0.6675257731958762 0.17374517374517376 0.06701030927835051
1 0.6814671814671814 0.6391752577319587 0.11969111969111969 0.07216494845360824
1 0.7451737451737451 0.595360824742268 0.13127413127413126 0.04639175257731959
1 0.8455598455598455 0.5438144329896907 0.10038610038610038 0.08762886597938144
1 0.4555984555984556 0.8943298969072165 0.023166023166023165 0.02577319587628866
1 0.4691119691119691 0.9201030927835051 0.011583011583011582 0.03608247422680412
1 0.48841698841698844 0.9278350515463918 0.02702702702702703 0.041237113402061855
1 0.5154440154440154 0.9407216494845361 0.019305019305019305 0.02577319587628866
1 0.5482625482625483 0.9639175257731959 0.03861003861003861 0.030927835051546393
1 0.5714285714285714 0.9768041237113402 0.023166023166023165 0.02577319587628866
1 0.5424710424710425 0.9871134020618557 0.03474903474903475 0.015463917525773196
1 0.5038610038610039 0.979381443298969 0.03474903474903475 0.030927835051546393
1 0.5057915057915058 0.9664948453608248 0.04633204633204633 0.02577319587628866
1 0.4555984555984556 0.9845360824742269 0.03861003861003861 0.020618556701030927
1 0.4498069498069498 0.9587628865979382 0.02702702702702703 0.030927835051546393
1 0.4768339768339768 0.9690721649484536 0.02702702702702703 0.041237113402061855
1 0.44594594594594594 0.9175257731958762 0.02702702702702703 0.041237113402061855
1 0.42084942084942084 0.9149484536082474 0.015444015444015444 0.03608247422680412
1 0.42084942084942084 0.9587628865979382 0.03088803088803089 0.041237113402061855
1 0.38996138996138996 0.9407216494845361 0.023166023166023165 0.03608247422680412
1 0.3745173745173745 0.9664948453608248 0.015444015444015444 0.02577319587628866
1 0.3938223938223938 0.9819587628865979 0.03088803088803089 0.02577319587628866
1 0.4189189189189189 0.9845360824742269 0.03474903474903475 0.020618556701030927
1 0.3590733590733591 0.9819587628865979 0.015444015444015444 0.015463917525773196
1 0.33976833976833976 0.9871134020618557 0.023166023166023165 0.015463917525773196
1 0.04826254826254826 0.9845360824742269 0.02702702702702703 0.020618556701030927
1 0.09652509652509653 0.9896907216494846 0.015444015444015444 0.010309278350515464
1 0.11583011583011583 0.9768041237113402 0.015444015444015444 0.03608247422680412
1 0.13513513513513514 0.979381443298969 0.023166023166023165 0.030927835051546393
1 0.14478764478764478 0.9536082474226805 0.02702702702702703 0.030927835051546393
1 0.1640926640926641 0.9768041237113402 0.02702702702702703 0.03608247422680412
1 0.18725868725868725 0.979381443298969 0.02702702702702703 0.030927835051546393
1 0.21042471042471042 0.9845360824742269 0.04247104247104247 0.020618556701030927
1 0.24517374517374518 0.9819587628865979 0.019305019305019305 0.02577319587628866
1 0.26833976833976836 0.9845360824742269 0.019305019305019305 0.020618556701030927
1 0.2876447876447876 0.9768041237113402 0.02702702702702703 0.03608247422680412
1 0.3108108108108108 0.9664948453608248 0.02702702702702703 0.03608247422680412
1 0.3301158301158301 0.9664948453608248 0.019305019305019305 0.03608247422680412
1 0.31467181467181465 0.9329896907216495 0.02702702702702703 0.030927835051546393
1 0.3359073359073359 0.9278350515463918 0.03088803088803089 0.041237113402061855
1 0.361003861003861 0.9226804123711341 0.03474903474903475 0.041237113402061855
1 0.33976833976833976 0.8969072164948454 0.03088803088803089 0.041237113402061855
1 0.3590733590733591 0.9020618556701031 0.015444015444015444 0.030927835051546393
1 0.3764478764478765 0.9097938144329897 0.019305019305019305 0.04639175257731959
1 0.38996138996138996 0.884020618556701 0.03861003861003861 0.03608247422680412
1 0.3996138996138996 0.8711340206185567 0.02702702702702703 0.030927835051546393
1 0.3745173745173745 0.8556701030927835 0.03088803088803089 0.020618556701030927
1 0.3416988416988417 0.8376288659793815 0.019305019305019305 0.03608247422680412
1 0.3204633204633205 0.8634020618556701 0.03088803088803089 0.03608247422680412
1 0.2915057915057915 0.8479381443298969 0.03474903474903475 0.03608247422680412
1 0.26640926640926643 0.865979381443299 0.03088803088803089 0.041237113402061855
1 0.24517374517374518 0.8943298969072165 0.03474903474903475 0.03608247422680412
1 0.21042471042471042 0.8994845360824743 0.02702702702702703 0.03608247422680412
1 0.1718146718146718 0.9201030927835051 0.03474903474903475 0.02577319587628866
1 0.1891891891891892 0.9329896907216495 0.015444015444015444 0.020618556701030927
1 0.19884169884169883 0.9561855670103093 0.04247104247104247 0.03608247422680412
1 0.22586872586872586 0.9432989690721649 0.05019305019305019 0.05154639175257732
1 0.2606177606177606 0.9175257731958762 0.03474903474903475 0.05154639175257732
1 0.9575289575289575 0.07216494845360824 0.07722007722007722 0.05154639175257732
1 0.9652509652509652 0.1211340206185567 0.06177606177606178 0.07731958762886598
1 0.9652509652509652 0.17010309278350516 0.06177606177606178 0.041237113402061855
1 0.9034749034749034 0.11082474226804123 0.09266409266409266 0.07731958762886598
1 0.9073359073359073 0.15463917525773196 0.0694980694980695 0.05154639175257732
1 0.8783783783783784 0.05670103092783505 0.11969111969111969 0.05154639175257732
1 0.8281853281853282 0.0979381443298969 0.07335907335907337 0.09278350515463918
1 0.7799227799227799 0.09278350515463918 0.07722007722007722 0.12371134020618557
1 0.7046332046332047 0.03865979381443299 0.0888030888030888 0.07731958762886598
1 0.6196911196911197 0.03608247422680412 0.09652509652509653 0.07216494845360824
1 0.5424710424710425 0.030927835051546393 0.06563706563706563 0.061855670103092786
1 0.7972972972972973 0.015463917525773196 0.0888030888030888 0.030927835051546393
1 0.8841698841698842 0.04381443298969072 0.10810810810810811 0.08762886597938144
1 0.9633204633204633 0.041237113402061855 0.06563706563706563 0.08247422680412371
1 0.04054054054054054 0.07989690721649484 0.019305019305019305 0.015463917525773196
1 0.025096525096525095 0.08762886597938144 0.02702702702702703 0.041237113402061855
1 0.005791505791505791 0.08762886597938144 0.011583011583011582 0.030927835051546393
1 0.025096525096525095 0.11082474226804123 0.02702702702702703 0.02577319587628866
1 0.05019305019305019 0.10051546391752578 0.03088803088803089 0.03608247422680412
1 0.07528957528957529 0.11082474226804123 0.02702702702702703 0.03608247422680412
1 0.11003861003861004 0.11855670103092783 0.019305019305019305 0.020618556701030927
1 0.13127413127413126 0.12886597938144329 0.03088803088803089 0.030927835051546393
1 0.10617760617760617 0.15979381443298968 0.019305019305019305 0.030927835051546393
1 0.15637065637065636 0.13917525773195877 0.019305019305019305 0.010309278350515464
1 0.06563706563706563 0.16752577319587628 0.023166023166023165 0.03608247422680412
1 0.09073359073359073 0.16237113402061856 0.02702702702702703 0.03608247422680412
1 0.03088803088803089 0.13659793814432988 0.023166023166023165 0.015463917525773196
1 0.04247104247104247 0.14948453608247422 0.023166023166023165 0.05154639175257732
1 0.04633204633204633 0.17783505154639176 0.023166023166023165 0.03608247422680412
1 0.02895752895752896 0.19329896907216496 0.02702702702702703 0.02577319587628866
1 0.02702702702702703 0.16494845360824742 0.03861003861003861 0.05154639175257732
1 0.007722007722007722 0.20618556701030927 0.015444015444015444 0.041237113402061855
1 0.003861003861003861 0.16494845360824742 0.007722007722007722 0.020618556701030927
1 0.009652509652509652 0.13402061855670103 0.019305019305019305 0.05154639175257732
1 0.6447876447876448 0.07216494845360824 0.0694980694980695 0.041237113402061855
1 0.6795366795366795 0.08505154639175258 0.09266409266409266 0.015463917525773196
1 0.6544401544401545 0.09536082474226804 0.04247104247104247 0.02577319587628866
1 0.7142857142857143 0.0979381443298969 0.05405405405405406 0.061855670103092786
1 0.7104247104247104 0.14175257731958762 0.09266409266409266 0.02577319587628866
1 0.667953667953668 0.11855670103092783 0.04633204633204633 0.041237113402061855
1 0.6235521235521235 0.12886597938144329 0.05019305019305019 0.030927835051546393
1 0.5888030888030888 0.15721649484536082 0.09652509652509653 0.03608247422680412
1 0.5752895752895753 0.17268041237113402 0.03861003861003861 0.02577319587628866
1 0.0444015444015444 0.8479381443298969 0.0888030888030888 0.20103092783505155
1 0.13706563706563707 0.8092783505154639 0.09652509652509653 0.18556701030927836
1 0.21428571428571427 0.7371134020618557 0.10424710424710425 0.09278350515463918
1 0.11776061776061776 0.6185567010309279 0.08108108108108109 0.10309278350515463
1 0.07335907335907337 0.6623711340206185 0.09266409266409266 0.11855670103092783
1 0.04054054054054054 0.6907216494845361 0.08108108108108109 0.1134020618556701
1 0.34555984555984554 0.7036082474226805 0.04247104247104247 0.06701030927835051
1 0.4015444015444015 0.6804123711340206 0.05405405405405406 0.08247422680412371
1 0.4247104247104247 0.6314432989690721 0.06177606177606178 0.06701030927835051
1 0.4671814671814672 0.6108247422680413 0.03861003861003861 0.05670103092783505
1 0.5057915057915058 0.5644329896907216 0.05405405405405406 0.06701030927835051
1 0.5231660231660231 0.5309278350515464 0.04247104247104247 0.07216494845360824
1 0.5598455598455598 0.48195876288659795 0.04633204633204633 0.06701030927835051
1 0.5733590733590733 0.4329896907216495 0.04247104247104247 0.05154639175257732
1 0.525096525096525 0.43041237113402064 0.05405405405405406 0.06701030927835051
1 0.5038610038610039 0.4639175257731959 0.05019305019305019 0.061855670103092786
1 0.47104247104247104 0.520618556701031 0.05405405405405406 0.08247422680412371
1 0.42084942084942084 0.5695876288659794 0.05405405405405406 0.04639175257731959
1 0.3783783783783784 0.595360824742268 0.05405405405405406 0.07731958762886598
1 0.35135135135135137 0.6391752577319587 0.05405405405405406 0.05154639175257732
1 0.333976833976834 0.595360824742268 0.02702702702702703 0.04639175257731959
1 0.37065637065637064 0.5515463917525774 0.04633204633204633 0.041237113402061855
1 0.41505791505791506 0.5128865979381443 0.05019305019305019 0.06701030927835051
1 0.45366795366795365 0.45618556701030927 0.05791505791505792 0.05670103092783505
1 0.4980694980694981 0.38144329896907214 0.06177606177606178 0.07216494845360824
1 0.305019305019305 0.6365979381443299 0.04633204633204633 0.06701030927835051
1 0.25868725868725867 0.634020618556701 0.07722007722007722 0.08247422680412371
1 0.2799227799227799 0.5979381443298969 0.05019305019305019 0.030927835051546393
1 0.3185328185328185 0.5721649484536082 0.04247104247104247 0.030927835051546393
1 0.3416988416988417 0.5335051546391752 0.04247104247104247 0.04639175257731959
1 0.3803088803088803 0.49742268041237114 0.05019305019305019 0.04639175257731959
1 0.39575289575289574 0.44072164948453607 0.05019305019305019 0.05670103092783505
1 0.43822393822393824 0.4072164948453608 0.06563706563706563 0.07216494845360824
1 0.4498069498069498 0.36597938144329895 0.04247104247104247 0.030927835051546393
1 0.4034749034749035 0.3788659793814433 0.05791505791505792 0.06701030927835051
1 0.37258687258687256 0.3582474226804124 0.04247104247104247 0.04639175257731959
1 0.3552123552123552 0.41494845360824745 0.03861003861003861 0.06701030927835051
1 0.34555984555984554 0.4793814432989691 0.04247104247104247 0.05154639175257732
1 0.2972972972972973 0.5154639175257731 0.05405405405405406 0.061855670103092786
1 0.2722007722007722 0.5618556701030928 0.05791505791505792 0.061855670103092786
1 0.23745173745173745 0.6056701030927835 0.04247104247104247 0.02577319587628866
1 0.21428571428571427 0.5592783505154639 0.05791505791505792 0.07731958762886598
1 0.24903474903474904 0.5103092783505154 0.05019305019305019 0.061855670103092786
1 0.30694980694980695 0.4587628865979381 0.05019305019305019 0.061855670103092786
1 0.32432432432432434 0.4020618556701031 0.03861003861003861 0.05154639175257732
1 0.3474903474903475 0.3479381443298969 0.03088803088803089 0.05670103092783505
1 0.30115830115830117 0.4020618556701031 0.03861003861003861 0.05154639175257732
1 0.2606177606177606 0.4536082474226804 0.04247104247104247 0.05154639175257732
1 0.21814671814671815 0.4742268041237113 0.04247104247104247 0.041237113402061855
1 0.1776061776061776 0.5257731958762887 0.03861003861003861 0.041237113402061855
1 0.2084942084942085 0.5025773195876289 0.04633204633204633 0.05670103092783505
1 0.611969111969112 0.4845360824742268 0.05791505791505792 0.05154639175257732
1 0.6138996138996139 0.4484536082474227 0.03861003861003861 0.020618556701030927
1 0.6583011583011583 0.4690721649484536 0.05019305019305019 0.05154639175257732
1 0.6872586872586872 0.4484536082474227 0.04633204633204633 0.061855670103092786
1 0.7162162162162162 0.44329896907216493 0.04247104247104247 0.05154639175257732
1 0.7335907335907336 0.4329896907216495 0.03861003861003861 0.061855670103092786
1 0.7567567567567568 0.41237113402061853 0.03088803088803089 0.061855670103092786
1 0.7741312741312741 0.41237113402061853 0.02702702702702703 0.05154639175257732
1 0.7953667953667953 0.4072164948453608 0.03861003861003861 0.061855670103092786
1 0.8108108108108109 0.3788659793814433 0.03861003861003861 0.04639175257731959
1 0.7760617760617761 0.3582474226804124 0.03861003861003861 0.03608247422680412
1 0.7432432432432432 0.3324742268041237 0.05019305019305019 0.03608247422680412
1 0.7393822393822393 0.3711340206185567 0.04247104247104247 0.030927835051546393
1 0.7104247104247104 0.38917525773195877 0.03861003861003861 0.04639175257731959
1 0.7104247104247104 0.33762886597938147 0.03861003861003861 0.03608247422680412
1 0.7007722007722008 0.2963917525773196 0.05019305019305019 0.04639175257731959
1 0.6776061776061776 0.3170103092783505 0.03474903474903475 0.02577319587628866
1 0.6756756756756757 0.3427835051546392 0.03861003861003861 0.02577319587628866
1 0.6718146718146718 0.38917525773195877 0.04633204633204633 0.06701030927835051
1 0.6293436293436293 0.4329896907216495 0.05405405405405406 0.05154639175257732
1 0.9227799227799228 0.20103092783505155 0.07722007722007722 0.030927835051546393
1 0.9420849420849421 0.2268041237113402 0.10038610038610038 0.05154639175257732
1 0.9652509652509652 0.2422680412371134 0.06177606177606178 0.07216494845360824
1 0.971042471042471 0.27319587628865977 0.05019305019305019 0.041237113402061855
1 0.972972972972973 0.29896907216494845 0.04633204633204633 0.030927835051546393
1 0.9652509652509652 0.33505154639175255 0.06177606177606178 0.041237113402061855
1 0.9536679536679536 0.3634020618556701 0.08494208494208494 0.04639175257731959
1 0.9247104247104247 0.34536082474226804 0.06563706563706563 0.061855670103092786
1 0.888030888030888 0.3943298969072165 0.04633204633204633 0.03608247422680412
1 0.8725868725868726 0.3711340206185567 0.04633204633204633 0.030927835051546393
1 0.9015444015444015 0.3170103092783505 0.05791505791505792 0.06701030927835051
1 0.9034749034749034 0.2912371134020619 0.06177606177606178 0.05670103092783505
1 0.8378378378378378 0.35051546391752575 0.07722007722007722 0.05154639175257732
1 0.8474903474903475 0.30412371134020616 0.05791505791505792 0.041237113402061855
1 0.8764478764478765 0.2654639175257732 0.0694980694980695 0.03608247422680412
1 0.8571428571428571 0.23195876288659795 0.0694980694980695 0.041237113402061855
1 0.8185328185328186 0.27835051546391754 0.03861003861003861 0.041237113402061855
1 0.7915057915057915 0.30670103092783507 0.03861003861003861 0.04639175257731959
1 0.7644787644787645 0.2912371134020619 0.03088803088803089 0.03608247422680412
1 0.7355212355212355 0.2963917525773196 0.019305019305019305 0.015463917525773196
1 0.6351351351351351 0.37628865979381443 0.05019305019305019 0.061855670103092786
1 0.5907335907335908 0.3917525773195876 0.04633204633204633 0.05154639175257732
1 0.6003861003861004 0.36855670103092786 0.02702702702702703 0.015463917525773196
1 0.611969111969112 0.3402061855670103 0.03474903474903475 0.041237113402061855
1 0.638996138996139 0.3118556701030928 0.04247104247104247 0.02577319587628866
1 0.6544401544401545 0.2912371134020619 0.02702702702702703 0.02577319587628866
1 0.6293436293436293 0.2963917525773196 0.03088803088803089 0.02577319587628866
1 0.6216216216216216 0.2654639175257732 0.03088803088803089 0.02577319587628866
1 0.5965250965250966 0.2912371134020619 0.03474903474903475 0.03608247422680412
1 0.5868725868725869 0.32216494845360827 0.03861003861003861 0.02577319587628866
1 0.5791505791505791 0.30670103092783507 0.03861003861003861 0.02577319587628866
1 0.5521235521235521 0.32989690721649484 0.023166023166023165 0.020618556701030927
1 0.5694980694980695 0.3556701030927835 0.03474903474903475 0.030927835051546393
1 0.5444015444015444 0.37371134020618557 0.03861003861003861 0.05670103092783505
1 0.5308880308880309 0.3427835051546392 0.02702702702702703 0.03608247422680412
1 0.6312741312741312 0.22422680412371135 0.08108108108108109 0.07731958762886598
1 0.6833976833976834 0.21391752577319587 0.0694980694980695 0.04639175257731959
1 0.7258687258687259 0.17268041237113402 0.09266409266409266 0.02577319587628866
1 0.7683397683397684 0.18298969072164947 0.09266409266409266 0.06701030927835051
1 0.8378378378378378 0.17268041237113402 0.07722007722007722 0.05670103092783505
1 0.7818532818532818 0.20618556701030927 0.05791505791505792 0.030927835051546393
1 0.7586872586872587 0.2551546391752577 0.06563706563706563 0.04639175257731959
1 0.7200772200772201 0.23969072164948454 0.08108108108108109 0.04639175257731959
1 0.5656370656370656 0.27319587628865977 0.03474903474903475 0.05154639175257732
1 0.5405405405405406 0.27319587628865977 0.023166023166023165 0.030927835051546393
1 0.5501930501930502 0.3015463917525773 0.03474903474903475 0.03608247422680412
1 0.525096525096525 0.31958762886597936 0.03088803088803089 0.041237113402061855
1 0.5096525096525096 0.2912371134020619 0.03088803088803089 0.02577319587628866
1 0.49613899613899615 0.3247422680412371 0.04247104247104247 0.05154639175257732
1 0.4691119691119691 0.32216494845360827 0.019305019305019305 0.02577319587628866
1 0.4517374517374517 0.32989690721649484 0.03088803088803089 0.030927835051546393
1 0.416988416988417 0.3247422680412371 0.023166023166023165 0.030927835051546393
1 0.5308880308880309 0.10051546391752578 0.03474903474903475 0.07731958762886598
1 0.5694980694980695 0.1134020618556701 0.05791505791505792 0.041237113402061855
1 0.5 0.12371134020618557 0.03474903474903475 0.07216494845360824
1 0.48455598455598453 0.15463917525773196 0.03474903474903475 0.030927835051546393
1 0.5038610038610039 0.18041237113402062 0.02702702702702703 0.030927835051546393
1 0.5366795366795367 0.18814432989690721 0.023166023166023165 0.02577319587628866
1 0.5231660231660231 0.2036082474226804 0.02702702702702703 0.02577319587628866
1 0.5405405405405406 0.23711340206185566 0.023166023166023165 0.030927835051546393
1 0.5579150579150579 0.2190721649484536 0.02702702702702703 0.02577319587628866
1 0.5115830115830116 0.2345360824742268 0.02702702702702703 0.02577319587628866
1 0.5077220077220077 0.26804123711340205 0.04247104247104247 0.041237113402061855
1 0.4768339768339768 0.29381443298969073 0.02702702702702703 0.020618556701030927
1 0.4420849420849421 0.28350515463917525 0.03474903474903475 0.05154639175257732
1 0.4575289575289575 0.27319587628865977 0.05019305019305019 0.020618556701030927
1 0.47876447876447875 0.24484536082474226 0.03861003861003861 0.04639175257731959
1 0.4092664092664093 0.2912371134020619 0.03088803088803089 0.02577319587628866
1 0.38803088803088803 0.3170103092783505 0.03474903474903475 0.03608247422680412
1 0.3764478764478765 0.28350515463917525 0.03474903474903475 0.030927835051546393
1 0.4111969111969112 0.25257731958762886 0.04247104247104247 0.061855670103092786
1 0.4498069498069498 0.23711340206185566 0.03474903474903475 0.030927835051546393
1 0.43822393822393824 0.211340206185567 0.03474903474903475 0.030927835051546393
1 0.4691119691119691 0.20103092783505155 0.05019305019305019 0.041237113402061855
1 0.40540540540540543 0.211340206185567 0.05405405405405406 0.041237113402061855
1 0.37065637065637064 0.22164948453608246 0.023166023166023165 0.030927835051546393
1 0.3803088803088803 0.25 0.03474903474903475 0.03608247422680412
1 0.3532818532818533 0.25773195876288657 0.02702702702702703 0.041237113402061855
1 0.34942084942084944 0.2912371134020619 0.04247104247104247 0.03608247422680412
1 0.3127413127413127 0.2912371134020619 0.04633204633204633 0.04639175257731959
1 0.33204633204633205 0.25773195876288657 0.03088803088803089 0.030927835051546393
1 0.2876447876447876 0.3427835051546392 0.05791505791505792 0.06701030927835051
1 0.33204633204633205 0.3247422680412371 0.04633204633204633 0.041237113402061855
1 0.25096525096525096 0.3943298969072165 0.06177606177606178 0.06701030927835051
1 0.24324324324324326 0.3427835051546392 0.04633204633204633 0.05670103092783505
1 0.20270270270270271 0.42010309278350516 0.05019305019305019 0.06701030927835051
1 0.16216216216216217 0.5257731958762887 0.05405405405405406 0.07216494845360824
1 0.16023166023166024 0.43556701030927836 0.04247104247104247 0.05670103092783505
1 0.24903474903474904 0.3427835051546392 0.02702702702702703 0.02577319587628866
1 0.2548262548262548 0.30670103092783507 0.023166023166023165 0.02577319587628866
1 0.23745173745173745 0.3170103092783505 0.02702702702702703 0.03608247422680412
1 0.21621621621621623 0.3170103092783505 0.03088803088803089 0.03608247422680412
1 0.18532818532818532 0.31443298969072164 0.03088803088803089 0.041237113402061855
1 0.1891891891891892 0.3556701030927835 0.03088803088803089 0.020618556701030927
1 0.16602316602316602 0.37371134020618557 0.03861003861003861 0.03608247422680412
1 0.14478764478764478 0.3711340206185567 0.03474903474903475 0.030927835051546393
1 0.12162162162162163 0.3943298969072165 0.03474903474903475 0.04639175257731959
1 0.1583011583011583 0.41494845360824745 0.03861003861003861 0.02577319587628866
1 0.09652509652509653 0.41494845360824745 0.023166023166023165 0.04639175257731959
1 0.09652509652509653 0.4381443298969072 0.03861003861003861 0.030927835051546393
1 0.12355212355212356 0.4381443298969072 0.03088803088803089 0.020618556701030927
1 0.12355212355212356 0.47164948453608246 0.04633204633204633 0.04639175257731959
1 0.07142857142857142 0.4793814432989691 0.03474903474903475 0.030927835051546393
1 0.08108108108108109 0.5025773195876289 0.03088803088803089 0.04639175257731959
1 0.09652509652509653 0.5257731958762887 0.05405405405405406 0.041237113402061855
1 0.05019305019305019 0.45103092783505155 0.05405405405405406 0.04639175257731959
1 0.021235521235521235 0.3711340206185567 0.04247104247104247 0.061855670103092786
1 0.025096525096525095 0.38917525773195877 0.05019305019305019 0.04639175257731959
1 0.06563706563706563 0.40463917525773196 0.07722007722007722 0.06701030927835051
1 0.11196911196911197 0.3479381443298969 0.12355212355212356 0.08762886597938144
1 0.12934362934362933 0.2912371134020619 0.08108108108108109 0.07731958762886598
1 0.017374517374517374 0.24484536082474226 0.03474903474903475 0.04639175257731959
1 0.032818532818532815 0.2757731958762887 0.06563706563706563 0.06701030927835051
1 0.05019305019305019 0.29896907216494845 0.10038610038610038 0.09278350515463918
1 0.08687258687258688 0.19329896907216496 0.07335907335907337 0.02577319587628866
1 0.0694980694980695 0.21649484536082475 0.05405405405405406 0.020618556701030927
1 0.0694980694980695 0.23969072164948454 0.0694980694980695 0.04639175257731959
1 0.12548262548262548 0.22938144329896906 0.06563706563706563 0.03608247422680412
1 0.14864864864864866 0.2603092783505155 0.07335907335907337 0.03608247422680412
1 0.17953667953667954 0.2706185567010309 0.06563706563706563 0.02577319587628866
1 0.23745173745173745 0.2706185567010309 0.07335907335907337 0.03608247422680412
1 0.28957528957528955 0.2422680412371134 0.03861003861003861 0.041237113402061855
1 0.33783783783783783 0.22422680412371135 0.05019305019305019 0.02577319587628866
1 0.2471042471042471 0.10824742268041238 0.03861003861003861 0.030927835051546393
1 0.2722007722007722 0.10309278350515463 0.02702702702702703 0.030927835051546393
1 0.28957528957528955 0.08762886597938144 0.03088803088803089 0.030927835051546393
1 0.32432432432432434 0.04381443298969072 0.03861003861003861 0.03608247422680412
1 0.3552123552123552 0.04896907216494845 0.023166023166023165 0.02577319587628866
1 0.24324324324324326 0.06443298969072164 0.03861003861003861 0.03608247422680412
1 0.277992277992278 0.041237113402061855 0.03088803088803089 0.030927835051546393
1 0.21428571428571427 0.09278350515463918 0.02702702702702703 0.041237113402061855
1 0.19884169884169883 0.10051546391752578 0.003861003861003861 0.02577319587628866
1 0.25096525096525096 0.2654639175257732 0.04633204633204633 0.03608247422680412
1 0.24903474903474904 0.2345360824742268 0.05019305019305019 0.03608247422680412
1 0.28378378378378377 0.21391752577319587 0.03474903474903475 0.03608247422680412
1 0.10810810810810811 0.1958762886597938 0.06177606177606178 0.020618556701030927
1 0.16988416988416988 0.18556701030927836 0.05405405405405406 0.030927835051546393
1 0.22586872586872586 0.18298969072164947 0.05791505791505792 0.04639175257731959
1 0.277992277992278 0.19845360824742267 0.07722007722007722 0.04639175257731959
1 0.2084942084942085 0.22422680412371135 0.06177606177606178 0.05670103092783505
1 0.1640926640926641 0.21649484536082475 0.05791505791505792 0.041237113402061855
1 0.3281853281853282 0.19329896907216496 0.03861003861003861 0.02577319587628866
1 0.333976833976834 0.15206185567010308 0.04247104247104247 0.03608247422680412
1 0.37258687258687256 0.13659793814432988 0.04247104247104247 0.04639175257731959
1 0.38803088803088803 0.17783505154639176 0.06563706563706563 0.04639175257731959
1 0.4247104247104247 0.14175257731958762 0.03861003861003861 0.04639175257731959
1 0.444015444015444 0.16237113402061856 0.03088803088803089 0.04639175257731959
1 0.4555984555984556 0.1211340206185567 0.03861003861003861 0.04639175257731959
1 0.4015444015444015 0.10051546391752578 0.04633204633204633 0.06701030927835051
1 0.46332046332046334 0.06701030927835051 0.06177606177606178 0.05154639175257732
1 0.47104247104247104 0.030927835051546393 0.09266409266409266 0.041237113402061855
1 0.5405405405405406 0.041237113402061855 0.07722007722007722 0.061855670103092786
1 0.6235521235521235 0.03608247422680412 0.10424710424710425 0.05154639175257732
1 0.7200772200772201 0.04381443298969072 0.10424710424710425 0.05670103092783505
1 0.39768339768339767 0.041237113402061855 0.05405405405405406 0.061855670103092786
1 0.22972972972972974 0.04381443298969072 0.04247104247104247 0.04639175257731959
1 0.21235521235521235 0.02577319587628866 0.03088803088803089 0.020618556701030927
1 0.02702702702702703 0.5438144329896907 0.05405405405405406 0.11855670103092783
1 0.03474903474903475 0.5927835051546392 0.0694980694980695 0.12371134020618557
1 0.10038610038610038 0.5747422680412371 0.03861003861003861 0.03608247422680412
1 0.011583011583011582 0.5077319587628866 0.023166023166023165 0.03608247422680412
1 0.013513513513513514 0.45618556701030927 0.02702702702702703 0.06701030927835051