1 0.875 0.7984293193717278 0.24242424242424243 0.25654450261780104
1 0.9261363636363636 0.49476439790575916 0.14015151515151514 0.3507853403141361
1 0.9223484848484849 0.19895287958115182 0.14772727272727273 0.2513089005235602
1 0.8143939393939394 0.39528795811518325 0.3106060606060606 0.39267015706806285
1 0.8503787878787878 0.10471204188481675 0.2916666666666667 0.2094240837696335
1 0.6761363636363636 0.19109947643979058 0.29924242424242425 0.38219895287958117
1 0.44696969696969696 0.31413612565445026 0.7196969696969697 0.450261780104712
1 0.5303030303030303 0.468586387434555 0.6893939393939394 0.4031413612565445
1 0.49242424242424243 0.5052356020942408 0.6515151515151515 0.46596858638743455
1 0.4071969696969697 0.5523560209424084 0.5416666666666666 0.518324607329843
1 0.4431818181818182 0.5471204188481675 0.12121212121212122 0.18324607329842932
1 0.4583333333333333 0.4005235602094241 0.09090909090909091 0.12041884816753927
1 0.3977272727272727 0.42408376963350786 0.07575757575757576 0.14659685863874344
1 0.3181818181818182 0.39528795811518325 0.13636363636363635 0.20418848167539266
1 0.3352272727272727 0.6151832460732984 0.36742424242424243 0.41361256544502617
1 0.14204545454545456 0.387434554973822 0.2159090909090909 0.1256544502617801
1 0.16477272727272727 0.5654450261780105 0.32954545454545453 0.450261780104712
1 0.07954545454545454 0.7591623036649214 0.13636363636363635 0.17801047120418848
1 0.5303030303030303 0.12041884816753927 0.30303030303030304 0.24083769633507854
1 0.3731060606060606 0.1518324607329843 0.056818181818181816 0.13612565445026178
1 0.3371212121212121 0.18324607329842932 0.09848484848484848 0.08376963350785341
1 0.32954545454545453 0.23821989528795812 0.09848484848484848 0.08900523560209424
1 0.2178030303030303 0.14397905759162305 0.0946969696969697 0.13089005235602094
1 0.30492424242424243 0.18586387434554974 0.0946969696969697 0.13089005235602094
1 0.3181818181818182 0.041884816753926704 0.1590909090909091 0.08376963350785341
1 0.3087121212121212 0.08638743455497382 0.14772727272727273 0.09947643979057591
1 0.20643939393939395 0.041884816753926704 0.08712121212121213 0.08376963350785341
1 0.17424242424242425 0.06282722513089005 0.11363636363636363 0.11518324607329843
1 0.06818181818181818 0.10732984293193717 0.13636363636363635 0.1099476439790576
1 0.08901515151515152 0.2643979057591623 0.17803030303030304 0.225130890052356
1 0.058712121212121215 0.09947643979057591 0.11742424242424243 0.1256544502617801
1 0.04924242424242424 0.02617801047120419 0.09848484848484848 0.05235602094240838