1 0.8666666666666667 0.3738095238095238 0.25833333333333336 0.3380952380952381
1 0.8520833333333333 0.48333333333333334 0.1875 0.14761904761904762
1 0.575 0.5404761904761904 0.36666666666666664 0.2619047619047619
1 0.625 0.4119047619047619 0.25833333333333336 0.18571428571428572
1 0.73125 0.6309523809523809 0.5041666666666667 0.2523809523809524
1 0.6416666666666667 0.7857142857142857 0.175 0.17142857142857143
1 0.45208333333333334 0.8095238095238095 0.24583333333333332 0.1619047619047619
1 0.24791666666666667 0.5428571428571428 0.4708333333333333 0.14285714285714285
1 0.14375 0.4738095238095238 0.2625 0.09047619047619047
1 0.3125 0.34285714285714286 0.44166666666666665 0.3142857142857143
1 0.44583333333333336 0.14761904761904762 0.19166666666666668 0.29523809523809524
1 0.6291666666666667 0.319047619047619 0.23333333333333334 0.19047619047619047
1 0.6354166666666666 0.16666666666666666 0.1875 0.24761904761904763
1 0.07083333333333333 0.4023809523809524 0.125 0.11904761904761904
1 0.06666666666666667 0.7071428571428572 0.11666666666666667 0.1761904761904762
1 0.07083333333333333 0.6904761904761905 0.05 0.0380952380952381
1 0.09166666666666666 0.6666666666666666 0.058333333333333334 0.047619047619047616
1 0.12083333333333333 0.7047619047619048 0.041666666666666664 0.0380952380952381
1 0.16458333333333333 0.7095238095238096 0.04583333333333333 0.047619047619047616
1 0.19375 0.7119047619047619 0.04583333333333333 0.05238095238095238
1 0.19166666666666668 0.7380952380952381 0.041666666666666664 0.0380952380952381
1 0.22291666666666668 0.7547619047619047 0.0375 0.05238095238095238
1 0.2375 0.7095238095238096 0.041666666666666664 0.05714285714285714
1 0.26875 0.7452380952380953 0.05416666666666667 0.05238095238095238
1 0.29375 0.6952380952380952 0.05416666666666667 0.0380952380952381
1 0.3125 0.7238095238095238 0.05 0.0380952380952381
1 0.34375 0.6714285714285714 0.0625 0.06666666666666667
1 0.39166666666666666 0.6642857142857143 0.025 0.04285714285714286
1 0.42083333333333334 0.6333333333333333 0.058333333333333334 0.0380952380952381
1 0.4375 0.6595238095238095 0.05 0.03333333333333333
1 0.3729166666666667 0.6166666666666667 0.0375 0.04285714285714286
1 0.32916666666666666 0.6357142857142857 0.058333333333333334 0.05238095238095238
1 0.31666666666666665 0.6023809523809524 0.06666666666666667 0.06190476190476191
1 0.2875 0.6619047619047619 0.041666666666666664 0.0380952380952381
1 0.2604166666666667 0.6166666666666667 0.04583333333333333 0.04285714285714286
1 0.2875 0.6095238095238096 0.041666666666666664 0.0380952380952381
1 0.24791666666666667 0.6642857142857143 0.0375 0.04285714285714286
1 0.18958333333333333 0.6642857142857143 0.04583333333333333 0.05238095238095238
1 0.22291666666666668 0.6547619047619048 0.0375 0.05238095238095238
1 0.21458333333333332 0.6166666666666667 0.0375 0.03333333333333333
1 0.20416666666666666 0.5976190476190476 0.041666666666666664 0.023809523809523808
1 0.22708333333333333 0.5857142857142857 0.0375 0.02857142857142857
1 0.26666666666666666 0.580952380952381 0.03333333333333333 0.01904761904761905
1 0.16875 0.6238095238095238 0.04583333333333333 0.047619047619047616
1 0.14791666666666667 0.669047619047619 0.029166666666666667 0.03333333333333333
1 0.1125 0.6666666666666666 0.041666666666666664 0.047619047619047616