1 0.27606177606177607 0.7087628865979382 0.3281853281853282 0.4793814432989691
1 0.3841698841698842 0.6520618556701031 0.28957528957528955 0.5412371134020618
1 0.48841698841698844 0.6134020618556701 0.28185328185328185 0.5154639175257731
1 0.5598455598455598 0.5850515463917526 0.23938223938223938 0.4484536082474227
1 0.693050193050193 0.6134020618556701 0.38996138996138996 0.26804123711340205
1 0.7355212355212355 0.43556701030927836 0.42857142857142855 0.2422680412371134
1 0.7142857142857143 0.29896907216494845 0.37065637065637064 0.23711340206185566
1 0.6544401544401545 0.2190721649484536 0.24324324324324326 0.29381443298969073
1 0.5752895752895753 0.17525773195876287 0.16216216216216217 0.35051546391752575
1 0.3108108108108108 0.24484536082474226 0.3745173745173745 0.37628865979381443
1 0.28957528957528955 0.4097938144329897 0.43243243243243246 0.27319587628865977
1 0.4111969111969112 0.25 0.20463320463320464 0.15979381443298968
1 0.23745173745173745 0.2190721649484536 0.2972972972972973 0.33505154639175255
1 0.3108108108108108 0.17783505154639176 0.3359073359073359 0.23195876288659795