1 0.6183333333333333 0.3898809523809524 0.13666666666666666 0.08928571428571429
1 0.6066666666666667 0.33035714285714285 0.11333333333333333 0.05357142857142857
1 0.5483333333333333 0.31547619047619047 0.07666666666666666 0.09523809523809523
1 0.5266666666666666 0.40476190476190477 0.06666666666666667 0.09523809523809523
1 0.46166666666666667 0.30654761904761907 0.06333333333333334 0.08928571428571429
1 0.38666666666666666 0.33035714285714285 0.10666666666666667 0.07738095238095238
1 0.37166666666666665 0.3898809523809524 0.11 0.06547619047619048
1 0.43 0.3958333333333333 0.08 0.07738095238095238
1 0.355 0.4375 0.043333333333333335 0.05357142857142857
1 0.37166666666666665 0.48214285714285715 0.056666666666666664 0.08333333333333333
1 0.43 0.49702380952380953 0.05333333333333334 0.07738095238095238
1 0.49833333333333335 0.5029761904761905 0.05 0.08928571428571429
1 0.295 0.6041666666666666 0.043333333333333335 0.08928571428571429
1 0.275 0.4494047619047619 0.06333333333333334 0.07738095238095238
1 0.3016666666666667 0.36904761904761907 0.05 0.05952380952380952
1 0.21666666666666667 0.5327380952380952 0.06 0.05357142857142857
1 0.19666666666666666 0.5952380952380952 0.05333333333333334 0.047619047619047616
1 0.21333333333333335 0.6101190476190477 0.06 0.05357142857142857
1 0.25166666666666665 0.6607142857142857 0.06333333333333334 0.05952380952380952
1 0.5466666666666666 0.6666666666666666 0.03333333333333333 0.03571428571428571
1 0.65 0.6636904761904762 0.04666666666666667 0.06547619047619048
1 0.68 0.7053571428571429 0.04666666666666667 0.05357142857142857
1 0.7416666666666667 0.6815476190476191 0.06333333333333334 0.05357142857142857
1 0.7733333333333333 0.6309523809523809 0.05333333333333334 0.07142857142857142
1 0.775 0.5684523809523809 0.043333333333333335 0.05357142857142857
1 0.7516666666666667 0.5029761904761905 0.03 0.06547619047619048
1 0.66 0.5 0.05333333333333334 0.08333333333333333
1 0.61 0.49404761904761907 0.04 0.08333333333333333
1 0.6916666666666667 0.4107142857142857 0.03666666666666667 0.07142857142857142
1 0.4866666666666667 0.3869047619047619 0.02666666666666667 0.05952380952380952
1 0.505 0.30952380952380953 0.043333333333333335 0.03571428571428571
1 0.48833333333333334 0.5148809523809523 0.6233333333333333 0.49404761904761907