1 0.8362068965517241 0.8908045977011494 0.32068965517241377 0.20689655172413793
1 0.8362068965517241 0.7068965517241379 0.32068965517241377 0.27586206896551724
1 0.7982758620689655 0.46264367816091956 0.28620689655172415 0.25862068965517243
1 0.9655172413793104 0.5459770114942529 0.06206896551724138 0.19540229885057472
1 0.9534482758620689 0.40229885057471265 0.08620689655172414 0.14942528735632185
1 0.9431034482758621 0.2672413793103448 0.10689655172413794 0.23563218390804597
1 0.7793103448275862 0.28735632183908044 0.2620689655172414 0.21839080459770116
1 0.7448275862068966 0.11206896551724138 0.2620689655172414 0.20114942528735633
1 0.6982758620689655 0.2413793103448276 0.1 0.10344827586206896
1 0.9344827586206896 0.10632183908045977 0.12413793103448276 0.20114942528735633
1 0.906896551724138 0.04597701149425287 0.12413793103448276 0.09195402298850575
1 0.6672413793103448 0.04597701149425287 0.13448275862068965 0.09195402298850575
1 0.5258620689655172 0.10344827586206896 0.20344827586206896 0.1839080459770115
1 0.5293103448275862 0.23563218390804597 0.24482758620689654 0.19540229885057472
1 0.5241379310344828 0.3879310344827586 0.31724137931034485 0.22413793103448276
1 0.49137931034482757 0.6609195402298851 0.39655172413793105 0.367816091954023
1 0.46551724137931033 0.8362068965517241 0.4206896551724138 0.3160919540229885
1 0.19827586206896552 0.9252873563218391 0.25862068965517243 0.13793103448275862
1 0.1896551724137931 0.7040229885057471 0.2413793103448276 0.3735632183908046
1 0.2672413793103448 0.3764367816091954 0.21724137931034482 0.29310344827586204
1 0.30344827586206896 0.19827586206896552 0.2413793103448276 0.2471264367816092
1 0.32413793103448274 0.06321839080459771 0.23448275862068965 0.12643678160919541
1 0.10344827586206896 0.07471264367816093 0.20689655172413793 0.14942528735632185
1 0.10689655172413794 0.22701149425287356 0.21379310344827587 0.23563218390804597
1 0.08103448275862069 0.4166666666666667 0.16206896551724137 0.3275862068965517
1 0.041379310344827586 0.6408045977011494 0.08275862068965517 0.3275862068965517
1 0.03793103448275862 0.8735632183908046 0.07586206896551724 0.2413793103448276