1 0.6036363636363636 0.30327868852459017 0.20363636363636364 0.23497267759562843
1 0.40545454545454546 0.3114754098360656 0.28 0.30601092896174864
1 0.24727272727272728 0.30327868852459017 0.04363636363636364 0.060109289617486336
1 0.2509090909090909 0.3469945355191257 0.04363636363636364 0.060109289617486336
1 0.28909090909090907 0.3633879781420765 0.04 0.04918032786885246
1 0.32 0.34972677595628415 0.04363636363636364 0.0546448087431694
1 0.3618181818181818 0.43169398907103823 0.11272727272727273 0.15300546448087432
1 0.29454545454545455 0.40437158469945356 0.05090909090909091 0.0546448087431694
1 0.2690909090909091 0.4562841530054645 0.05090909090909091 0.060109289617486336
1 0.2509090909090909 0.3989071038251366 0.03636363636363636 0.0546448087431694
1 0.22 0.35792349726775957 0.03272727272727273 0.07103825136612021
1 0.20727272727272728 0.4180327868852459 0.05090909090909091 0.08196721311475409
1 0.23272727272727273 0.4453551912568306 0.04363636363636364 0.060109289617486336
1 0.19636363636363635 0.49453551912568305 0.05818181818181818 0.060109289617486336
1 0.24909090909090909 0.4972677595628415 0.04 0.0546448087431694
1 0.17454545454545456 0.3797814207650273 0.03636363636363636 0.04918032786885246
1 0.18 0.4344262295081967 0.03272727272727273 0.060109289617486336
1 0.1509090909090909 0.4972677595628415 0.04 0.06557377049180328
1 0.23272727272727273 0.5245901639344263 0.04363636363636364 0.03278688524590164
1 0.18 0.5655737704918032 0.04727272727272727 0.07103825136612021
1 0.19818181818181818 0.6010928961748634 0.04 0.06557377049180328
1 0.22727272727272727 0.5710382513661202 0.04 0.03825136612021858
1 0.23636363636363636 0.6065573770491803 0.03636363636363636 0.03278688524590164
1 0.14545454545454545 0.6256830601092896 0.05090909090909091 0.060109289617486336
1 0.14727272727272728 0.5573770491803278 0.03272727272727273 0.0546448087431694
1 0.13454545454545455 0.5409836065573771 0.014545454545454545 0.03278688524590164
1 0.16363636363636364 0.6721311475409836 0.02909090909090909 0.0546448087431694
1 0.18727272727272729 0.6612021857923497 0.04 0.0546448087431694
1 0.11272727272727273 0.5765027322404371 0.04363636363636364 0.15846994535519127
1 0.6454545454545455 0.7049180327868853 0.2581818181818182 0.25136612021857924
1 0.7672727272727272 0.6229508196721312 0.03636363636363636 0.0546448087431694
1 0.7727272727272727 0.6584699453551912 0.03272727272727273 0.04918032786885246
1 0.7890909090909091 0.6967213114754098 0.03636363636363636 0.04918032786885246
1 0.7545454545454545 0.7021857923497268 0.025454545454545455 0.04918032786885246
1 0.7418181818181818 0.6693989071038251 0.02909090909090909 0.060109289617486336
1 0.7381818181818182 0.6174863387978142 0.02181818181818182 0.03278688524590164
1 0.6472727272727272 0.47540983606557374 0.20363636363636364 0.22950819672131148
1 0.7781818181818182 0.453551912568306 0.13818181818181818 0.20765027322404372
1 0.8636363636363636 0.5683060109289617 0.13454545454545455 0.19672131147540983
1 0.8309090909090909 0.6229508196721312 0.06181818181818182 0.18579234972677597
1 0.9490909090909091 0.6639344262295082 0.09454545454545454 0.07103825136612021
1 0.8963636363636364 0.6721311475409836 0.04 0.0546448087431694
1 0.9690909090909091 0.7049180327868853 0.05454545454545454 0.08743169398907104
1 0.9745454545454545 0.7868852459016393 0.04363636363636364 0.08743169398907104
1 0.8090909090909091 0.8360655737704918 0.36 0.31693989071038253
1 0.610909090909091 0.9371584699453552 0.12363636363636364 0.11475409836065574
1 0.45454545454545453 0.7459016393442623 0.11636363636363636 0.1912568306010929
1 0.5 0.9234972677595629 0.08363636363636363 0.14207650273224043
1 0.4163636363636364 0.9207650273224044 0.09090909090909091 0.14754098360655737
1 0.3472727272727273 0.8661202185792349 0.07636363636363637 0.10382513661202186
1 0.34545454545454546 0.9562841530054644 0.08 0.07650273224043716
1 0.29454545454545455 0.9344262295081968 0.06545454545454546 0.1092896174863388
1 0.24545454545454545 0.953551912568306 0.09090909090909091 0.08196721311475409
1 0.19090909090909092 0.9398907103825137 0.06909090909090909 0.1092896174863388
1 0.05454545454545454 0.6994535519125683 0.10909090909090909 0.19672131147540983
1 0.2727272727272727 0.8278688524590164 0.06545454545454546 0.11475409836065574
1 0.14 0.7950819672131147 0.24363636363636362 0.22404371584699453
1 0.09272727272727273 0.8961748633879781 0.18545454545454546 0.19672131147540983
1 0.33454545454545453 0.17486338797814208 0.10181818181818182 0.06557377049180328