1 0.8853383458646616 0.843915343915344 0.22180451127819548 0.30158730158730157
1 0.849624060150376 0.5714285714285714 0.2932330827067669 0.328042328042328
1 0.7556390977443609 0.6666666666666666 0.12030075187969924 0.15873015873015872
1 0.6635338345864662 0.8015873015873016 0.2518796992481203 0.3862433862433862
1 0.650375939849624 0.4497354497354497 0.2857142857142857 0.4021164021164021
1 0.9548872180451128 0.3148148148148148 0.08270676691729323 0.21693121693121692
1 0.8778195488721805 0.1402116402116402 0.23684210526315788 0.2804232804232804
1 0.8853383458646616 0.328042328042328 0.18421052631578946 0.19047619047619047
1 0.6221804511278195 0.164021164021164 0.35714285714285715 0.328042328042328
1 0.37593984962406013 0.41534391534391535 0.3007518796992481 0.5238095238095238
1 0.40601503759398494 0.6216931216931217 0.2857142857142857 0.291005291005291
1 0.45864661654135336 0.8227513227513228 0.15037593984962405 0.13227513227513227
1 0.5338345864661654 0.8915343915343915 0.05263157894736842 0.10052910052910052
1 0.4342105263157895 0.9470899470899471 0.22180451127819548 0.09523809523809523
1 0.19548872180451127 0.7777777777777778 0.39097744360902253 0.4021164021164021
1 0.06954887218045112 0.36507936507936506 0.13909774436090225 0.582010582010582
1 0.20112781954887218 0.21164021164021163 0.2518796992481203 0.42328042328042326
1 0.18609022556390978 0.4894179894179894 0.11654135338345864 0.19576719576719576
1 0.02631578947368421 0.9312169312169312 0.05263157894736842 0.12698412698412698
1 0.40225563909774437 0.06349206349206349 0.15789473684210525 0.12698412698412698
1 0.041353383458646614 0.03968253968253968 0.08270676691729323 0.07936507936507936
1 0.4981203007518797 0.4973544973544973 0.9962406015037594 0.9947089947089947