1 0.7902621722846442 0.8915343915343915 0.17228464419475656 0.20634920634920634
1 0.9419475655430711 0.8650793650793651 0.10861423220973783 0.21693121693121692
1 0.9569288389513109 0.9788359788359788 0.07865168539325842 0.031746031746031744
1 0.6741573033707865 0.7486772486772487 0.1797752808988764 0.23809523809523808
1 0.8146067415730337 0.6216931216931217 0.16104868913857678 0.23809523809523808
1 0.8913857677902621 0.5767195767195767 0.12734082397003746 0.19047619047619047
1 0.9737827715355806 0.5661375661375662 0.0449438202247191 0.19047619047619047
1 0.8876404494382022 0.42063492063492064 0.14232209737827714 0.18518518518518517
1 0.9569288389513109 0.3994708994708995 0.07865168539325842 0.1746031746031746
1 0.947565543071161 0.2275132275132275 0.09737827715355805 0.21164021164021163
1 0.9232209737827716 0.082010582010582 0.14606741573033707 0.164021164021164
1 0.8258426966292135 0.10846560846560846 0.04868913857677903 0.06878306878306878
1 0.8202247191011236 0.2275132275132275 0.12734082397003746 0.21164021164021163
1 0.8876404494382022 0.2222222222222222 0.0299625468164794 0.14814814814814814
1 0.850187265917603 0.3333333333333333 0.09737827715355805 0.09523809523809523
1 0.7116104868913857 0.2804232804232804 0.1797752808988764 0.2328042328042328
1 0.601123595505618 0.11375661375661375 0.15355805243445692 0.2275132275132275
1 0.7415730337078652 0.07936507936507936 0.1348314606741573 0.15873015873015872
1 0.7172284644194756 0.15343915343915343 0.07865168539325842 0.042328042328042326
1 0.8239700374531835 0.03439153439153439 0.0599250936329588 0.06878306878306878
1 0.6554307116104869 0.015873015873015872 0.052434456928838954 0.031746031746031744
1 0.550561797752809 0.3492063492063492 0.15730337078651685 0.2222222222222222
1 0.5749063670411985 0.5 0.06367041198501873 0.08994708994708994
1 0.550561797752809 0.6296296296296297 0.1647940074906367 0.25396825396825395
1 0.5037453183520599 0.8174603174603174 0.19850187265917604 0.164021164021164
1 0.5318352059925093 0.91005291005291 0.20973782771535582 0.1693121693121693
1 0.6666666666666666 0.9576719576719577 0.0749063670411985 0.07407407407407407
1 0.6479400749063671 0.8809523809523809 0.0898876404494382 0.10052910052910052
1 0.36704119850187267 0.9417989417989417 0.149812734082397 0.10582010582010581
1 0.2846441947565543 0.8148148148148148 0.20973782771535582 0.30687830687830686
1 0.3970037453183521 0.6031746031746031 0.1947565543071161 0.2962962962962963
1 0.39325842696629215 0.35714285714285715 0.15730337078651685 0.21693121693121692
1 0.2696629213483146 0.5396825396825397 0.15730337078651685 0.24338624338624337
1 0.29213483146067415 0.41798941798941797 0.0449438202247191 0.031746031746031744
1 0.25842696629213485 0.3306878306878307 0.11235955056179775 0.1746031746031746
1 0.24906367041198502 0.13756613756613756 0.16853932584269662 0.2328042328042328
1 0.2808988764044944 0.026455026455026454 0.0898876404494382 0.05291005291005291
1 0.1853932584269663 0.04497354497354497 0.09363295880149813 0.08994708994708994
1 0.09737827715355805 0.08994708994708994 0.12734082397003746 0.17989417989417988
1 0.45880149812734083 0.1693121693121693 0.14606741573033707 0.24338624338624337
1 0.5074906367041199 0.037037037037037035 0.07865168539325842 0.07407407407407407
1 0.149812734082397 0.17989417989417988 0.10486891385767791 0.17989417989417988
1 0.1704119850187266 0.3915343915343915 0.19101123595505617 0.26455026455026454
1 0.10674157303370786 0.5158730158730159 0.14606741573033707 0.1746031746031746
1 0.17228464419475656 0.6507936507936508 0.1348314606741573 0.19047619047619047
1 0.0898876404494382 0.8201058201058201 0.1797752808988764 0.2962962962962963
1 0.19850187265917604 0.9338624338624338 0.18726591760299627 0.12169312169312169
1 0.04681647940074907 0.9497354497354498 0.09363295880149813 0.08994708994708994
1 0.05805243445692884 0.5978835978835979 0.11610486891385768 0.2328042328042328
1 0.06928838951310862 0.3544973544973545 0.13857677902621723 0.2328042328042328
1 0.052434456928838954 0.21164021164021163 0.09737827715355805 0.1164021164021164
1 0.018726591760299626 0.15608465608465608 0.03745318352059925 0.1746031746031746
1 0.03932584269662921 0.05026455026455026 0.07865168539325842 0.10052910052910052
1 0.9082397003745318 0.8015873015873016 0.1760299625468165 0.32275132275132273
1 0.3295880149812734 0.25925925925925924 0.11235955056179775 0.21164021164021163
1 0.3913857677902622 0.07936507936507936 0.13108614232209737 0.15873015873015872
1 0.4681647940074906 0.021164021164021163 0.03745318352059925 0.042328042328042326