1 0.52 0.41555555555555557 0.1688888888888889 0.24444444444444444
1 0.6866666666666666 0.37777777777777777 0.21777777777777776 0.16
1 0.7866666666666666 0.30666666666666664 0.14222222222222222 0.10666666666666667
1 0.8622222222222222 0.20444444444444446 0.20444444444444446 0.13333333333333333
1 0.8844444444444445 0.09111111111111111 0.21333333333333335 0.1111111111111111
1 0.7133333333333334 0.20222222222222222 0.15555555555555556 0.2088888888888889
1 0.7044444444444444 0.06666666666666667 0.13777777777777778 0.10666666666666667
1 0.8266666666666667 0.03333333333333333 0.14222222222222222 0.06666666666666667
1 0.9555555555555556 0.03111111111111111 0.08 0.06222222222222222
1 0.6111111111111112 0.2222222222222222 0.21777777777777776 0.19555555555555557
1 0.2822222222222222 0.15777777777777777 0.5644444444444444 0.31555555555555553
1 0.21555555555555556 0.22666666666666666 0.4311111111111111 0.37333333333333335
1 0.8511111111111112 0.7133333333333334 0.09333333333333334 0.12
1 0.9244444444444444 0.8133333333333334 0.10666666666666667 0.12444444444444444
1 0.8266666666666667 0.8377777777777777 0.08888888888888889 0.10222222222222223
1 0.84 0.9422222222222222 0.08888888888888889 0.10666666666666667
1 0.74 0.9444444444444444 0.1111111111111111 0.10222222222222223
1 0.6311111111111111 0.9155555555555556 0.12444444444444444 0.14222222222222222
1 0.5377777777777778 0.8422222222222222 0.09777777777777778 0.1111111111111111
1 0.49333333333333335 0.5333333333333333 0.3022222222222222 0.29333333333333333
1 0.32222222222222224 0.5311111111111111 0.1288888888888889 0.30666666666666664
1 0.2688888888888889 0.5266666666666666 0.09333333333333334 0.3422222222222222
1 0.46 0.5866666666666667 0.19111111111111112 0.24
1 0.5822222222222222 0.56 0.13333333333333333 0.12444444444444444
1 0.11777777777777777 0.4222222222222222 0.23555555555555555 0.3022222222222222
1 0.34 0.7577777777777778 0.5111111111111111 0.47555555555555556
1 0.4222222222222222 0.7844444444444445 0.13333333333333333 0.12
1 0.5177777777777778 0.7533333333333333 0.1111111111111111 0.10222222222222223
1 0.6466666666666666 0.78 0.1288888888888889 0.13777777777777778
1 0.7622222222222222 0.7288888888888889 0.1111111111111111 0.08888888888888889
1 0.7533333333333333 0.8111111111111111 0.1288888888888889 0.08444444444444445
1 0.8177777777777778 0.4088888888888889 0.35555555555555557 0.4711111111111111
1 0.8244444444444444 0.45111111111111113 0.3422222222222222 0.4311111111111111
1 0.9222222222222223 0.5244444444444445 0.09333333333333334 0.09777777777777778
1 0.98 0.5022222222222222 0.03111111111111111 0.10666666666666667
1 0.96 0.4288888888888889 0.07111111111111111 0.10222222222222223
1 0.9733333333333334 0.6 0.044444444444444446 0.08888888888888889
1 0.9155555555555556 0.64 0.11555555555555555 0.09777777777777778
1 0.9777777777777777 0.7044444444444444 0.035555555555555556 0.09333333333333334