1 0.8247588424437299 0.23765432098765432 0.0932475884244373 0.043209876543209874
1 0.8569131832797428 0.2716049382716049 0.11254019292604502 0.024691358024691357
1 0.8279742765273312 0.2962962962962963 0.11254019292604502 0.06172839506172839
1 0.8713826366559485 0.05246913580246913 0.05787781350482315 0.10493827160493827
1 0.9212218649517685 0.05246913580246913 0.04823151125401929 0.10493827160493827
1 0.8118971061093248 0.030864197530864196 0.06109324758842444 0.06172839506172839
1 0.8006430868167203 0.10185185185185185 0.03858520900321544 0.06790123456790123
1 0.8327974276527331 0.14506172839506173 0.06430868167202572 0.10493827160493827
1 0.8858520900321544 0.12962962962962962 0.04823151125401929 0.04938271604938271
1 0.8215434083601286 0.3271604938271605 0.09967845659163987 0.04938271604938271
1 0.8295819935691319 0.3765432098765432 0.06430868167202572 0.037037037037037035
1 0.5932475884244373 0.030864197530864196 0.04180064308681672 0.06172839506172839
1 0.572347266881029 0.09259259259259259 0.04501607717041801 0.07407407407407407
1 0.5996784565916399 0.16358024691358025 0.03536977491961415 0.08024691358024691
1 0.5852090032154341 0.2345679012345679 0.03858520900321544 0.07407407407407407
1 0.5771704180064309 0.30246913580246915 0.028938906752411574 0.06172839506172839
1 0.5482315112540193 0.27469135802469136 0.03536977491961415 0.08024691358024691
1 0.5369774919614148 0.33024691358024694 0.02572347266881029 0.043209876543209874
1 0.5 0.2808641975308642 0.04180064308681672 0.08024691358024691
1 0.5112540192926045 0.33641975308641975 0.03215434083601286 0.043209876543209874
1 0.5209003215434084 0.2222222222222222 0.03858520900321544 0.07407407407407407
1 0.5498392282958199 0.2006172839506173 0.03215434083601286 0.043209876543209874
1 0.5514469453376206 0.14814814814814814 0.04180064308681672 0.07407407407407407
1 0.49517684887459806 0.1697530864197531 0.03858520900321544 0.05555555555555555
1 0.49356913183279744 0.08333333333333333 0.04180064308681672 0.09259259259259259
1 0.5385852090032154 0.05864197530864197 0.028938906752411574 0.05555555555555555
1 0.5064308681672026 0.012345679012345678 0.04180064308681672 0.024691358024691357
1 0.5530546623794212 0.018518518518518517 0.03858520900321544 0.037037037037037035
1 0.40514469453376206 0.08950617283950617 0.0707395498392283 0.17901234567901234
1 0.40192926045016075 0.09259259259259259 0.03215434083601286 0.14814814814814814
1 0.3215434083601286 0.09259259259259259 0.03858520900321544 0.1728395061728395
1 0.31189710610932475 0.10802469135802469 0.03215434083601286 0.1419753086419753
1 0.34565916398713825 0.08333333333333333 0.01607717041800643 0.16666666666666666
1 0.2942122186495177 0.12037037037037036 0.01607717041800643 0.11728395061728394
1 0.2379421221864952 0.11419753086419752 0.0707395498392283 0.15432098765432098
1 0.27009646302250806 0.021604938271604937 0.04501607717041801 0.043209876543209874
1 0.21382636655948553 0.027777777777777776 0.06109324758842444 0.05555555555555555
1 0.17684887459807075 0.06172839506172839 0.08360128617363344 0.12345679012345678
1 0.15916398713826366 0.1388888888888889 0.08681672025723473 0.12962962962962962
1 0.5498392282958199 0.43209876543209874 0.0707395498392283 0.13580246913580246
1 0.6061093247588425 0.4845679012345679 0.07395498392282958 0.1419753086419753
1 0.5 0.49382716049382713 0.06752411575562701 0.09876543209876543
1 0.5353697749196141 0.5524691358024691 0.08038585209003216 0.11728395061728394
1 0.13183279742765272 0.33641975308641975 0.05787781350482315 0.11728395061728394
1 0.18488745980707397 0.3333333333333333 0.04180064308681672 0.1111111111111111
1 0.21543408360128619 0.3487654320987654 0.02572347266881029 0.10493827160493827
1 0.24115755627009647 0.39814814814814814 0.02572347266881029 0.10493827160493827
1 0.16559485530546625 0.4444444444444444 0.12540192926045016 0.08641975308641975
1 0.22990353697749197 0.49074074074074076 0.04823151125401929 0.08024691358024691
1 0.16881028938906753 0.5061728395061729 0.09967845659163987 0.037037037037037035
1 0.17684887459807075 0.5370370370370371 0.06430868167202572 0.012345679012345678
1 0.21864951768488747 0.6234567901234568 0.04501607717041801 0.07407407407407407
1 0.2347266881028939 0.6820987654320988 0.03215434083601286 0.06790123456790123
1 0.19131832797427653 0.6790123456790124 0.04180064308681672 0.06172839506172839
1 0.1639871382636656 0.6296296296296297 0.03858520900321544 0.06172839506172839
1 0.19292604501607716 0.6296296296296297 0.02572347266881029 0.04938271604938271
1 0.12540192926045016 0.6234567901234568 0.04501607717041801 0.07407407407407407
1 0.1302250803858521 0.7006172839506173 0.05466237942122187 0.08024691358024691
1 0.15755627009646303 0.6975308641975309 0.02572347266881029 0.06172839506172839
1 0.09163987138263666 0.6296296296296297 0.028938906752411574 0.06172839506172839
1 0.0707395498392283 0.6697530864197531 0.02572347266881029 0.05555555555555555
1 0.08842443729903537 0.691358024691358 0.022508038585209004 0.037037037037037035
1 0.06752411575562701 0.7191358024691358 0.03215434083601286 0.030864197530864196
1 0.09967845659163987 0.7407407407407407 0.03215434083601286 0.037037037037037035
1 0.22186495176848875 0.7623456790123457 0.05787781350482315 0.09259259259259259
1 0.22186495176848875 0.9290123456790124 0.05787781350482315 0.12962962962962962
1 0.2090032154340836 0.9166666666666666 0.04501607717041801 0.1419753086419753
1 0.1720257234726688 0.9197530864197531 0.028938906752411574 0.06172839506172839
1 0.17363344051446947 0.9691358024691358 0.03215434083601286 0.04938271604938271
1 0.1382636655948553 0.9320987654320988 0.03215434083601286 0.12345679012345678
1 0.11414790996784566 0.9475308641975309 0.022508038585209004 0.043209876543209874
1 0.10932475884244373 0.9814814814814815 0.02572347266881029 0.024691358024691357
1 0.08842443729903537 0.9629629629629629 0.04180064308681672 0.06172839506172839
1 0.7491961414790996 0.25 0.02572347266881029 0.5
1 0.7266881028938906 0.25617283950617287 0.02572347266881029 0.5123456790123457
1 0.7090032154340836 0.25 0.022508038585209004 0.5
1 0.6897106109324759 0.29012345679012347 0.03536977491961415 0.5802469135802469
1 0.657556270096463 0.26851851851851855 0.03536977491961415 0.5370370370370371
1 0.6302250803858521 0.19135802469135801 0.03215434083601286 0.38271604938271603
1 0.8408360128617364 0.42592592592592593 0.17684887459807075 0.1728395061728395
1 0.8327974276527331 0.49382716049382713 0.19292604501607716 0.1111111111111111
1 0.8585209003215434 0.6018518518518519 0.1864951768488746 0.12962962962962962
1 0.8569131832797428 0.6975308641975309 0.1832797427652733 0.09876543209876543
1 0.8167202572347267 0.8024691358024691 0.09003215434083602 0.1111111111111111
1 0.8135048231511254 0.8302469135802469 0.0707395498392283 0.10493827160493827
1 0.8745980707395499 0.7808641975308642 0.07717041800643087 0.05555555555555555
1 0.8472668810289389 0.8302469135802469 0.14469453376205788 0.09259259259259259
1 0.8488745980707395 0.9259259259259259 0.15434083601286175 0.037037037037037035
1 0.8665594855305466 0.9691358024691358 0.19614147909967847 0.04938271604938271
1 0.8665594855305466 0.9382716049382716 0.0932475884244373 0.1111111111111111
1 0.7266881028938906 0.6388888888888888 0.0707395498392283 0.15432098765432098
1 0.72508038585209 0.7654320987654321 0.06752411575562701 0.08641975308641975
1 0.6527331189710611 0.6697530864197531 0.07717041800643087 0.15432098765432098
1 0.6414790996784566 0.7283950617283951 0.07395498392282958 0.18518518518518517
1 0.6655948553054662 0.7901234567901234 0.05787781350482315 0.16049382716049382
1 0.7202572347266881 0.8271604938271605 0.07717041800643087 0.09876543209876543
1 0.6832797427652733 0.9197530864197531 0.15112540192926044 0.14814814814814814
1 0.7138263665594855 0.9506172839506173 0.04501607717041801 0.08641975308641975
1 0.7395498392282959 0.9382716049382716 0.02572347266881029 0.1111111111111111
1 0.6511254019292605 0.904320987654321 0.06752411575562701 0.06790123456790123
1 0.635048231511254 0.9444444444444444 0.04180064308681672 0.08641975308641975
1 0.6061093247588425 0.7654320987654321 0.04823151125401929 0.19753086419753085
1 0.5691318327974276 0.9290123456790124 0.0707395498392283 0.12962962962962962
1 0.44694533762057875 0.4012345679012346 0.02572347266881029 0.43209876543209874
1 0.4228295819935691 0.39197530864197533 0.03536977491961415 0.41358024691358025
1 0.3842443729903537 0.3395061728395062 0.04823151125401929 0.32098765432098764
1 0.40514469453376206 0.43209876543209874 0.05144694533762058 0.35802469135802467
1 0.33440514469453375 0.3271604938271605 0.10932475884244373 0.2222222222222222
1 0.2990353697749196 0.3888888888888889 0.05144694533762058 0.30864197530864196
1 0.3295819935691318 0.4104938271604938 0.022508038585209004 0.3148148148148148
1 0.35852090032154343 0.4567901234567901 0.03536977491961415 0.37037037037037035
1 0.5289389067524116 0.6512345679012346 0.08038585209003216 0.05555555555555555
1 0.5096463022508039 0.6604938271604939 0.11254019292604502 0.04938271604938271
1 0.5048231511254019 0.6790123456790124 0.12861736334405144 0.037037037037037035
1 0.4790996784565916 0.7160493827160493 0.09003215434083602 0.06172839506172839
1 0.5273311897106109 0.7191358024691358 0.10289389067524116 0.05555555555555555
1 0.432475884244373 0.7870370370370371 0.04823151125401929 0.08024691358024691
1 0.4453376205787781 0.8333333333333334 0.05466237942122187 0.06172839506172839
1 0.5514469453376206 0.8209876543209876 0.07395498392282958 0.04938271604938271
1 0.5257234726688103 0.9135802469135802 0.08038585209003216 0.06172839506172839
1 0.5048231511254019 0.9691358024691358 0.0707395498392283 0.04938271604938271
1 0.46141479099678456 0.9506172839506173 0.06109324758842444 0.07407407407407407
1 0.4662379421221865 0.8888888888888888 0.05144694533762058 0.04938271604938271
1 0.5048231511254019 0.8302469135802469 0.04501607717041801 0.08024691358024691
1 0.5289389067524116 0.8672839506172839 0.08038585209003216 0.043209876543209874
1 0.5192926045016077 0.7777777777777778 0.12540192926045016 0.04938271604938271
1 0.5514469453376206 0.7253086419753086 0.05466237942122187 0.05555555555555555
1 0.3987138263665595 0.808641975308642 0.03215434083601286 0.37037037037037035
1 0.3842443729903537 0.7376543209876543 0.01607717041800643 0.19135802469135801
1 0.364951768488746 0.8209876543209876 0.03536977491961415 0.345679012345679
1 0.3504823151125402 0.8148148148148148 0.03858520900321544 0.35802469135802467
1 0.3311897106109325 0.8055555555555556 0.02572347266881029 0.35185185185185186
1 0.3086816720257235 0.8148148148148148 0.02572347266881029 0.35802469135802467
1 0.2861736334405145 0.8148148148148148 0.01929260450160772 0.2839506172839506
1 0.27009646302250806 0.8364197530864198 0.012861736334405145 0.25308641975308643