1 0.11551724137931034 0.7298850574712644 0.22413793103448276 0.4827586206896552
1 0.31724137931034485 0.7126436781609196 0.20689655172413793 0.5632183908045977
1 0.29482758620689653 0.34770114942528735 0.2517241379310345 0.27011494252873564
1 0.42758620689655175 0.2988505747126437 0.15862068965517243 0.3103448275862069
1 0.12586206896551724 0.3764367816091954 0.23103448275862068 0.3620689655172414
1 0.08620689655172414 0.6752873563218391 0.1724137931034483 0.5804597701149425
1 0.6017241379310345 0.6293103448275862 0.3758620689655172 0.7298850574712644
1 0.4879310344827586 0.1810344827586207 0.3689655172413793 0.3620689655172414
1 0.3396551724137931 0.15517241379310345 0.13448275862068965 0.2988505747126437
1 0.7310344827586207 0.19540229885057472 0.11724137931034483 0.16091954022988506
1 0.8586206896551725 0.12643678160919541 0.27586206896551724 0.25287356321839083
1 0.8482758620689655 0.5316091954022989 0.296551724137931 0.9252873563218391