1 0.8727272727272727 0.9644808743169399 0.24727272727272728 0.060109289617486336
1 0.9036363636363637 0.8169398907103825 0.18545454545454546 0.3005464480874317
1 0.9127272727272727 0.47540983606557374 0.16727272727272727 0.22950819672131148
1 0.8763636363636363 0.31693989071038253 0.13818181818181818 0.13114754098360656
1 0.9563636363636364 0.20491803278688525 0.08 0.18032786885245902
1 0.6636363636363637 0.7704918032786885 0.26545454545454544 0.40437158469945356
1 0.7418181818181818 0.6147540983606558 0.14545454545454545 0.16939890710382513
1 0.5745454545454546 0.5765027322404371 0.18181818181818182 0.3114754098360656
1 0.6381818181818182 0.4371584699453552 0.1781818181818182 0.22950819672131148
1 0.6836363636363636 0.3360655737704918 0.09454545454545454 0.14754098360655737
1 0.5745454545454546 0.22404371584699453 0.17454545454545456 0.26229508196721313
1 0.6727272727272727 0.1557377049180328 0.08727272727272728 0.11475409836065574
1 0.45636363636363636 0.060109289617486336 0.12727272727272726 0.12021857923497267
1 0.46 0.2459016393442623 0.10545454545454545 0.16393442622950818
1 0.4709090909090909 0.4098360655737705 0.15636363636363637 0.2185792349726776
1 0.42 0.6693989071038251 0.1781818181818182 0.2896174863387978
1 0.26545454545454544 0.825136612021858 0.2545454545454545 0.33879781420765026
1 0.3527272727272727 0.9781420765027322 0.16727272727272727 0.03278688524590164
1 0.2818181818181818 0.5846994535519126 0.1709090909090909 0.19672131147540983
1 0.33090909090909093 0.45901639344262296 0.16727272727272727 0.19672131147540983
1 0.14363636363636365 0.4562841530054645 0.2 0.2568306010928962
1 0.32 0.2650273224043716 0.17454545454545456 0.1912568306010929
1 0.27090909090909093 0.15846994535519127 0.14909090909090908 0.15300546448087432
1 0.2672727272727273 0.07650273224043716 0.16363636363636364 0.15300546448087432