1 0.7756653992395437 0.7486910994764397 0.3041825095057034 0.31413612565445026
1 0.9657794676806084 0.8455497382198953 0.060836501901140684 0.12041884816753927
1 0.9182509505703422 0.7486910994764397 0.155893536121673 0.31413612565445026
1 0.5456273764258555 0.8036649214659686 0.1634980988593156 0.193717277486911
1 0.3612167300380228 0.7879581151832461 0.2585551330798479 0.2356020942408377
1 0.1311787072243346 0.8350785340314136 0.23954372623574144 0.14136125654450263
1 0.7547528517110266 0.5340314136125655 0.18631178707224336 0.2513089005235602
1 0.9163498098859315 0.450261780104712 0.1596958174904943 0.32460732984293195
1 0.7642585551330798 0.23821989528795812 0.2585551330798479 0.3507853403141361
1 0.8479087452471483 0.1256544502617801 0.22813688212927757 0.2513089005235602
1 0.5475285171102662 0.5235602094240838 0.2889733840304182 0.3769633507853403
1 0.5399239543726235 0.2879581151832461 0.2737642585551331 0.2931937172774869
1 0.6159695817490495 0.07329842931937172 0.2889733840304182 0.14659685863874344
1 0.37072243346007605 0.112565445026178 0.20152091254752852 0.225130890052356
1 0.2908745247148289 0.3481675392670157 0.24714828897338403 0.3089005235602094
1 0.3193916349809886 0.6308900523560209 0.19771863117870722 0.25654450261780104
1 0.12357414448669202 0.6047120418848168 0.24714828897338403 0.3193717277486911
1 0.013307984790874524 0.7513089005235603 0.026615969581749048 0.193717277486911
1 0.10836501901140684 0.4397905759162304 0.21673003802281368 0.2931937172774869
1 0.22433460076045628 0.29842931937172773 0.09885931558935361 0.10471204188481675
1 0.1958174904942966 0.13612565445026178 0.22433460076045628 0.27225130890052357
1 0.08555133079847908 0.20418848167539266 0.17110266159695817 0.4083769633507853
1 0.49809885931558934 0.45549738219895286 0.9961977186311787 0.9109947643979057