1 0.5579710144927537 0.37158469945355194 0.21014492753623187 0.32786885245901637
1 0.5253623188405797 0.6038251366120219 0.11594202898550725 0.2786885245901639
1 0.5978260869565217 0.7622950819672131 0.07971014492753623 0.4426229508196721
1 0.6557971014492754 0.7540983606557377 0.057971014492753624 0.14207650273224043
1 0.7047101449275363 0.7049180327868853 0.06159420289855073 0.20765027322404372
1 0.7590579710144928 0.860655737704918 0.10507246376811594 0.15846994535519127
1 0.7789855072463768 0.7704918032786885 0.09420289855072464 0.12021857923497267
1 0.769927536231884 0.6475409836065574 0.06159420289855073 0.16939890710382513
1 0.7355072463768116 0.5327868852459017 0.07971014492753623 0.1366120218579235
1 0.769927536231884 0.4371584699453552 0.12681159420289856 0.30601092896174864
1 0.6485507246376812 0.20491803278688525 0.21014492753623187 0.16939890710382513
1 0.44021739130434784 0.1885245901639344 0.14855072463768115 0.18032786885245902
1 0.3442028985507246 0.16666666666666666 0.12318840579710146 0.11475409836065574
1 0.322463768115942 0.3087431693989071 0.2826086956521739 0.20218579234972678
1 0.07608695652173914 0.39617486338797814 0.15217391304347827 0.2677595628415301
1 0.20108695652173914 0.3469945355191257 0.14855072463768115 0.18032786885245902
1 0.20652173913043478 0.4644808743169399 0.09420289855072464 0.15300546448087432
1 0.266304347826087 0.39344262295081966 0.09782608695652174 0.13114754098360656
1 0.302536231884058 0.5655737704918032 0.19927536231884058 0.1912568306010929
1 0.3967391304347826 0.4890710382513661 0.13405797101449277 0.15846994535519127
1 0.447463768115942 0.6366120218579235 0.09057971014492754 0.1366120218579235
1 0.36231884057971014 0.7213114754098361 0.14492753623188406 0.15300546448087432
1 0.45471014492753625 0.8360655737704918 0.23550724637681159 0.28415300546448086
1 0.519927536231884 0.9153005464480874 0.07608695652173914 0.15846994535519127
1 0.44565217391304346 0.953551912568306 0.08695652173913043 0.08196721311475409
1 0.266304347826087 0.8825136612021858 0.18478260869565216 0.22404371584699453
1 0.11956521739130435 0.9344262295081968 0.11594202898550725 0.1092896174863388
1 0.08333333333333333 0.8142076502732241 0.11594202898550725 0.16393442622950818
1 0.11231884057971014 0.6120218579234973 0.18115942028985507 0.29508196721311475
1 0.025362318840579712 0.6612021857923497 0.050724637681159424 0.25136612021857924