1 0.8903743315508021 0.5814814814814815 0.20855614973262032 0.14074074074074075
1 0.9518716577540107 0.44074074074074077 0.0855614973262032 0.14074074074074075
1 0.7593582887700535 0.30925925925925923 0.40641711229946526 0.27037037037037037
1 0.9679144385026738 0.22592592592592592 0.053475935828877004 0.15555555555555556
1 0.8877005347593583 0.22777777777777777 0.21390374331550802 0.24814814814814815
1 0.8235294117647058 0.10740740740740741 0.31016042780748665 0.17777777777777778
1 0.5187165775401069 0.1574074074074074 0.3850267379679144 0.29259259259259257
1 0.4090909090909091 0.07222222222222222 0.7005347593582888 0.14444444444444443
1 0.17647058823529413 0.20185185185185187 0.35294117647058826 0.27037037037037037
1 0.2994652406417112 0.337037037037037 0.45989304812834225 0.28888888888888886
1 0.4839572192513369 0.5370370370370371 0.34759358288770054 0.25925925925925924
1 0.7165775401069518 0.5444444444444444 0.13903743315508021 0.14814814814814814
1 0.8021390374331551 0.4703703703703704 0.20320855614973263 0.08148148148148149
1 0.2914438502673797 0.4888888888888889 0.1443850267379679 0.13333333333333333
1 0.11764705882352941 0.4759259259259259 0.23529411764705882 0.3814814814814815
1 0.23529411764705882 0.7222222222222222 0.47058823529411764 0.22962962962962963
1 0.034759358288770054 0.8611111111111112 0.0481283422459893 0.040740740740740744
1 0.32887700534759357 0.7833333333333333 0.0481283422459893 0.025925925925925925
1 0.4572192513368984 0.7722222222222223 0.0481283422459893 0.025925925925925925
1 0.48128342245989303 0.674074074074074 0.0427807486631016 0.02962962962962963
1 0.6042780748663101 0.6925925925925925 0.0427807486631016 0.022222222222222223
1 0.7406417112299465 0.7685185185185185 0.0374331550802139 0.040740740740740744
1 0.6443850267379679 0.774074074074074 0.0481283422459893 0.037037037037037035
1 0.6844919786096256 0.8425925925925926 0.03208556149732621 0.025925925925925925
1 0.7647058823529411 0.8518518518518519 0.0427807486631016 0.022222222222222223
1 0.9518716577540107 0.9074074074074074 0.0427807486631016 0.02962962962962963
1 0.6229946524064172 0.8111111111111111 0.0481283422459893 0.02962962962962963
1 0.6042780748663101 0.774074074074074 0.0427807486631016 0.02962962962962963
1 0.5454545454545454 0.774074074074074 0.03208556149732621 0.022222222222222223
1 0.5481283422459893 0.7925925925925926 0.0374331550802139 0.014814814814814815