1 0.7672727272727272 0.6311475409836066 0.22545454545454546 0.6939890710382514
1 0.8036363636363636 0.32786885245901637 0.38545454545454544 0.4808743169398907
1 0.6690909090909091 0.639344262295082 0.13090909090909092 0.6885245901639344
1 0.6072727272727273 0.6202185792349727 0.13818181818181818 0.6721311475409836
1 0.5272727272727272 0.48633879781420764 0.13818181818181818 0.39344262295081966
1 0.5672727272727273 0.5355191256830601 0.08 0.45901639344262296
1 0.48363636363636364 0.76775956284153 0.21818181818181817 0.3989071038251366
1 0.38181818181818183 0.7213114754098361 0.23272727272727273 0.45901639344262296
1 0.2727272727272727 0.6557377049180327 0.27636363636363637 0.5136612021857924
1 0.1618181818181818 0.5983606557377049 0.21454545454545454 0.4972677595628415
1 0.12181818181818181 0.5573770491803278 0.24363636363636362 0.5136612021857924
1 0.09090909090909091 0.3524590163934426 0.18181818181818182 0.23497267759562843
1 0.08545454545454545 0.273224043715847 0.1709090909090909 0.14207650273224043
1 0.3981818181818182 0.2923497267759563 0.4109090909090909 0.5409836065573771