1 0.888 0.5767326732673267 0.2 0.19306930693069307
1 0.928 0.3910891089108911 0.136 0.19801980198019803
1 0.904 0.25 0.04 0.07425742574257425
1 0.958 0.2599009900990099 0.076 0.08415841584158416
1 0.912 0.12871287128712872 0.12 0.1782178217821782
1 0.73 0.2301980198019802 0.332 0.3712871287128713
1 0.822 0.05693069306930693 0.124 0.11386138613861387
1 0.758 0.024752475247524754 0.188 0.04950495049504951
1 0.692 0.03217821782178218 0.056 0.054455445544554455
1 0.518 0.1188118811881188 0.308 0.2376237623762376
1 0.172 0.4628712871287129 0.344 0.6782178217821783
1 0.308 0.7871287128712872 0.448 0.24752475247524752
1 0.542 0.844059405940594 0.036 0.054455445544554455
1 0.55 0.745049504950495 0.044 0.04455445544554455
1 0.552 0.900990099009901 0.024 0.039603960396039604
1 0.628 0.9108910891089109 0.04 0.019801980198019802
1 0.634 0.8836633663366337 0.036 0.04455445544554455
1 0.682 0.8910891089108911 0.036 0.04950495049504951
1 0.708 0.8787128712871287 0.032 0.054455445544554455
1 0.804 0.8613861386138614 0.032 0.039603960396039604
1 0.824 0.7326732673267327 0.032 0.0297029702970297
1 0.932 0.6782178217821783 0.04 0.0297029702970297
1 0.786 0.7153465346534653 0.028 0.04455445544554455
1 0.678 0.698019801980198 0.02 0.019801980198019802
1 0.696 0.7079207920792079 0.032 0.019801980198019802
1 0.668 0.754950495049505 0.04 0.034653465346534656
1 0.732 0.5717821782178217 0.104 0.14356435643564355
1 0.724 0.47277227722772275 0.112 0.08415841584158416
1 0.788 0.43564356435643564 0.16 0.1188118811881188
1 0.554 0.5346534653465347 0.308 0.36633663366336633
1 0.374 0.4801980198019802 0.124 0.18811881188118812
1 0.364 0.2747524752475248 0.376 0.400990099009901
1 0.224 0.13861386138613863 0.304 0.27722772277227725