1 0.86 0.953551912568306 0.12727272727272726 0.08196721311475409
1 0.7909090909090909 0.8907103825136612 0.09818181818181818 0.14207650273224043
1 0.8254545454545454 0.7650273224043715 0.12363636363636364 0.15300546448087432
1 0.8618181818181818 0.6366120218579235 0.12363636363636364 0.18032786885245902
1 0.9527272727272728 0.5136612021857924 0.08727272727272728 0.17486338797814208
1 0.9290909090909091 0.4098360655737705 0.07636363636363637 0.13114754098360656
1 0.8618181818181818 0.505464480874317 0.09454545454545454 0.09289617486338798
1 0.850909090909091 0.39617486338797814 0.08727272727272728 0.11475409836065574
1 0.8472727272727273 0.2896174863387978 0.09454545454545454 0.09836065573770492
1 0.8763636363636363 0.1994535519125683 0.10181818181818182 0.10382513661202186
1 0.7836363636363637 0.4644808743169399 0.08363636363636363 0.13114754098360656
1 0.78 0.5765027322404371 0.06909090909090909 0.08196721311475409
1 0.7490909090909091 0.7431693989071039 0.08 0.13114754098360656
1 0.6981818181818182 0.8442622950819673 0.11636363636363636 0.14754098360655737
1 0.7218181818181818 0.9562841530054644 0.07636363636363637 0.07650273224043716
1 0.6163636363636363 0.9180327868852459 0.13454545454545455 0.15300546448087432
1 0.5909090909090909 0.8333333333333334 0.09818181818181818 0.11475409836065574
1 0.6363636363636364 0.674863387978142 0.15272727272727274 0.23497267759562843
1 0.7054545454545454 0.4781420765027322 0.10181818181818182 0.18032786885245902
1 0.7218181818181818 0.5901639344262295 0.05454545454545454 0.06557377049180328
1 0.6181818181818182 0.5136612021857924 0.09454545454545454 0.1092896174863388
1 0.64 0.42896174863387976 0.05090909090909091 0.07103825136612021
1 0.6781818181818182 0.3224043715846995 0.09818181818181818 0.15300546448087432
1 0.74 0.366120218579235 0.025454545454545455 0.06557377049180328
1 0.7781818181818182 0.35792349726775957 0.06545454545454546 0.09289617486338798
1 0.7890909090909091 0.2650273224043716 0.02909090909090909 0.08196721311475409
1 0.7218181818181818 0.24863387978142076 0.11272727272727273 0.15846994535519127
1 0.7509090909090909 0.17759562841530055 0.08363636363636363 0.10382513661202186
1 0.7763636363636364 0.13934426229508196 0.06909090909090909 0.09289617486338798
1 0.48727272727272725 0.9016393442622951 0.11636363636363636 0.18579234972677597
1 0.5163636363636364 0.7595628415300546 0.11636363636363636 0.17486338797814208
1 0.5490909090909091 0.5737704918032787 0.08 0.12021857923497267
1 0.5163636363636364 0.46174863387978143 0.12363636363636364 0.16939890710382513
1 0.5909090909090909 0.35792349726775957 0.10545454545454545 0.18032786885245902
1 0.5109090909090909 0.2978142076502732 0.09818181818181818 0.1366120218579235
1 0.5909090909090909 0.16666666666666666 0.12 0.18032786885245902
1 0.6763636363636364 0.10655737704918032 0.08727272727272728 0.11475409836065574
1 0.5781818181818181 0.05737704918032787 0.08 0.07103825136612021
1 0.5018181818181818 0.10382513661202186 0.09454545454545454 0.13114754098360656
1 0.47454545454545455 0.23497267759562843 0.11272727272727273 0.15300546448087432
1 0.41818181818181815 0.09016393442622951 0.08 0.10382513661202186
1 0.42 0.17486338797814208 0.07636363636363637 0.13114754098360656
1 0.38727272727272727 0.2650273224043716 0.07636363636363637 0.060109289617486336
1 0.4072727272727273 0.34972677595628415 0.08727272727272728 0.13114754098360656
1 0.31636363636363635 0.3743169398907104 0.10909090909090909 0.16939890710382513
1 0.2963636363636364 0.5327868852459017 0.12 0.16939890710382513
1 0.35818181818181816 0.6147540983606558 0.08363636363636363 0.11475409836065574
1 0.4690909090909091 0.6202185792349727 0.11636363636363636 0.1366120218579235
1 0.3981818181818182 0.5027322404371585 0.12 0.16393442622950818
1 0.2963636363636364 0.23770491803278687 0.09090909090909091 0.11475409836065574
1 0.33090909090909093 0.1366120218579235 0.08727272727272728 0.12021857923497267
1 0.22727272727272727 0.13934426229508196 0.11272727272727273 0.14754098360655737
1 0.13818181818181818 0.21584699453551912 0.11636363636363636 0.1366120218579235
1 0.15454545454545454 0.28688524590163933 0.08363636363636363 0.12568306010928962
1 0.2309090909090909 0.32786885245901637 0.09090909090909091 0.13114754098360656
1 0.1509090909090909 0.36885245901639346 0.08363636363636363 0.11475409836065574
1 0.05454545454545454 0.35792349726775957 0.10181818181818182 0.14754098360655737
1 0.11090909090909092 0.4808743169398907 0.11272727272727273 0.16393442622950818
1 0.22363636363636363 0.4726775956284153 0.10545454545454545 0.14754098360655737
1 0.2290909090909091 0.6502732240437158 0.11636363636363636 0.15300546448087432
1 0.1290909090909091 0.6256830601092896 0.09090909090909091 0.11475409836065574
1 0.13454545454545455 0.76775956284153 0.10909090909090909 0.18032786885245902
1 0.23272727272727273 0.8278688524590164 0.12363636363636364 0.20218579234972678
1 0.16363636363636364 0.9153005464480874 0.10181818181818182 0.1366120218579235
1 0.2309090909090909 0.9617486338797814 0.12727272727272726 0.06557377049180328
1 0.35818181818181816 0.9289617486338798 0.13454545454545455 0.13114754098360656
1 0.3509090909090909 0.7759562841530054 0.12 0.18579234972677597
1 0.4254545454545455 0.73224043715847 0.08727272727272728 0.17486338797814208