1 0.6413043478260869 0.12295081967213115 0.07971014492753623 0.12568306010928962
1 0.7862318840579711 0.2786885245901639 0.07246376811594203 0.20765027322404372
1 0.855072463768116 0.36065573770491804 0.08695652173913043 0.09836065573770492
1 0.8931159420289855 0.33060109289617484 0.06884057971014493 0.07103825136612021
1 0.9311594202898551 0.3224043715846995 0.050724637681159424 0.0546448087431694
1 0.9329710144927537 0.40437158469945356 0.09782608695652174 0.08743169398907104
1 0.9818840579710145 0.45081967213114754 0.028985507246376812 0.08196721311475409
1 0.9311594202898551 0.4918032786885246 0.11594202898550725 0.14207650273224043
1 0.9637681159420289 0.6284153005464481 0.06521739130434782 0.16393442622950818
1 0.9257246376811594 0.73224043715847 0.14130434782608695 0.32786885245901637
1 0.8931159420289855 0.5437158469945356 0.05434782608695652 0.07103825136612021
1 0.8315217391304348 0.5136612021857924 0.09057971014492754 0.13114754098360656
1 0.8496376811594203 0.42896174863387976 0.11956521739130435 0.09289617486338798
1 0.6902173913043478 0.2568306010928962 0.12681159420289856 0.12021857923497267
1 0.7119565217391305 0.34972677595628415 0.09057971014492754 0.09836065573770492
1 0.7898550724637681 0.4262295081967213 0.07971014492753623 0.13114754098360656
1 0.7608695652173914 0.5081967213114754 0.15217391304347827 0.22950819672131148
1 0.822463768115942 0.6557377049180327 0.057971014492753624 0.09836065573770492
1 0.8369565217391305 0.5245901639344263 0.07246376811594203 0.13114754098360656
1 0.7862318840579711 0.6912568306010929 0.11594202898550725 0.1912568306010929
1 0.7663043478260869 0.7786885245901639 0.08333333333333333 0.10382513661202186
1 0.8278985507246377 0.8661202185792349 0.07608695652173914 0.12568306010928962
1 0.7427536231884058 0.8661202185792349 0.057971014492753624 0.09289617486338798
1 0.6902173913043478 0.8442622950819673 0.06884057971014493 0.12568306010928962
1 0.6231884057971014 0.6338797814207651 0.2028985507246377 0.20765027322404372
1 0.7137681159420289 0.5382513661202186 0.2028985507246377 0.16939890710382513
1 0.6358695652173914 0.3825136612021858 0.10507246376811594 0.16393442622950818
1 0.552536231884058 0.5273224043715847 0.27898550724637683 0.2568306010928962
1 0.5416666666666666 0.33060109289617484 0.08333333333333333 0.1366120218579235
1 0.5887681159420289 0.2540983606557377 0.08333333333333333 0.10382513661202186
1 0.4782608695652174 0.22131147540983606 0.10869565217391304 0.15846994535519127
1 0.4257246376811594 0.3251366120218579 0.06884057971014493 0.10382513661202186
1 0.47644927536231885 0.33060109289617484 0.03985507246376811 0.08196721311475409
1 0.39492753623188404 0.3005464480874317 0.13043478260869565 0.31693989071038253
1 0.2898550724637681 0.21311475409836064 0.13043478260869565 0.19672131147540983
1 0.19021739130434784 0.25956284153005466 0.18478260869565216 0.2568306010928962
1 0.322463768115942 0.34153005464480873 0.09420289855072464 0.10382513661202186
1 0.07065217391304347 0.3633879781420765 0.06884057971014493 0.16939890710382513
1 0.13768115942028986 0.38524590163934425 0.07246376811594203 0.12568306010928962
1 0.17753623188405798 0.40710382513661203 0.07971014492753623 0.10382513661202186
1 0.15579710144927536 0.4918032786885246 0.12318840579710146 0.1092896174863388
1 0.030797101449275364 0.4180327868852459 0.06159420289855073 0.08196721311475409
1 0.04710144927536232 0.5792349726775956 0.09420289855072464 0.31693989071038253
1 0.10326086956521739 0.5983606557377049 0.19927536231884058 0.3114754098360656
1 0.07608695652173914 0.7814207650273224 0.15217391304347827 0.09836065573770492
1 0.036231884057971016 0.9098360655737705 0.07246376811594203 0.16939890710382513
1 0.22282608695652173 0.860655737704918 0.19927536231884058 0.2677595628415301
1 0.44565217391304346 0.8005464480874317 0.2608695652173913 0.2896174863387978
1 0.532608695652174 0.7759562841530054 0.08695652173913043 0.34972677595628415
1 0.5670289855072463 0.8387978142076503 0.09782608695652174 0.22404371584699453
1 0.5869565217391305 0.8360655737704918 0.11594202898550725 0.13114754098360656
1 0.18659420289855072 0.32786885245901637 0.07608695652173914 0.16393442622950818
1 0.11775362318840579 0.6830601092896175 0.08333333333333333 0.12021857923497267
1 0.18840579710144928 0.6092896174863388 0.07246376811594203 0.09289617486338798
1 0.26268115942028986 0.5628415300546448 0.06884057971014493 0.07650273224043716
1 0.20108695652173914 0.6912568306010929 0.09782608695652174 0.3224043715846995
1 0.30434782608695654 0.5655737704918032 0.2246376811594203 0.3224043715846995
1 0.4257246376811594 0.5136612021857924 0.20652173913043478 0.29508196721311475
1 0.3007246376811594 0.47540983606557374 0.17391304347826086 0.09836065573770492
1 0.3804347826086957 0.40437158469945356 0.09420289855072464 0.09836065573770492