1 0.8262548262548263 0.7396907216494846 0.2625482625482625 0.33505154639175255
1 0.5984555984555985 0.5515463917525774 0.2548262548262548 0.32989690721649484
1 0.7895752895752896 0.5025773195876289 0.16602316602316602 0.19072164948453607
1 0.5579150579150579 0.845360824742268 0.24324324324324326 0.25773195876288657
1 0.3841698841698842 0.6804123711340206 0.21235521235521235 0.26804123711340205
1 0.4189189189189189 0.47680412371134023 0.1274131274131274 0.18041237113402062
1 0.277992277992278 0.5128865979381443 0.16216216216216217 0.23195876288659795
1 0.20077220077220076 0.6675257731958762 0.16988416988416988 0.25257731958762886
1 0.5617760617760618 0.35309278350515466 0.11969111969111969 0.12886597938144329
1 0.7104247104247104 0.3247422680412371 0.2084942084942085 0.21649484536082475
1 0.833976833976834 0.38144329896907214 0.06177606177606178 0.09278350515463918
1 0.35135135135135137 0.35051546391752575 0.3088803088803089 0.2268041237113402
1 0.2335907335907336 0.21649484536082475 0.10424710424710425 0.14432989690721648
1 0.30115830115830117 0.16237113402061856 0.10038610038610038 0.15979381443298968
1 0.3861003861003861 0.1211340206185567 0.07722007722007722 0.11855670103092783
1 0.4111969111969112 0.2757731958762887 0.09652509652509653 0.11855670103092783
1 0.5 0.2345360824742268 0.0888030888030888 0.12886597938144329
1 0.6023166023166023 0.22938144329896906 0.11583011583011583 0.14948453608247422
1 0.6274131274131274 0.16237113402061856 0.07335907335907337 0.06701030927835051
1 0.5656370656370656 0.13917525773195877 0.08108108108108109 0.09278350515463918
1 0.48841698841698844 0.1211340206185567 0.06563706563706563 0.08762886597938144
1 0.4305019305019305 0.059278350515463915 0.0888030888030888 0.06701030927835051
1 0.12355212355212356 0.21391752577319587 0.16216216216216217 0.17010309278350516
1 0.5617760617760618 0.15979381443298968 0.7606177606177607 0.31958762886597936
1 0.6911196911196911 0.10824742268041238 0.29343629343629346 0.20618556701030927
1 0.33204633204633205 0.41494845360824745 0.6640926640926641 0.7474226804123711