1 0.9656488549618321 0.8782383419689119 0.061068702290076333 0.17098445595854922
1 0.9580152671755725 0.9715025906735751 0.07633587786259542 0.046632124352331605
1 0.8492366412213741 0.883419689119171 0.1717557251908397 0.21243523316062177
1 0.9541984732824428 0.7046632124352331 0.08396946564885496 0.15544041450777202
1 0.9408396946564885 0.6062176165803109 0.11068702290076336 0.12435233160621761
1 0.9561068702290076 0.48186528497409326 0.08015267175572519 0.22797927461139897
1 0.8912213740458015 0.3911917098445596 0.08778625954198473 0.12953367875647667
1 0.9255725190839694 0.25906735751295334 0.14122137404580154 0.24870466321243523
1 0.9236641221374046 0.07512953367875648 0.1450381679389313 0.15025906735751296
1 0.8110687022900763 0.13989637305699482 0.11068702290076336 0.16580310880829016
1 0.7900763358778626 0.33419689119170987 0.1297709923664122 0.22279792746113988
1 0.8473282442748091 0.5155440414507773 0.13740458015267176 0.17098445595854922
1 0.8320610687022901 0.6994818652849741 0.16030534351145037 0.21761658031088082
1 0.6908396946564885 0.7979274611398963 0.15267175572519084 0.19689119170984457
1 0.6984732824427481 0.9222797927461139 0.1297709923664122 0.10362694300518134
1 0.6736641221374046 0.9740932642487047 0.09541984732824428 0.04145077720207254
1 0.7175572519083969 0.6476683937823834 0.10687022900763359 0.08290155440414508
1 0.6946564885496184 0.5103626943005182 0.16030534351145037 0.20207253886010362
1 0.7022900763358778 0.26424870466321243 0.183206106870229 0.24870466321243523
1 0.6793893129770993 0.10103626943005181 0.15267175572519084 0.18134715025906736
1 0.7251908396946565 0.031088082901554404 0.12213740458015267 0.06217616580310881
1 0.601145038167939 0.04404145077720207 0.11068702290076336 0.08808290155440414
1 0.5248091603053435 0.15025906735751296 0.15648854961832062 0.17616580310880828
1 0.5725190839694656 0.35751295336787564 0.13740458015267176 0.22797927461139897
1 0.48091603053435117 0.30310880829015546 0.19083969465648856 0.2849740932642487
1 0.5553435114503816 0.6217616580310881 0.22519083969465647 0.29015544041450775
1 0.5515267175572519 0.8782383419689119 0.16412213740458015 0.23316062176165803
1 0.40458015267175573 0.7538860103626943 0.1450381679389313 0.20207253886010362
1 0.3549618320610687 0.533678756476684 0.19083969465648856 0.24870466321243523
1 0.2748091603053435 0.27461139896373055 0.21374045801526717 0.29015544041450775
1 0.36450381679389315 0.09585492227979274 0.16412213740458015 0.19170984455958548
1 0.4713740458015267 0.031088082901554404 0.14885496183206107 0.06217616580310881
1 0.2919847328244275 0.018134715025906734 0.11068702290076336 0.03626943005181347
1 0.183206106870229 0.12176165803108809 0.16030534351145037 0.20207253886010362
1 0.1965648854961832 0.37823834196891193 0.12595419847328243 0.19689119170984457
1 0.1736641221374046 0.6295336787564767 0.17938931297709923 0.21243523316062177
1 0.1736641221374046 0.5129533678756477 0.11068702290076336 0.06217616580310881
1 0.3110687022900763 0.6813471502590673 0.07251908396946564 0.09844559585492228
1 0.25572519083969464 0.8316062176165803 0.17557251908396945 0.24352331606217617
1 0.40076335877862596 0.9326424870466321 0.16793893129770993 0.12435233160621761
1 0.12213740458015267 0.9507772020725389 0.1450381679389313 0.08808290155440414
1 0.12022900763358779 0.8290155440414507 0.10305343511450382 0.17616580310880828
1 0.030534351145038167 0.8031088082901554 0.061068702290076333 0.22797927461139897
1 0.04198473282442748 0.5647668393782384 0.08396946564885496 0.24870466321243523
1 0.07442748091603053 0.45595854922279794 0.08778625954198473 0.13471502590673576
1 0.026717557251908396 0.3005181347150259 0.05343511450381679 0.25906735751295334
1 0.07061068702290077 0.2616580310880829 0.14122137404580154 0.2538860103626943
1 0.061068702290076333 0.06217616580310881 0.12213740458015267 0.12435233160621761
1 0.49809160305343514 0.49740932642487046 0.9961832061068703 0.9948186528497409