1 0.8589743589743589 0.4702702702702703 0.0695970695970696 0.2702702702702703
1 0.9139194139194139 0.6243243243243243 0.09157509157509157 0.10270270270270271
1 0.8534798534798534 0.6675675675675675 0.08058608058608059 0.07027027027027027
1 0.8791208791208791 0.7486486486486487 0.05128205128205128 0.0918918918918919
1 0.7728937728937729 0.8945945945945946 0.029304029304029304 0.03783783783783784
1 0.8131868131868132 0.845945945945946 0.014652014652014652 0.03783783783783784
1 0.5274725274725275 0.8648648648648649 0.13186813186813187 0.12972972972972974
1 0.43040293040293043 0.9297297297297298 0.10622710622710622 0.10810810810810811
1 0.32234432234432236 0.8702702702702703 0.08791208791208792 0.11891891891891893
1 0.32967032967032966 0.9513513513513514 0.09523809523809523 0.08648648648648649
1 0.20146520146520147 0.9162162162162162 0.13186813186813187 0.14594594594594595
1 0.2564102564102564 0.9783783783783784 0.11721611721611722 0.032432432432432434
1 0.09523809523809523 0.8378378378378378 0.10256410256410256 0.10810810810810811
1 0.23809523809523808 0.7351351351351352 0.08791208791208792 0.16216216216216217
1 0.2564102564102564 0.8324324324324325 0.05128205128205128 0.08648648648648649
1 0.3241758241758242 0.8324324324324325 0.09157509157509157 0.08648648648648649
1 0.4010989010989011 0.8216216216216217 0.054945054945054944 0.032432432432432434
1 0.4413919413919414 0.827027027027027 0.040293040293040296 0.032432432432432434
1 0.4725274725274725 0.7675675675675676 0.06593406593406594 0.07567567567567568
1 0.5164835164835165 0.7675675675675676 0.05128205128205128 0.07567567567567568
1 0.5402930402930403 0.7432432432432432 0.03296703296703297 0.04864864864864865
1 0.5457875457875457 0.772972972972973 0.04395604395604396 0.043243243243243246
1 0.5567765567765568 0.7864864864864864 0.06593406593406594 0.08108108108108109
1 0.652014652014652 0.8027027027027027 0.1391941391941392 0.13513513513513514
1 0.6813186813186813 0.6864864864864865 0.06593406593406594 0.08648648648648649
1 0.7417582417582418 0.6567567567567567 0.07692307692307693 0.04864864864864865
1 0.7619047619047619 0.7081081081081081 0.06593406593406594 0.06486486486486487
1 0.8040293040293041 0.6891891891891891 0.03296703296703297 0.04864864864864865
1 0.73992673992674 0.7405405405405405 0.10256410256410256 0.08648648648648649
1 0.6373626373626373 0.7378378378378379 0.08791208791208792 0.07027027027027027
1 0.5915750915750916 0.7108108108108108 0.06227106227106227 0.0918918918918919
1 0.608058608058608 0.654054054054054 0.05860805860805861 0.07567567567567568
1 0.6336996336996337 0.7081081081081081 0.04395604395604396 0.07567567567567568
1 0.7582417582417582 0.5702702702702702 0.15384615384615385 0.16756756756756758
1 0.7380952380952381 0.4189189189189189 0.1575091575091575 0.22162162162162163
1 0.8333333333333334 0.41621621621621624 0.03296703296703297 0.05405405405405406
1 0.8186813186813187 0.46756756756756757 0.02564102564102564 0.04864864864864865
1 0.6062271062271062 0.4540540540540541 0.10622710622710622 0.14054054054054055
1 0.8534798534798534 0.2810810810810811 0.05128205128205128 0.08648648648648649
1 0.8351648351648352 0.3216216216216216 0.05128205128205128 0.07027027027027027
1 0.7710622710622711 0.2918918918918919 0.07692307692307693 0.0972972972972973
1 0.7490842490842491 0.1891891891891892 0.07692307692307693 0.08648648648648649
1 0.8003663003663004 0.20540540540540542 0.03296703296703297 0.07567567567567568
1 0.8058608058608059 0.17567567567567569 0.10989010989010989 0.10270270270270271
1 0.8333333333333334 0.14324324324324325 0.047619047619047616 0.07027027027027027
1 0.8296703296703297 0.0918918918918919 0.054945054945054944 0.07567567567567568
1 0.7545787545787546 0.10270270270270271 0.029304029304029304 0.032432432432432434
1 0.7362637362637363 0.12432432432432433 0.02197802197802198 0.021621621621621623
1 0.6886446886446886 0.14324324324324325 0.08791208791208792 0.08108108108108109
1 0.6062271062271062 0.13513513513513514 0.047619047619047616 0.043243243243243246
1 0.5622710622710623 0.13513513513513514 0.018315018315018316 0.021621621621621623
1 0.5439560439560439 0.1945945945945946 0.08424908424908426 0.06486486486486487
1 0.42857142857142855 0.2945945945945946 0.2857142857142857 0.4486486486486487
1 0.4084249084249084 0.26756756756756755 0.34798534798534797 0.21081081081081082
1 0.4725274725274725 0.3945945945945946 0.17582417582417584 0.20540540540540542
1 0.5531135531135531 0.327027027027027 0.17582417582417584 0.25405405405405407
1 0.44505494505494503 0.3891891891891892 0.15018315018315018 0.32432432432432434
1 0.45787545787545786 0.4891891891891892 0 0.005405405405405406
1 0.489010989010989 0.527027027027027 0.07692307692307693 0.07027027027027027
1 0.5073260073260073 0.654054054054054 0.1575091575091575 0.31351351351351353
1 0.36446886446886445 0.6216216216216216 0.1575091575091575 0.15135135135135136
1 0.358974358974359 0.7351351351351352 0.15384615384615385 0.11891891891891893
1 0.19047619047619047 0.5594594594594594 0.08058608058608059 0.1891891891891892
1 0.24725274725274726 0.5918918918918918 0.03296703296703297 0.03783783783783784
1 0.25274725274725274 0.46756756756756757 0.08058608058608059 0.21081081081081082
1 0.2838827838827839 0.5324324324324324 0.047619047619047616 0.0918918918918919
1 0.3241758241758242 0.4486486486486487 0.018315018315018316 0.043243243243243246
1 0.34065934065934067 0.4 0.029304029304029304 0.032432432432432434
1 0.2838827838827839 0.26216216216216215 0.08424908424908426 0.11351351351351352
1 0.30036630036630035 0.21891891891891893 0.13186813186813187 0.0918918918918919
1 0.22893772893772893 0.2648648648648649 0.040293040293040296 0.10810810810810811
1 0.20146520146520147 0.22972972972972974 0.03663003663003663 0.04864864864864865
1 0.19597069597069597 0.2702702702702703 0.02564102564102564 0.043243243243243246
1 0.1684981684981685 0.25135135135135134 0.05128205128205128 0.08108108108108109
1 0.18315018315018314 0.31351351351351353 0.029304029304029304 0.05405405405405406
1 0.17765567765567766 0.32972972972972975 0.018315018315018316 0.021621621621621623
1 0.17582417582417584 0.36486486486486486 0.014652014652014652 0.02702702702702703
1 0.2087912087912088 0.372972972972973 0.05860805860805861 0.0972972972972973
1 0.19597069597069597 0.4486486486486487 0.054945054945054944 0.08648648648648649
1 0.20512820512820512 0.44324324324324327 0.014652014652014652 0.021621621621621623
1 0.608058608058608 0.04594594594594595 0.1978021978021978 0.0918918918918919
1 0.7435897435897436 0.04054054054054054 0.13186813186813187 0.08108108108108109
1 0.5073260073260073 0.04594594594594595 0.07692307692307693 0.0918918918918919
1 0.4010989010989011 0.05405405405405406 0.07692307692307693 0.10810810810810811