1 0.1020066889632107 0.46449704142011833 0.2040133779264214 0.2781065088757396
1 0.9498327759197325 0.665680473372781 0.09364548494983277 0.2781065088757396
1 0.9063545150501672 0.8727810650887574 0.1806020066889632 0.24260355029585798
1 0.07190635451505016 0.6775147928994083 0.14381270903010032 0.23076923076923078
1 0.15719063545150502 0.834319526627219 0.04013377926421405 0.03550295857988166
1 0.1354515050167224 0.8846153846153846 0.023411371237458192 0.04142011834319527
1 0.12040133779264214 0.9497041420118343 0.033444816053511704 0.04142011834319527
1 0.10367892976588629 0.9615384615384616 0.020066889632107024 0.0650887573964497
1 0.07357859531772576 0.9230769230769231 0.04013377926421405 0.03550295857988166
1 0.03511705685618729 0.9674556213017751 0.03678929765886288 0.05325443786982249
1 0.5301003344481605 0.35798816568047337 0.24414715719063546 0.25443786982248523
1 0.6337792642140468 0.5325443786982249 0.15719063545150502 0.3076923076923077
1 0.4531772575250836 0.5266272189349113 0.2040133779264214 0.3431952662721893
1 0.39464882943143814 0.5473372781065089 0.31438127090301005 0.23076923076923078
1 0.6889632107023411 0.5769230769230769 0.2608695652173913 0.28994082840236685
1 0.6906354515050167 0.7248520710059172 0.17725752508361203 0.25443786982248523
1 0.5384615384615384 0.772189349112426 0.16722408026755853 0.21893491124260356
1 0.4096989966555184 0.7662721893491125 0.23745819397993312 0.21893491124260356
1 0.7441471571906354 0.03550295857988166 0.18394648829431437 0.07100591715976332