1 0.9432234432234432 0.8233695652173914 0.10622710622710622 0.19021739130434784
1 0.8937728937728938 0.9103260869565217 0.20512820512820512 0.16847826086956522
1 0.8882783882783882 0.9347826086956522 0.21611721611721613 0.11956521739130435
1 0.7692307692307693 0.9483695652173914 0.04395604395604396 0.09239130434782608
1 0.6996336996336996 0.9347826086956522 0.09523809523809523 0.11956521739130435
1 0.6575091575091575 0.967391304347826 0.09157509157509157 0.05434782608695652
1 0.7692307692307693 0.7663043478260869 0.23443223443223443 0.29347826086956524
1 0.8736263736263736 0.6603260869565217 0.2454212454212454 0.5380434782608695
1 0.9487179487179487 0.5027173913043478 0.09523809523809523 0.10326086956521739
1 0.8827838827838828 0.29347826086956524 0.21978021978021978 0.3695652173913043
1 0.8882783882783882 0.08152173913043478 0.21611721611721613 0.16304347826086957
1 0.7271062271062271 0.11413043478260869 0.14285714285714285 0.22826086956521738
1 0.6831501831501832 0.3451086956521739 0.2600732600732601 0.3532608695652174
1 0.7747252747252747 0.4266304347826087 0.0989010989010989 0.14673913043478262
1 0.8498168498168498 0.5244565217391305 0.10256410256410256 0.15760869565217392
1 0.793040293040293 0.6114130434782609 0.07692307692307693 0.1358695652173913
1 0.706959706959707 0.6875 0.09523809523809523 0.15760869565217392
1 0.7142857142857143 0.5407608695652174 0.10989010989010989 0.14673913043478262
1 0.6153846153846154 0.6032608695652174 0.10989010989010989 0.1956521739130435
1 0.5659340659340659 0.7744565217391305 0.07692307692307693 0.19021739130434784
1 0.6465201465201466 0.75 0.11355311355311355 0.18478260869565216
1 0.5622710622710623 0.8097826086956522 0.12087912087912088 0.09782608695652174
1 0.6153846153846154 0.904891304347826 0.07326007326007326 0.10326086956521739
1 0.5586080586080586 0.9293478260869565 0.08424908424908426 0.13043478260869565
1 0.510989010989011 0.8777173913043478 0.047619047619047616 0.09239130434782608
1 0.5 0.9483695652173914 0.12087912087912088 0.09239130434782608
1 0.4340659340659341 0.8233695652173914 0.14285714285714285 0.20108695652173914
1 0.5054945054945055 0.6657608695652174 0.13186813186813187 0.20108695652173914
1 0.5311355311355311 0.5489130434782609 0.05128205128205128 0.07608695652173914
1 0.5586080586080586 0.48641304347826086 0.054945054945054944 0.09239130434782608
1 0.5238095238095238 0.358695652173913 0.07326007326007326 0.20652173913043478
1 0.5934065934065934 0.2418478260869565 0.13186813186813187 0.15760869565217392
1 0.5952380952380952 0.08695652173913043 0.14285714285714285 0.17391304347826086
1 0.6373626373626373 0.010869565217391304 0.3443223443223443 0.021739130434782608
1 0.4249084249084249 0.1766304347826087 0.21978021978021978 0.3532608695652174
1 0.38461538461538464 0.36141304347826086 0.07326007326007326 0.10326086956521739
1 0.4267399267399267 0.39945652173913043 0.13553113553113552 0.14673913043478262
1 0.4468864468864469 0.5054347826086957 0.16117216117216118 0.1956521739130435
1 0.3992673992673993 0.6114130434782609 0.09523809523809523 0.22282608695652173
1 0.37362637362637363 0.9375 0.13186813186813187 0.11413043478260869
1 0.33882783882783885 0.8478260869565217 0.040293040293040296 0.05434782608695652
1 0.32783882783882784 0.7119565217391305 0.14285714285714285 0.1956521739130435
1 0.336996336996337 0.43478260869565216 0.05860805860805861 0.358695652173913
1 0.28205128205128205 0.4483695652173913 0.08058608058608059 0.3423913043478261
1 0.304029304029304 0.266304347826087 0.05860805860805861 0.2717391304347826
1 0.23992673992673993 0.266304347826087 0.07692307692307693 0.18478260869565216
1 0.21794871794871795 0.40217391304347827 0.10622710622710622 0.34782608695652173
1 0.24175824175824176 0.6440217391304348 0.05128205128205128 0.08152173913043478
1 0.25824175824175827 0.6684782608695652 0.06227106227106227 0.10869565217391304
1 0.19413919413919414 0.7418478260869565 0.05860805860805861 0.08152173913043478
1 0.1575091575091575 0.7771739130434783 0.03663003663003663 0.05434782608695652
1 0.06776556776556776 0.875 0.13553113553113552 0.2391304347826087
1 0.1978021978021978 0.8722826086956522 0.2490842490842491 0.24456521739130435
1 0.11355311355311355 0.5788043478260869 0.2271062271062271 0.3967391304347826
1 0.1043956043956044 0.45108695652173914 0.20146520146520147 0.043478260869565216
1 0.10622710622710622 0.4891304347826087 0.11721611721611722 0.10869565217391304
1 0.10989010989010989 0.17119565217391305 0.21978021978021978 0.3423913043478261
1 0.09706959706959707 0.358695652173913 0.19413919413919414 0.14130434782608695
1 0.24725274725274726 0.04619565217391304 0.11355311355311355 0.09239130434782608
1 0.27106227106227104 0.16847826086956522 0.10256410256410256 0.14130434782608695