1 0.9547244094488189 0.8819095477386935 0.08267716535433071 0.135678391959799
1 0.9389763779527559 0.6733668341708543 0.1141732283464567 0.2914572864321608
1 0.9153543307086615 0.40703517587939697 0.16141732283464566 0.271356783919598
1 0.8582677165354331 0.11055276381909548 0.2755905511811024 0.19095477386934673
1 0.9133858267716536 0.2814070351758794 0.16535433070866143 0.16080402010050251
1 0.7716535433070866 0.3165829145728643 0.1732283464566929 0.22110552763819097
1 0.7696850393700787 0.1934673366834171 0.1141732283464567 0.08542713567839195
1 0.8366141732283464 0.5552763819095478 0.1220472440944882 0.135678391959799
1 0.7854330708661418 0.6733668341708543 0.1141732283464567 0.19095477386934673
1 0.8877952755905512 0.7286432160804021 0.1141732283464567 0.20100502512562815
1 0.8740157480314961 0.8844221105527639 0.08661417322834646 0.1306532663316583
1 0.7303149606299213 0.8140703517587939 0.20866141732283464 0.271356783919598
1 0.6220472440944882 0.907035175879397 0.11023622047244094 0.08542713567839195
1 0.5196850393700787 0.9020100502512562 0.11811023622047244 0.09547738693467336
1 0.4921259842519685 0.7261306532663316 0.1968503937007874 0.2562814070351759
1 0.6062992125984252 0.7688442211055276 0.09448818897637795 0.1407035175879397
1 0.655511811023622 0.6080402010050251 0.16929133858267717 0.19095477386934673
1 0.3484251968503937 0.7361809045226131 0.1220472440944882 0.18592964824120603
1 0.32086614173228345 0.8768844221105527 0.18503937007874016 0.10552763819095477
1 0.06692913385826772 0.7989949748743719 0.13385826771653545 0.23115577889447236
1 0.06692913385826772 0.7412060301507538 0.13385826771653545 0.41708542713567837
1 0.13976377952755906 0.3869346733668342 0.22440944881889763 0.2613065326633166
1 0.10039370078740158 0.1708542713567839 0.19291338582677164 0.24120603015075376
1 0.22440944881889763 0.15577889447236182 0.11811023622047244 0.20100502512562815
1 0.33858267716535434 0.13316582914572864 0.12598425196850394 0.12562814070351758
1 0.4704724409448819 0.135678391959799 0.20078740157480315 0.1708542713567839
1 0.48031496062992124 0.2989949748743719 0.25196850393700787 0.24623115577889448
1 0.6476377952755905 0.2964824120603015 0.1141732283464567 0.19095477386934673
1 0.6122047244094488 0.19095477386934673 0.09055118110236221 0.08040201005025126
1 0.6496062992125984 0.09045226130653267 0.18110236220472442 0.18090452261306533
1 0.7696850393700787 0.01507537688442211 0.12992125984251968 0.03015075376884422
1 0.844488188976378 0.032663316582914576 0.051181102362204724 0.04522613065326633
1 0.9409448818897638 0.01256281407035176 0.11023622047244094 0.02512562814070352
1 0.44291338582677164 0.03768844221105527 0.23228346456692914 0.07537688442211055
1 0.08070866141732283 0.03768844221105527 0.16141732283464566 0.07537688442211055
1 0.35826771653543305 0.5 0.1732283464566929 0.3165829145728643
1 0.5590551181102362 0.48743718592964824 0.2125984251968504 0.23115577889447236
1 0.23622047244094488 0.7311557788944724 0.10236220472440945 0.21608040201005024
1 0.1830708661417323 0.6231155778894473 0.07480314960629922 0.10050251256281408
1 0.49803149606299213 0.4748743718592965 0.9960629921259843 0.949748743718593