1 0.861003861003861 0.845360824742268 0.2702702702702703 0.29896907216494845
1 0.8976833976833977 0.6314432989690721 0.1969111969111969 0.2422680412371134
1 0.7953667953667953 0.422680412371134 0.33976833976833976 0.26804123711340205
1 0.8706563706563707 0.20618556701030927 0.16602316602316602 0.23711340206185566
1 0.7239382239382239 0.08505154639175258 0.18146718146718147 0.17010309278350516
1 0.7548262548262549 0.2268041237113402 0.0888030888030888 0.17525773195876287
1 0.6737451737451737 0.2422680412371134 0.14285714285714285 0.1958762886597938
1 0.6023166023166023 0.14175257731958762 0.13127413127413126 0.10824742268041238
1 0.5482625482625483 0.2345360824742268 0.10810810810810811 0.10824742268041238
1 0.5424710424710425 0.13402061855670103 0.05019305019305019 0.05154639175257732
1 0.5038610038610039 0.14690721649484537 0.06563706563706563 0.08762886597938144
1 0.4575289575289575 0.20618556701030927 0.09652509652509653 0.16494845360824742
1 0.44594594594594594 0.11082474226804123 0.0888030888030888 0.08762886597938144
1 0.36293436293436293 0.12628865979381443 0.08494208494208494 0.06701030927835051
1 0.36293436293436293 0.20103092783505155 0.10038610038610038 0.13402061855670103
1 0.5637065637065637 0.36855670103092786 0.15444015444015444 0.19072164948453607
1 0.6061776061776062 0.6726804123711341 0.3861003861003861 0.4896907216494845
1 0.527027027027027 0.9587628865979382 0.23552123552123552 0.07216494845360824
1 0.27606177606177607 0.8195876288659794 0.3359073359073359 0.35051546391752575
1 0.3416988416988417 0.538659793814433 0.1969111969111969 0.25257731958762886
1 0.13320463320463322 0.5670103092783505 0.2277992277992278 0.31958762886597936
1 0.06563706563706563 0.7216494845360825 0.13127413127413126 0.5360824742268041
1 0.28957528957528955 0.39690721649484534 0.416988416988417 0.27835051546391754
1 0.1891891891891892 0.2809278350515464 0.12355212355212356 0.11855670103092783
1 0.16216216216216217 0.22422680412371135 0.32432432432432434 0.3865979381443299