1 0.5854545454545454 0.28688524590163933 0.21818181818181817 0.3333333333333333
1 0.45636363636363636 0.4453551912568306 0.2509090909090909 0.3442622950819672
1 0.22727272727272727 0.5355191256830601 0.24363636363636362 0.37158469945355194
1 0.2109090909090909 0.27049180327868855 0.23272727272727273 0.2677595628415301
1 0.3890909090909091 0.17486338797814208 0.2109090909090909 0.29508196721311475
1 0.9381818181818182 0.6366120218579235 0.10909090909090909 0.5081967213114754
1 0.8436363636363636 0.639344262295082 0.10909090909090909 0.5573770491803278
1 0.29818181818181816 0.825136612021858 0.4218181818181818 0.33879781420765026
1 0.44363636363636366 0.8442622950819673 0.2109090909090909 0.09289617486338798
1 0.39090909090909093 0.9426229508196722 0.7454545454545455 0.10382513661202186
1 0.6836363636363636 0.9043715846994536 0.26181818181818184 0.09289617486338798
1 0.08727272727272728 0.15027322404371585 0.16727272727272727 0.18032786885245902
1 0.1290909090909091 0.03278688524590164 0.04727272727272727 0.06557377049180328
1 0.35454545454545455 0.08196721311475409 0.37454545454545457 0.16393442622950818
1 0.769090909090909 0.19398907103825136 0.45454545454545453 0.3879781420765027