1 0.028985507246376812 0.8598901098901099 0.057971014492753624 0.1043956043956044
1 0.012681159420289856 0.9560439560439561 0.025362318840579712 0.07692307692307693
1 0.036231884057971016 0.9697802197802198 0.050724637681159424 0.04945054945054945
1 0.07608695652173914 0.9010989010989011 0.07971014492753623 0.10989010989010989
1 0.11956521739130435 0.9615384615384616 0.07971014492753623 0.06593406593406594
1 0.2028985507246377 0.967032967032967 0.07246376811594203 0.054945054945054944
1 0.17391304347826086 0.9010989010989011 0.07971014492753623 0.12087912087912088
1 0.13949275362318841 0.8241758241758241 0.10507246376811594 0.13186813186813187
1 0.09601449275362318 0.8021978021978022 0.09057971014492754 0.0989010989010989
1 0.2318840579710145 0.782967032967033 0.07246376811594203 0.11538461538461539
1 0.2210144927536232 0.8571428571428571 0.050724637681159424 0.07692307692307693
1 0.2463768115942029 0.9313186813186813 0.07246376811594203 0.11538461538461539
1 0.29528985507246375 0.8983516483516484 0.08333333333333333 0.11538461538461539
1 0.33695652173913043 0.9587912087912088 0.07971014492753623 0.07142857142857142
1 0.39311594202898553 0.9423076923076923 0.05434782608695652 0.07142857142857142
1 0.427536231884058 0.9148351648351648 0.06521739130434782 0.08241758241758242
1 0.4528985507246377 0.8708791208791209 0.043478260869565216 0.07142857142857142
1 0.46557971014492755 0.8021978021978022 0.04710144927536232 0.07692307692307693
1 0.49094202898550726 0.7692307692307693 0.05434782608695652 0.054945054945054944
1 0.5036231884057971 0.8241758241758241 0.06521739130434782 0.08791208791208792
1 0.42391304347826086 0.7554945054945055 0.043478260869565216 0.09340659340659341
1 0.3858695652173913 0.7582417582417582 0.04710144927536232 0.08791208791208792
1 0.4166666666666667 0.8324175824175825 0.043478260869565216 0.08241758241758242
1 0.37681159420289856 0.8296703296703297 0.043478260869565216 0.08791208791208792
1 0.358695652173913 0.8653846153846154 0.057971014492753624 0.08241758241758242
1 0.3007246376811594 0.7939560439560439 0.07246376811594203 0.09340659340659341
1 0.33695652173913043 0.7472527472527473 0.050724637681159424 0.08791208791208792
1 0.3115942028985507 0.6758241758241759 0.057971014492753624 0.06593406593406594
1 0.302536231884058 0.7197802197802198 0.11231884057971014 0.06593406593406594
1 0.2246376811594203 0.6978021978021978 0.06521739130434782 0.054945054945054944
1 0.3677536231884058 0.6813186813186813 0.06159420289855073 0.08791208791208792
1 0.358695652173913 0.6318681318681318 0.043478260869565216 0.03296703296703297
1 0.4148550724637681 0.6428571428571429 0.06159420289855073 0.0989010989010989
1 0.46195652173913043 0.7005494505494505 0.06884057971014493 0.11538461538461539
1 0.5036231884057971 0.6648351648351648 0.043478260869565216 0.07692307692307693
1 0.48007246376811596 0.6016483516483516 0.03985507246376811 0.08241758241758242
1 0.4492753623188406 0.6153846153846154 0.036231884057971016 0.06593406593406594
1 0.5126811594202898 0.7225274725274725 0.025362318840579712 0.038461538461538464
1 0.5253623188405797 0.7637362637362637 0.014492753623188406 0.03296703296703297
1 0.5452898550724637 0.7939560439560439 0.03260869565217391 0.04945054945054945
1 0.041666666666666664 0.6346153846153846 0.08333333333333333 0.1043956043956044
1 0.04528985507246377 0.5247252747252747 0.06884057971014493 0.1043956043956044
1 0.025362318840579712 0.4258241758241758 0.050724637681159424 0.1043956043956044
1 0.07971014492753623 0.40934065934065933 0.10144927536231885 0.11538461538461539
1 0.11231884057971014 0.5137362637362637 0.06521739130434782 0.11538461538461539
1 0.11413043478260869 0.6098901098901099 0.06159420289855073 0.0989010989010989
1 0.1503623188405797 0.4230769230769231 0.03985507246376811 0.0989010989010989
1 0.17572463768115942 0.5 0.05434782608695652 0.0989010989010989
1 0.1721014492753623 0.5989010989010989 0.04710144927536232 0.0989010989010989
1 0.22282608695652173 0.5714285714285714 0.05434782608695652 0.0989010989010989
1 0.22644927536231885 0.4835164835164835 0.04710144927536232 0.08791208791208792
1 0.1956521739130435 0.4175824175824176 0.043478260869565216 0.0989010989010989
1 0.22644927536231885 0.4065934065934066 0.03985507246376811 0.08791208791208792
1 0.2608695652173913 0.3901098901098901 0.043478260869565216 0.07692307692307693
1 0.3061594202898551 0.39285714285714285 0.04710144927536232 0.07142857142857142
1 0.3496376811594203 0.3901098901098901 0.03985507246376811 0.07692307692307693
1 0.3894927536231884 0.3708791208791209 0.04710144927536232 0.07142857142857142
1 0.42028985507246375 0.36813186813186816 0.036231884057971016 0.06593406593406594
1 0.4365942028985507 0.35714285714285715 0.03985507246376811 0.06593406593406594
1 0.4673913043478261 0.3598901098901099 0.028985507246376812 0.07142857142857142
1 0.5018115942028986 0.3516483516483517 0.03985507246376811 0.054945054945054944
1 0.266304347826087 0.4697802197802198 0.04710144927536232 0.08241758241758242
1 0.3115942028985507 0.46703296703296704 0.050724637681159424 0.07692307692307693
1 0.3532608695652174 0.4642857142857143 0.04710144927536232 0.08241758241758242
1 0.38768115942028986 0.4423076923076923 0.043478260869565216 0.08241758241758242
1 0.4148550724637681 0.4175824175824176 0.025362318840579712 0.04395604395604396
1 0.4311594202898551 0.4423076923076923 0.050724637681159424 0.08241758241758242
1 0.4673913043478261 0.4258241758241758 0.043478260869565216 0.06043956043956044
1 0.49818840579710144 0.40934065934065933 0.03260869565217391 0.06043956043956044
1 0.5271739130434783 0.40384615384615385 0.03260869565217391 0.04945054945054945
1 0.26992753623188404 0.5576923076923077 0.03985507246376811 0.09340659340659341
1 0.30434782608695654 0.5439560439560439 0.036231884057971016 0.07692307692307693
1 0.338768115942029 0.532967032967033 0.03260869565217391 0.06593406593406594
1 0.37318840579710144 0.521978021978022 0.036231884057971016 0.07692307692307693
1 0.40398550724637683 0.510989010989011 0.03260869565217391 0.054945054945054944
1 0.4329710144927536 0.5 0.025362318840579712 0.054945054945054944
1 0.4583333333333333 0.489010989010989 0.03985507246376811 0.054945054945054944
1 0.4963768115942029 0.47527472527472525 0.036231884057971016 0.06043956043956044
1 0.5235507246376812 0.45054945054945056 0.025362318840579712 0.04395604395604396
1 0.5416666666666666 0.6456043956043956 0.03260869565217391 0.038461538461538464
1 0.5344202898550725 0.6758241758241759 0.018115942028985508 0.03296703296703297
1 0.5579710144927537 0.695054945054945 0.057971014492753624 0.1043956043956044
1 0.5706521739130435 0.717032967032967 0.06159420289855073 0.1043956043956044
1 0.5960144927536232 0.7087912087912088 0.06159420289855073 0.08791208791208792
1 0.6086956521739131 0.728021978021978 0.050724637681159424 0.07142857142857142
1 0.657608695652174 0.5054945054945055 0.05434782608695652 0.06593406593406594
1 0.7010869565217391 0.47527472527472525 0.05434782608695652 0.04945054945054945
1 0.7065217391304348 0.5192307692307693 0.043478260869565216 0.04945054945054945
1 0.7445652173913043 0.4835164835164835 0.018115942028985508 0.02197802197802198
1 0.7681159420289855 0.4340659340659341 0.050724637681159424 0.07692307692307693
1 0.7952898550724637 0.45604395604395603 0.025362318840579712 0.04395604395604396
1 0.802536231884058 0.3708791208791209 0.06884057971014493 0.08241758241758242
1 0.7427536231884058 0.5192307692307693 0.036231884057971016 0.027472527472527472
1 0.7717391304347826 0.5054945054945055 0.057971014492753624 0.06593406593406594
1 0.7463768115942029 0.5576923076923077 0.050724637681159424 0.038461538461538464
1 0.6231884057971014 0.5467032967032966 0.057971014492753624 0.04945054945054945
1 0.6956521739130435 0.5824175824175825 0.08695652173913043 0.08791208791208792
1 0.6322463768115942 0.6153846153846154 0.12681159420289856 0.07692307692307693
1 0.6539855072463768 0.6675824175824175 0.05434782608695652 0.06043956043956044
1 0.5543478260869565 0.5631868131868132 0.07971014492753623 0.06043956043956044
1 0.5452898550724637 0.6153846153846154 0.05434782608695652 0.03296703296703297
1 0.6141304347826086 0.6126373626373627 0.08333333333333333 0.06043956043956044
1 0.7264492753623188 0.33516483516483514 0.07608695652173914 0.16483516483516483
1 0.6739130434782609 0.11813186813186813 0.06521739130434782 0.13736263736263737
1 0.7282608695652174 0.12912087912087913 0.043478260869565216 0.13736263736263737
1 0.7989130434782609 0.1620879120879121 0.06884057971014493 0.08241758241758242
1 0.6268115942028986 0.09065934065934066 0.043478260869565216 0.08241758241758242
1 0.5942028985507246 0.10164835164835165 0.036231884057971016 0.04945054945054945
1 0.5652173913043478 0.0521978021978022 0.043478260869565216 0.06043956043956044
1 0.4692028985507246 0.038461538461538464 0.05434782608695652 0.07692307692307693
1 0.411231884057971 0.03021978021978022 0.05434782608695652 0.06043956043956044
1 0.35507246376811596 0.016483516483516484 0.050724637681159424 0.03296703296703297
1 0.5597826086956522 0.45604395604395603 0.03985507246376811 0.054945054945054944
1 0.5815217391304348 0.42857142857142855 0.08333333333333333 0.054945054945054944
1 0.5579710144927537 0.3516483516483517 0.028985507246376812 0.02197802197802198
1 0.49094202898550726 0.260989010989011 0.06884057971014493 0.027472527472527472
1 0.4528985507246377 0.19505494505494506 0.13043478260869565 0.038461538461538464
1 0.45652173913043476 0.21978021978021978 0.13768115942028986 0.04395604395604396
1 0.4891304347826087 0.16483516483516483 0.028985507246376812 0.06593406593406594
1 0.4311594202898551 0.14835164835164835 0.036231884057971016 0.04395604395604396
1 0.02355072463768116 0.23351648351648352 0.04710144927536232 0.07142857142857142
1 0.07065217391304347 0.22527472527472528 0.04710144927536232 0.07692307692307693
1 0.1105072463768116 0.22802197802197802 0.03260869565217391 0.04945054945054945
1 0.1503623188405797 0.22802197802197802 0.03260869565217391 0.06043956043956044
1 0.18115942028985507 0.23351648351648352 0.028985507246376812 0.06043956043956044
1 0.21557971014492755 0.2445054945054945 0.03260869565217391 0.04945054945054945
1 0.25 0.24175824175824176 0.036231884057971016 0.054945054945054944
1 0.02717391304347826 0.16758241758241757 0.04710144927536232 0.06043956043956044
1 0.09057971014492754 0.17032967032967034 0.036231884057971016 0.054945054945054944
1 0.125 0.17582417582417584 0.03260869565217391 0.04395604395604396
1 0.1721014492753623 0.16483516483516483 0.03260869565217391 0.054945054945054944
1 0.20471014492753623 0.18406593406593408 0.03260869565217391 0.04945054945054945
1 0.24818840579710144 0.18681318681318682 0.04710144927536232 0.054945054945054944
1 0.28442028985507245 0.18956043956043955 0.025362318840579712 0.04945054945054945
1 0.050724637681159424 0.11263736263736264 0.050724637681159424 0.07142857142857142
1 0.10869565217391304 0.11813186813186813 0.036231884057971016 0.04945054945054945
1 0.1431159420289855 0.10989010989010989 0.03260869565217391 0.054945054945054944
1 0.19021739130434784 0.12912087912087913 0.03260869565217391 0.04945054945054945
1 0.21920289855072464 0.12912087912087913 0.025362318840579712 0.04945054945054945
1 0.24094202898550723 0.11538461538461539 0.018115942028985508 0.02197802197802198
1 0.2572463768115942 0.14285714285714285 0.036231884057971016 0.04395604395604396
1 0.2898550724637681 0.13186813186813187 0.028985507246376812 0.04395604395604396
1 0.2554347826086957 0.09340659340659341 0.03985507246376811 0.03296703296703297
1 0.005434782608695652 0.10714285714285714 0.010869565217391304 0.07142857142857142
1 0.025362318840579712 0.046703296703296704 0.050724637681159424 0.07142857142857142
1 0.036231884057971016 0.019230769230769232 0.07246376811594203 0.038461538461538464
1 0.08514492753623189 0.019230769230769232 0.03260869565217391 0.038461538461538464
1 0.11594202898550725 0.016483516483516484 0.021739130434782608 0.03296703296703297
1 0.07789855072463768 0.07967032967032966 0.04710144927536232 0.06043956043956044
1 0.11775362318840579 0.06868131868131869 0.03985507246376811 0.06043956043956044
1 0.14130434782608695 0.03021978021978022 0.028985507246376812 0.04945054945054945
1 0.16847826086956522 0.024725274725274724 0.025362318840579712 0.038461538461538464
1 0.19746376811594202 0.038461538461538464 0.025362318840579712 0.04395604395604396
1 0.1721014492753623 0.07142857142857142 0.06159420289855073 0.054945054945054944
1 0.21920289855072464 0.07417582417582418 0.03985507246376811 0.038461538461538464
1 0.302536231884058 0.07692307692307693 0.06159420289855073 0.07692307692307693
1 0.3351449275362319 0.10714285714285714 0.06159420289855073 0.09340659340659341
1 0.34782608695652173 0.1565934065934066 0.043478260869565216 0.04945054945054945
1 0.3695652173913043 0.14835164835164835 0.021739130434782608 0.08791208791208792
1 0.3967391304347826 0.14835164835164835 0.03985507246376811 0.04395604395604396
1 0.31521739130434784 0.2032967032967033 0.036231884057971016 0.054945054945054944
1 0.3442028985507246 0.2087912087912088 0.028985507246376812 0.04395604395604396
1 0.3677536231884058 0.21428571428571427 0.018115942028985508 0.04395604395604396
1 0.3007246376811594 0.24725274725274726 0.057971014492753624 0.054945054945054944
1 0.33695652173913043 0.25274725274725274 0.021739130434782608 0.054945054945054944
1 0.35688405797101447 0.2554945054945055 0.018115942028985508 0.038461538461538464
1 0.375 0.2554945054945055 0.018115942028985508 0.038461538461538464