1 0.653169014084507 0.23876404494382023 0.6866197183098591 0.47752808988764045
1 0.7024647887323944 0.4101123595505618 0.5387323943661971 0.3146067415730337
1 0.897887323943662 0.22191011235955055 0.19718309859154928 0.1404494382022472
1 0.9419014084507042 0.1404494382022472 0.10915492957746478 0.14606741573033707
1 0.977112676056338 0.05898876404494382 0.03873239436619718 0.05056179775280899
1 0.8873239436619719 0.4297752808988764 0.21830985915492956 0.09550561797752809
1 0.9454225352112676 0.38202247191011235 0.10211267605633803 0.06741573033707865
1 0.6883802816901409 0.5730337078651685 0.6161971830985915 0.19101123595505617
1 0.6602112676056338 0.6741573033707865 0.40492957746478875 0.15730337078651685
1 0.8626760563380281 0.7584269662921348 0.2676056338028169 0.11235955056179775
1 0.6126760563380281 0.7837078651685393 0.43661971830985913 0.20786516853932585
1 0.5721830985915493 0.9073033707865169 0.602112676056338 0.17415730337078653
1 0.9190140845070423 0.6825842696629213 0.15492957746478872 0.1404494382022472
1 0.8732394366197183 0.8061797752808989 0.23943661971830985 0.06179775280898876
1 0.45774647887323944 0.03651685393258427 0.676056338028169 0.07303370786516854
1 0.4595070422535211 0.19382022471910113 0.22887323943661972 0.3651685393258427
1 0.18485915492957747 0.25280898876404495 0.36971830985915494 0.48314606741573035
1 0.176056338028169 0.6376404494382022 0.352112676056338 0.5449438202247191
1 0.2323943661971831 0.7387640449438202 0.4647887323943662 0.5112359550561798
1 0.20598591549295775 0.7471910112359551 0.4119718309859155 0.1348314606741573
1 0.22183098591549297 0.9129213483146067 0.43661971830985913 0.16292134831460675