1 0.29846938775510207 0.13953488372093023 0.22959183673469388 0.13953488372093023
1 0.6326530612244898 0.07364341085271318 0.3469387755102041 0.10852713178294573
1 0.7193877551020408 0.1569767441860465 0.22448979591836735 0.10465116279069768
1 0.7933673469387755 0.16279069767441862 0.28061224489795916 0.11627906976744186
1 0.8392857142857143 0.21705426356589147 0.25 0.16279069767441862
1 0.8903061224489796 0.3003875968992248 0.14795918367346939 0.1124031007751938
1 0.8724489795918368 0.3856589147286822 0.15306122448979592 0.08139534883720931
1 0.8571428571428571 0.4631782945736434 0.17346938775510204 0.12790697674418605
1 0.6505102040816326 0.3488372093023256 0.32142857142857145 0.21705426356589147
1 0.6836734693877551 0.49224806201550386 0.14285714285714285 0.06976744186046512
1 0.6096938775510204 0.5096899224806202 0.08673469387755102 0.04263565891472868
1 0.6096938775510204 0.562015503875969 0.09693877551020408 0.08527131782945736
1 0.7525510204081632 0.5736434108527132 0.18877551020408162 0.10852713178294573
1 0.41836734693877553 0.5426356589147286 0.2755102040816326 0.20930232558139536
1 0.4107142857142857 0.6550387596899225 0.04591836734693878 0.023255813953488372
1 0.5280612244897959 0.6375968992248062 0.05612244897959184 0.03488372093023256
1 0.5051020408163265 0.6666666666666666 0.04081632653061224 0.015503875968992248
1 0.5229591836734694 0.7344961240310077 0.03571428571428571 0.027131782945736434
1 0.5433673469387755 0.7829457364341085 0.03571428571428571 0.015503875968992248
1 0.5994897959183674 0.7887596899224806 0.03571428571428571 0.01937984496124031
1 0.7372448979591837 0.8372093023255814 0.03571428571428571 0.015503875968992248
1 0.7244897959183674 0.872093023255814 0.030612244897959183 0.023255813953488372
1 0.6530612244897959 0.6511627906976745 0.030612244897959183 0.023255813953488372
1 0.49744897959183676 0.7364341085271318 0.04591836734693878 0.015503875968992248
1 0.5 0.7558139534883721 0.030612244897959183 0.015503875968992248
1 0.44642857142857145 0.7325581395348837 0.03571428571428571 0.023255813953488372
1 0.4387755102040816 0.7461240310077519 0.030612244897959183 0.011627906976744186
1 0.37755102040816324 0.7306201550387597 0.04081632653061224 0.01937984496124031
1 0.375 0.7054263565891473 0.025510204081632654 0.023255813953488372
1 0.35459183673469385 0.6957364341085271 0.025510204081632654 0.003875968992248062
1 0.27040816326530615 0.7422480620155039 0.030612244897959183 0.01937984496124031
1 0.04081632653061224 0.8023255813953488 0.04081632653061224 0.031007751937984496
1 0.18112244897959184 0.6124031007751938 0.32142857142857145 0.16279069767441862
1 0.2602040816326531 0.6705426356589147 0.04081632653061224 0.023255813953488372
1 0.2602040816326531 0.6511627906976745 0.030612244897959183 0.015503875968992248
1 0.28316326530612246 0.4941860465116279 0.15816326530612246 0.10465116279069768
1 0.29591836734693877 0.3798449612403101 0.35714285714285715 0.24031007751937986
1 0.07142857142857142 0.48643410852713176 0.14285714285714285 0.13565891472868216
1 0.058673469387755105 0.3992248062015504 0.11734693877551021 0.07751937984496124
1 0.02040816326530612 0.3682170542635659 0.04081632653061224 0.07751937984496124
1 0.18112244897959184 0.2655038759689923 0.28061224489795916 0.1821705426356589
1 0.04336734693877551 0.22674418604651161 0.04591836734693878 0.050387596899224806
1 0.02295918367346939 0.28875968992248063 0.04591836734693878 0.05813953488372093
1 0.16071428571428573 0.16279069767441862 0.0663265306122449 0.031007751937984496
1 0.4770408163265306 0.2364341085271318 0.3112244897959184 0.23255813953488372