1 0.6090909090909091 0.7950819672131147 0.12 0.3005464480874317
1 0.6054545454545455 0.8387978142076503 0.09818181818181818 0.1366120218579235
1 0.610909090909091 0.9043715846994536 0.04363636363636364 0.04918032786885246
1 0.6927272727272727 0.8360655737704918 0.05454545454545454 0.07650273224043716
1 0.7563636363636363 0.8579234972677595 0.18181818181818182 0.17486338797814208
1 0.6872727272727273 0.7486338797814208 0.05090909090909091 0.03278688524590164
1 0.7345454545454545 0.7540983606557377 0.08727272727272728 0.16393442622950818
1 0.769090909090909 0.7650273224043715 0.06909090909090909 0.09836065573770492
1 0.8763636363636363 0.8333333333333334 0.03636363636363636 0.060109289617486336
1 0.5363636363636364 0.9098360655737705 0.03272727272727273 0.04918032786885246
1 0.5545454545454546 0.8715846994535519 0.025454545454545455 0.04918032786885246
1 0.509090909090909 0.912568306010929 0.02909090909090909 0.04371584699453552
1 0.5072727272727273 0.9562841530054644 0.04 0.04371584699453552
1 0.5363636363636364 0.953551912568306 0.025454545454545455 0.04918032786885246
1 0.5527272727272727 0.9726775956284153 0.02909090909090909 0.04371584699453552
1 0.58 0.9754098360655737 0.025454545454545455 0.03825136612021858
1 0.4672727272727273 0.9562841530054644 0.04727272727272727 0.0546448087431694
1 0.44727272727272727 0.9808743169398907 0.03636363636363636 0.0273224043715847
1 0.5945454545454546 0.726775956284153 0.04727272727272727 0.07650273224043716
1 0.6290909090909091 0.674863387978142 0.02909090909090909 0.07103825136612021
1 0.5927272727272728 0.6639344262295082 0.05090909090909091 0.060109289617486336
1 0.9727272727272728 0.25136612021857924 0.04727272727272727 0.19672131147540983
1 0.9563636363636364 0.2896174863387978 0.05818181818181818 0.12021857923497267
1 0.9218181818181819 0.34972677595628415 0.08363636363636363 0.18579234972677597
1 0.9090909090909091 0.27049180327868855 0.06545454545454546 0.12568306010928962
1 0.889090909090909 0.18579234972677597 0.07636363636363637 0.18579234972677597
1 0.9090909090909091 0.13387978142076504 0.08 0.14754098360655737
1 0.9236363636363636 0.08196721311475409 0.07272727272727272 0.09836065573770492
1 0.9763636363636363 0.03825136612021858 0.04 0.07650273224043716
1 0.9854545454545455 0.11202185792349727 0.02181818181818182 0.07103825136612021
1 0.9727272727272728 0.2650273224043716 0.04727272727272727 0.22404371584699453
1 0.9690909090909091 0.4180327868852459 0.05454545454545454 0.11475409836065574
1 0.8909090909090909 0.01366120218579235 0.12363636363636364 0.0273224043715847
1 0.4090909090909091 0.1557377049180328 0.09818181818181818 0.14754098360655737
1 0.5145454545454545 0.1994535519125683 0.08363636363636363 0.07103825136612021
1 0.5381818181818182 0.12295081967213115 0.11636363636363636 0.08196721311475409
1 0.5345454545454545 0.21584699453551912 0.11636363636363636 0.10382513661202186
1 0.13818181818181818 0.15300546448087432 0.08727272727272728 0.14207650273224043
1 0.04181818181818182 0.3469945355191257 0.07636363636363637 0.1366120218579235
1 0.023636363636363636 0.2896174863387978 0.04727272727272727 0.07650273224043716
1 0.06909090909090909 0.6311475409836066 0.05090909090909091 0.03825136612021858
1 0.05272727272727273 0.7021857923497268 0.10545454545454545 0.08196721311475409
1 0.09818181818181818 0.7131147540983607 0.05818181818181818 0.1366120218579235
1 0.07272727272727272 0.73224043715847 0.02181818181818182 0.07650273224043716
1 0.04909090909090909 0.8032786885245902 0.03272727272727273 0.20765027322404372
1 0.02 0.8770491803278688 0.04 0.15846994535519127
1 0.012727272727272728 0.8333333333333334 0.025454545454545455 0.10382513661202186
1 0.07272727272727272 0.9672131147540983 0.04363636363636364 0.0546448087431694
1 0.10181818181818182 0.9508196721311475 0.05090909090909091 0.08743169398907104
1 0.02727272727272727 0.9699453551912568 0.05454545454545454 0.04918032786885246
1 0.18545454545454546 0.9398907103825137 0.11636363636363636 0.08743169398907104
1 0.23272727272727273 0.9371584699453552 0.08727272727272728 0.11475409836065574
1 0.28909090909090907 0.9617486338797814 0.04 0.06557377049180328
1 0.2781818181818182 0.912568306010929 0.04 0.07650273224043716
1 0.15636363636363637 0.9672131147540983 0.02909090909090909 0.04371584699453552
1 0.18363636363636363 0.9672131147540983 0.03272727272727273 0.04371584699453552
1 0.17454545454545456 0.8879781420765027 0.02909090909090909 0.03825136612021858
1 0.1890909090909091 0.8579234972677595 0.03636363636363636 0.04371584699453552
1 0.14181818181818182 0.860655737704918 0.05090909090909091 0.09289617486338798
1 0.15636363636363637 0.7759562841530054 0.03636363636363636 0.14207650273224043
1 0.12 0.7595628415300546 0.05818181818181818 0.06557377049180328
1 0.14 0.726775956284153 0.03272727272727273 0.06557377049180328
1 0.11454545454545455 0.9153005464480874 0.04727272727272727 0.1366120218579235
1 0.20727272727272728 0.6010928961748634 0.04363636363636364 0.0546448087431694
1 0.2290909090909091 0.5573770491803278 0.02909090909090909 0.07650273224043716
1 0.2545454545454545 0.5737704918032787 0.04363636363636364 0.09836065573770492
1 0.2781818181818182 0.5956284153005464 0.04 0.08743169398907104
1 0.27636363636363637 0.7786885245901639 0.05818181818181818 0.060109289617486336
1 0.27090909090909093 0.8169398907103825 0.05454545454545454 0.04918032786885246
1 0.24545454545454545 0.8688524590163934 0.06909090909090909 0.04371584699453552
1 0.21272727272727274 0.8087431693989071 0.05454545454545454 0.0546448087431694
1 0.19090909090909092 0.7404371584699454 0.03272727272727273 0.060109289617486336
1 0.15636363636363637 0.6420765027322405 0.09454545454545454 0.04918032786885246
1 0.14181818181818182 0.5901639344262295 0.07272727272727272 0.04371584699453552
1 0.3418181818181818 0.9043715846994536 0.03636363636363636 0.08196721311475409
1 0.38 0.907103825136612 0.04727272727272727 0.06557377049180328
1 0.4163636363636364 0.8633879781420765 0.04 0.06557377049180328
1 0.38727272727272727 0.825136612021858 0.05454545454545454 0.08743169398907104
1 0.34545454545454546 0.8114754098360656 0.05818181818181818 0.09289617486338798
1 0.3090909090909091 0.8060109289617486 0.03636363636363636 0.07103825136612021
1 0.34545454545454546 0.7404371584699454 0.04363636363636364 0.060109289617486336
1 0.3018181818181818 0.7295081967213115 0.05090909090909091 0.060109289617486336
1 0.28 0.6994535519125683 0.02909090909090909 0.04371584699453552
1 0.3090909090909091 0.6584699453551912 0.03636363636363636 0.08196721311475409
1 0.32727272727272727 0.6256830601092896 0.02181818181818182 0.04918032786885246
1 0.35454545454545455 0.6338797814207651 0.03272727272727273 0.0546448087431694
1 0.3490909090909091 0.6830601092896175 0.03636363636363636 0.06557377049180328
1 0.3472727272727273 0.592896174863388 0.04727272727272727 0.060109289617486336
1 0.3290909090909091 0.5382513661202186 0.04 0.07103825136612021
1 0.28545454545454546 0.5136612021857924 0.04 0.03278688524590164
1 0.34363636363636363 0.48360655737704916 0.04 0.07103825136612021
1 0.36727272727272725 0.4426229508196721 0.03636363636363636 0.07650273224043716
1 0.4072727272727273 0.4262295081967213 0.03636363636363636 0.07650273224043716
1 0.44 0.4453551912568306 0.04363636363636364 0.07103825136612021
1 0.4527272727272727 0.38524590163934425 0.04727272727272727 0.060109289617486336
1 0.48545454545454547 0.3825136612021858 0.025454545454545455 0.0546448087431694
1 0.5036363636363637 0.33879781420765026 0.04 0.08743169398907104
1 0.5290909090909091 0.36065573770491804 0.01818181818181818 0.06557377049180328
1 0.5654545454545454 0.2896174863387978 0.06181818181818182 0.08743169398907104
1 0.5581818181818182 0.3797814207650273 0.04 0.09289617486338798
1 0.5636363636363636 0.44808743169398907 0.03636363636363636 0.07650273224043716
1 0.5963636363636363 0.5218579234972678 0.05090909090909091 0.07103825136612021
1 0.6763636363636364 0.5737704918032787 0.05090909090909091 0.03278688524590164
1 0.5781818181818181 0.5573770491803278 0.03636363636363636 0.03278688524590164
1 0.5527272727272727 0.7404371584699454 0.03636363636363636 0.07103825136612021
1 0.5181818181818182 0.7377049180327869 0.03272727272727273 0.07650273224043716
1 0.4909090909090909 0.7622950819672131 0.03636363636363636 0.07103825136612021
1 0.5218181818181818 0.7868852459016393 0.03272727272727273 0.04371584699453552
1 0.48545454545454547 0.8169398907103825 0.04 0.04918032786885246
1 0.44363636363636366 0.8278688524590164 0.05090909090909091 0.08196721311475409
1 0.45636363636363636 0.7595628415300546 0.03272727272727273 0.0546448087431694
1 0.42363636363636364 0.7404371584699454 0.04727272727272727 0.08196721311475409
1 0.38727272727272727 0.7568306010928961 0.03272727272727273 0.04918032786885246
1 0.39454545454545453 0.6912568306010929 0.04727272727272727 0.07103825136612021
1 0.4218181818181818 0.6912568306010929 0.02181818181818182 0.03825136612021858
1 0.4509090909090909 0.6830601092896175 0.02909090909090909 0.0546448087431694
1 0.4763636363636364 0.6530054644808743 0.04363636363636364 0.07103825136612021
1 0.49454545454545457 0.6967213114754098 0.03636363636363636 0.060109289617486336
1 0.5236363636363637 0.6284153005464481 0.014545454545454545 0.02185792349726776
1 0.509090909090909 0.5546448087431693 0.04363636363636364 0.07103825136612021
1 0.5472727272727272 0.5355191256830601 0.04 0.06557377049180328
1 0.5345454545454545 0.4890710382513661 0.04363636363636364 0.07103825136612021
1 0.52 0.42349726775956287 0.03636363636363636 0.08196721311475409
1 0.4781818181818182 0.44808743169398907 0.04 0.07650273224043716
1 0.4890909090909091 0.4890710382513661 0.04 0.07103825136612021
1 0.44727272727272727 0.5 0.04363636363636364 0.04918032786885246
1 0.4690909090909091 0.546448087431694 0.04363636363636364 0.0546448087431694
1 0.42727272727272725 0.5491803278688525 0.04 0.07103825136612021
1 0.39090909090909093 0.5409836065573771 0.03272727272727273 0.06557377049180328
1 0.4 0.49453551912568305 0.02181818181818182 0.0273224043715847
1 0.36727272727272725 0.5245901639344263 0.02909090909090909 0.0546448087431694
1 0.4509090909090909 0.592896174863388 0.03636363636363636 0.060109289617486336
1 0.4890909090909091 0.6038251366120219 0.03272727272727273 0.04918032786885246
1 0.4309090909090909 0.639344262295082 0.04 0.06557377049180328
1 0.4254545454545455 0.5956284153005464 0.014545454545454545 0.02185792349726776
1 0.4 0.6120218579234973 0.04363636363636364 0.06557377049180328
1 0.9109090909090909 0.46174863387978143 0.03272727272727273 0.060109289617486336
1 0.8981818181818182 0.41530054644808745 0.02909090909090909 0.0546448087431694
1 0.889090909090909 0.3743169398907104 0.01818181818181818 0.03825136612021858
1 0.9309090909090909 0.4972677595628415 0.02181818181818182 0.04371584699453552
1 0.8836363636363637 0.4808743169398907 0.07272727272727272 0.1092896174863388
1 0.8727272727272727 0.5081967213114754 0.02909090909090909 0.04371584699453552
1 0.8545454545454545 0.5273224043715847 0.05090909090909091 0.12568306010928962
1 0.7763636363636364 0.5546448087431693 0.06181818181818182 0.060109289617486336
1 0.8181818181818182 0.5437158469945356 0.02909090909090909 0.060109289617486336
1 0.6872727272727273 0.5300546448087432 0.08 0.07650273224043716
1 0.7290909090909091 0.5601092896174863 0.03272727272727273 0.03825136612021858
1 0.08 0.4808743169398907 0.02909090909090909 0.09836065573770492
1 0.02727272727272727 0.4781420765027322 0.05454545454545454 0.04918032786885246
1 0.02181818181818182 0.5601092896174863 0.04363636363636364 0.11475409836065574
1 0.04909090909090909 0.5273224043715847 0.04727272727272727 0.11475409836065574
1 0.10545454545454545 0.4781420765027322 0.07272727272727272 0.11475409836065574
1 0.7109090909090909 0.23497267759562843 0.05454545454545454 0.3825136612021858
1 0.7745454545454545 0.2814207650273224 0.10181818181818182 0.47540983606557374
1 0.7945454545454546 0.24043715846994534 0.08363636363636363 0.37158469945355194
1 0.850909090909091 0.23770491803278687 0.08 0.3224043715846995
1 0.6672727272727272 0.2786885245901639 0.08363636363636363 0.33879781420765026
1 0.6872727272727273 0.1994535519125683 0.03636363636363636 0.1366120218579235
1 0.6181818181818182 0.27595628415300544 0.08 0.20218579234972678
1 0.6072727272727273 0.4180327868852459 0.11636363636363636 0.3005464480874317
1 0.66 0.4262295081967213 0.12 0.15300546448087432
1 0.7509090909090909 0.0273224043715847 0.08363636363636363 0.0546448087431694
1 0.16727272727272727 0.37158469945355194 0.13090909090909092 0.04371584699453552
1 0.3327272727272727 0.319672131147541 0.025454545454545455 0.10382513661202186
1 0.37454545454545457 0.31420765027322406 0.05818181818181818 0.060109289617486336
1 0.44 0.26229508196721313 0.02181818181818182 0.07650273224043716
1 0.4581818181818182 0.23497267759562843 0.02909090909090909 0.09836065573770492
1 0.20727272727272728 0.03278688524590164 0.02909090909090909 0.03278688524590164
1 0.2545454545454545 0.02459016393442623 0.08 0.04918032786885246
1 0.3381818181818182 0.040983606557377046 0.08 0.08196721311475409
1 0.40545454545454546 0.03825136612021858 0.06909090909090909 0.07650273224043716
1 0.20727272727272728 0.08743169398907104 0.10909090909090909 0.07650273224043716
1 0.22727272727272727 0.14207650273224043 0.09818181818181818 0.1092896174863388
1 0.3054545454545455 0.1557377049180328 0.10909090909090909 0.11475409836065574
1 0.08727272727272728 0.226775956284153 0.04363636363636364 0.060109289617486336
1 0.15818181818181817 0.273224043715847 0.14181818181818182 0.09836065573770492
1 0.26545454545454544 0.2650273224043716 0.15272727272727274 0.10382513661202186
1 0.31636363636363635 0.226775956284153 0.08727272727272728 0.18032786885245902
1 0.2872727272727273 0.33879781420765026 0.10181818181818182 0.08743169398907104
1 0.3709090909090909 0.3224043715846995 0.06545454545454546 0.08743169398907104
1 0.16 0.38524590163934425 0.10181818181818182 0.23497267759562843
1 0.24 0.4016393442622951 0.11636363636363636 0.10382513661202186
1 0.6090909090909091 0.8169398907103825 0.09818181818181818 0.21311475409836064
1 0.6090909090909091 0.8415300546448088 0.08363636363636363 0.12021857923497267
1 0.5709090909090909 0.0546448087431694 0.2690909090909091 0.1092896174863388
1 0.58 0.04371584699453552 0.2727272727272727 0.08743169398907104