1 0.04727272727272727 0.860655737704918 0.09454545454545454 0.16939890710382513
1 0.1290909090909091 0.9562841530054644 0.12727272727272726 0.07650273224043716
1 0.22181818181818183 0.912568306010929 0.10909090909090909 0.15300546448087432
1 0.3054545454545455 0.9234972677595629 0.07272727272727272 0.13114754098360656
1 0.3927272727272727 0.9098360655737705 0.10181818181818182 0.16939890710382513
1 0.4763636363636364 0.9480874316939891 0.08727272727272728 0.09289617486338798
1 0.5181818181818182 0.8715846994535519 0.11272727272727273 0.16939890710382513
1 0.5690909090909091 0.9672131147540983 0.12 0.0546448087431694
1 0.6709090909090909 0.9508196721311475 0.09090909090909091 0.08743169398907104
1 0.78 0.912568306010929 0.11272727272727273 0.16393442622950818
1 0.889090909090909 0.907103825136612 0.10545454545454545 0.17486338797814208
1 0.6454545454545455 0.7759562841530054 0.12 0.16393442622950818
1 0.6127272727272727 0.8852459016393442 0.10545454545454545 0.13114754098360656
1 0.7327272727272728 0.8442622950819673 0.09818181818181818 0.1366120218579235
1 0.8272727272727273 0.7786885245901639 0.12 0.14754098360655737
1 0.9418181818181818 0.7595628415300546 0.10909090909090909 0.2185792349726776
1 0.7254545454545455 0.7021857923497268 0.10545454545454545 0.11475409836065574
1 0.9236363636363636 0.6010928961748634 0.08727272727272728 0.15300546448087432
1 0.9836363636363636 0.5983606557377049 0.025454545454545455 0.16939890710382513
1 0.44545454545454544 0.7841530054644809 0.09818181818181818 0.1366120218579235
1 0.5581818181818182 0.7295081967213115 0.10545454545454545 0.14754098360655737
1 0.64 0.639344262295082 0.08 0.15300546448087432
1 0.7236363636363636 0.6229508196721312 0.08727272727272728 0.13114754098360656
1 0.8254545454545454 0.6065573770491803 0.10909090909090909 0.19672131147540983
1 0.8672727272727273 0.5081967213114754 0.10545454545454545 0.15300546448087432
1 0.9436363636363636 0.4672131147540984 0.08363636363636363 0.14754098360655737
1 0.9745454545454545 0.40437158469945356 0.04363636363636364 0.17486338797814208
1 0.7327272727272728 0.3797814207650273 0.12 0.16939890710382513
1 0.8127272727272727 0.4262295081967213 0.11272727272727273 0.17486338797814208
1 0.8836363636363637 0.35792349726775957 0.11636363636363636 0.1366120218579235
1 0.96 0.226775956284153 0.07272727272727272 0.15846994535519127
1 0.8545454545454545 0.21311475409836064 0.08 0.16393442622950818
1 0.92 0.17759562841530055 0.08727272727272728 0.15846994535519127
1 0.9109090909090909 0.05737704918032787 0.09818181818181818 0.11475409836065574
1 0.9763636363636363 0.03825136612021858 0.04 0.07650273224043716
1 0.8072727272727273 0.06284153005464481 0.13818181818181818 0.12568306010928962
1 0.7672727272727272 0.1721311475409836 0.10909090909090909 0.1912568306010929
1 0.7018181818181818 0.22404371584699453 0.09454545454545454 0.14207650273224043
1 0.7236363636363636 0.060109289617486336 0.05090909090909091 0.12021857923497267
1 0.6654545454545454 0.07650273224043716 0.07272727272727272 0.13114754098360656
1 0.6036363636363636 0.0546448087431694 0.10181818181818182 0.1092896174863388
1 0.5672727272727273 0.07923497267759563 0.06545454545454546 0.07103825136612021
1 0.5963636363636363 0.18579234972677597 0.09454545454545454 0.09836065573770492
1 0.6345454545454545 0.3087431693989071 0.11272727272727273 0.11475409836065574
1 0.6963636363636364 0.4781420765027322 0.09818181818181818 0.12568306010928962
1 0.5909090909090909 0.43169398907103823 0.11272727272727273 0.14207650273224043
1 0.5745454545454546 0.5382513661202186 0.10909090909090909 0.11475409836065574
1 0.509090909090909 0.6311475409836066 0.10181818181818182 0.12568306010928962
1 0.4018181818181818 0.6557377049180327 0.09090909090909091 0.15300546448087432
1 0.46 0.5136612021857924 0.09818181818181818 0.14207650273224043
1 0.5145454545454545 0.36065573770491804 0.09090909090909091 0.17486338797814208
1 0.5418181818181819 0.25956284153005466 0.04363636363636364 0.14754098360655737
1 0.5181818181818182 0.1830601092896175 0.06909090909090909 0.12568306010928962
1 0.4690909090909091 0.1092896174863388 0.09454545454545454 0.16393442622950818
1 0.4036363636363636 0.2459016393442623 0.08727272727272728 0.16393442622950818
1 0.4581818181818182 0.30327868852459017 0.08 0.12568306010928962
1 0.4127272727272727 0.40437158469945356 0.06909090909090909 0.1092896174863388
1 0.3181818181818182 0.453551912568306 0.12727272727272726 0.14207650273224043
1 0.27090909090909093 0.6256830601092896 0.09818181818181818 0.15846994535519127
1 0.36 0.639344262295082 0.06545454545454546 0.14207650273224043
1 0.18545454545454546 0.726775956284153 0.12363636363636364 0.15300546448087432
1 0.24545454545454545 0.8087431693989071 0.09090909090909091 0.12021857923497267
1 0.33636363636363636 0.7896174863387978 0.12 0.15846994535519127
1 0.11818181818181818 0.8169398907103825 0.13454545454545455 0.20218579234972678
1 0.06909090909090909 0.6311475409836066 0.10181818181818182 0.16939890710382513
1 0.03090909090909091 0.7158469945355191 0.06181818181818182 0.16393442622950818
1 0.14909090909090908 0.5382513661202186 0.13090909090909092 0.18032786885245902
1 0.24 0.48633879781420764 0.05818181818181818 0.1092896174863388
1 0.20909090909090908 0.3770491803278688 0.09818181818181818 0.13114754098360656
1 0.32 0.3114754098360656 0.13090909090909092 0.17486338797814208
1 0.29454545454545455 0.17759562841530055 0.08727272727272728 0.12568306010928962
1 0.3709090909090909 0.12021857923497267 0.10181818181818182 0.15300546448087432
1 0.41454545454545455 0.0273224043715847 0.13090909090909092 0.0546448087431694
1 0.5145454545454545 0.02459016393442623 0.08363636363636363 0.04918032786885246
1 0.3109090909090909 0.04371584699453552 0.11272727272727273 0.08743169398907104
1 0.23636363636363636 0.08743169398907104 0.11636363636363636 0.13114754098360656
1 0.11818181818181818 0.08196721311475409 0.14909090909090908 0.16393442622950818
1 0.016363636363636365 0.14754098360655737 0.03272727272727273 0.17486338797814208
1 0.045454545454545456 0.20218579234972678 0.06909090909090909 0.15300546448087432
1 0.09272727272727273 0.23497267759562843 0.09818181818181818 0.12021857923497267
1 0.014545454545454545 0.0273224043715847 0.02909090909090909 0.0546448087431694
1 0.08727272727272728 0.36065573770491804 0.15272727272727274 0.22950819672131148
1 0.04181818181818182 0.5409836065573771 0.08363636363636363 0.15300546448087432