1 0.8898026315789473 0.7439759036144579 0.2138157894736842 0.4397590361445783
1 0.9703947368421053 0.9487951807228916 0.05263157894736842 0.09036144578313253
1 0.8026315789473685 0.927710843373494 0.23026315789473684 0.13253012048192772
1 0.78125 0.37650602409638556 0.2730263157894737 0.4759036144578313
1 0.9473684210526315 0.3373493975903614 0.09868421052631579 0.3855421686746988
1 0.8782894736842105 0.10843373493975904 0.23684210526315788 0.21686746987951808
1 0.6332236842105263 0.10240963855421686 0.26644736842105265 0.20481927710843373
1 0.38651315789473684 0.12951807228915663 0.24013157894736842 0.25903614457831325
1 0.14802631578947367 0.13855421686746988 0.25 0.27710843373493976
1 0.03289473684210526 0.13855421686746988 0.06578947368421052 0.27710843373493976
1 0.08552631578947369 0.4367469879518072 0.17105263157894737 0.42771084337349397
1 0.2779605263157895 0.43373493975903615 0.24013157894736842 0.43373493975903615
1 0.524671052631579 0.39457831325301207 0.24013157894736842 0.42771084337349397
1 0.6710526315789473 0.7650602409638554 0.24342105263157895 0.43373493975903615
1 0.5427631578947368 0.927710843373494 0.17763157894736842 0.13253012048192772
1 0.4276315789473684 0.7469879518072289 0.23026315789473684 0.4457831325301205
1 0.3207236842105263 0.9397590361445783 0.17434210526315788 0.10843373493975904
1 0.18092105263157895 0.7771084337349398 0.2565789473684211 0.43373493975903615
1 0.06743421052631579 0.9397590361445783 0.13486842105263158 0.10843373493975904
1 0.03453947368421053 0.7831325301204819 0.06907894736842106 0.30120481927710846