1 0.8711180124223602 0.7452229299363057 0.15838509316770186 0.35668789808917195
1 0.90527950310559 0.9299363057324841 0.12732919254658384 0.12738853503184713
1 0.7950310559006211 0.8439490445859873 0.19875776397515527 0.29936305732484075
1 0.6055900621118012 0.8089171974522293 0.2670807453416149 0.36942675159235666
1 0.531055900621118 0.5987261146496815 0.13043478260869565 0.25477707006369427
1 0.4767080745341615 0.8057324840764332 0.15838509316770186 0.3503184713375796
1 0.38509316770186336 0.9363057324840764 0.13664596273291926 0.11464968152866242
1 0.38354037267080743 0.8757961783439491 0.07142857142857142 0.10828025477707007
1 0.35714285714285715 0.8821656050955414 0.08074534161490683 0.19745222929936307
1 0.2748447204968944 0.9426751592356688 0.09627329192546584 0.10191082802547771
1 0.2080745341614907 0.9681528662420382 0.037267080745341616 0.050955414012738856
1 0.18633540372670807 0.8726114649681529 0.09316770186335403 0.24203821656050956
1 0.2732919254658385 0.8662420382165605 0.08695652173913043 0.14012738853503184
1 0.2748447204968944 0.7292993630573248 0.08385093167701864 0.19745222929936307
1 0.34627329192546585 0.732484076433121 0.06521739130434782 0.16560509554140126
1 0.3944099378881988 0.6464968152866242 0.08074534161490683 0.1592356687898089
1 0.38354037267080743 0.4585987261146497 0.09006211180124224 0.16560509554140126
1 0.4720496894409938 0.3471337579617834 0.062111801242236024 0.19745222929936307
1 0.32298136645962733 0.5859872611464968 0.07453416149068323 0.15286624203821655
1 0.2717391304347826 0.6242038216560509 0.046583850931677016 0.06369426751592357
1 0.2531055900621118 0.5095541401273885 0.09627329192546584 0.1910828025477707
1 0.20341614906832298 0.6496815286624203 0.09006211180124224 0.17834394904458598
1 0.13819875776397517 0.7834394904458599 0.10248447204968944 0.21656050955414013
1 0.08074534161490683 0.9140127388535032 0.11801242236024845 0.1592356687898089
1 0.06055900621118013 0.6273885350318471 0.10869565217391304 0.19745222929936307
1 0.049689440993788817 0.8439490445859873 0.08695652173913043 0.2484076433121019
1 0.015527950310559006 0.9044585987261147 0.031055900621118012 0.17834394904458598
1 0.006211180124223602 0.7420382165605095 0.012422360248447204 0.1337579617834395
1 0.04192546583850932 0.4585987261146497 0.08385093167701864 0.20382165605095542
1 0.14285714285714285 0.44904458598726116 0.09316770186335403 0.17197452229299362
1 0.21894409937888198 0.32802547770700635 0.07763975155279502 0.19745222929936307
1 0.2375776397515528 0.17197452229299362 0.10248447204968944 0.17834394904458598
1 0.14440993788819875 0.2356687898089172 0.09006211180124224 0.17834394904458598
1 0.07763975155279502 0.31210191082802546 0.08695652173913043 0.17834394904458598
1 0.12267080745341614 0.3821656050955414 0.052795031055900624 0.10191082802547771
1 0.024844720496894408 0.31210191082802546 0.049689440993788817 0.08917197452229299
1 0.034161490683229816 0.18789808917197454 0.06832298136645963 0.18471337579617833
1 0.09937888198757763 0.1178343949044586 0.08074534161490683 0.21019108280254778
1 0.14285714285714285 0.07006369426751592 0.08695652173913043 0.14012738853503184
1 0.2251552795031056 0.03821656050955414 0.08385093167701864 0.07643312101910828
1 0.19409937888198758 0.10828025477707007 0.034161490683229816 0.050955414012738856
1 0.03881987577639751 0.03184713375796178 0.07763975155279502 0.06369426751592357
1 0.029503105590062112 0.07961783439490445 0.059006211180124224 0.044585987261146494
1 0.687888198757764 0.6337579617834395 0.13354037267080746 0.5031847133757962