1 0.8308270676691729 0.868421052631579 0.15037593984962405 0.22105263157894736
1 0.8439849624060151 0.6368421052631579 0.16917293233082706 0.22105263157894736
1 0.8120300751879699 0.4473684210526316 0.14285714285714285 0.18947368421052632
1 0.7951127819548872 0.25 0.13909774436090225 0.20526315789473684
1 0.6635338345864662 0.6605263157894737 0.14661654135338345 0.20526315789473684
1 0.6729323308270677 0.8710526315789474 0.14285714285714285 0.20526315789473684
1 0.650375939849624 0.46578947368421053 0.13533834586466165 0.19473684210526315
1 0.6447368421052632 0.2631578947368421 0.13157894736842105 0.18947368421052632
1 0.6353383458646616 0.0868421052631579 0.14285714285714285 0.1736842105263158
1 0.5112781954887218 0.868421052631579 0.15037593984962405 0.23157894736842105
1 0.5037593984962406 0.6605263157894737 0.14285714285714285 0.20526315789473684
1 0.5 0.46578947368421053 0.13533834586466165 0.18421052631578946
1 0.49624060150375937 0.26842105263157895 0.12781954887218044 0.18947368421052632
1 0.4924812030075188 0.08157894736842106 0.13533834586466165 0.1631578947368421
1 0.34962406015037595 0.09210526315789473 0.12781954887218044 0.1736842105263158
1 0.34774436090225563 0.2657894736842105 0.13909774436090225 0.18421052631578946
1 0.34962406015037595 0.4605263157894737 0.15037593984962405 0.20526315789473684
1 0.34210526315789475 0.6736842105263158 0.14285714285714285 0.21052631578947367
1 0.34022556390977443 0.8763157894736842 0.15413533834586465 0.21578947368421053
1 0.17481203007518797 0.881578947368421 0.15413533834586465 0.22631578947368422
1 0.18609022556390978 0.6684210526315789 0.15413533834586465 0.21052631578947367
1 0.19360902255639098 0.4605263157894737 0.15413533834586465 0.20526315789473684
1 0.19924812030075187 0.26842105263157895 0.13533834586466165 0.16842105263157894
1 0.19924812030075187 0.09473684210526316 0.14285714285714285 0.18947368421052632