1 0.75 0.4838709677419355 0.12222222222222222 0.16129032258064516
1 0.9148148148148149 0.45698924731182794 0.1037037037037037 0.15053763440860216
1 0.8796296296296297 0.6747311827956989 0.10740740740740741 0.12365591397849462
1 0.937037037037037 0.7876344086021505 0.1037037037037037 0.1881720430107527
1 0.9777777777777777 0.8709677419354839 0.037037037037037035 0.17204301075268819
1 0.8333333333333334 0.8521505376344086 0.08148148148148149 0.0913978494623656
1 0.7851851851851852 0.7473118279569892 0.08888888888888889 0.08602150537634409
1 0.7759259259259259 0.6451612903225806 0.04814814814814815 0.06451612903225806
1 0.8185185185185185 0.5483870967741935 0.05185185185185185 0.0967741935483871
1 0.7129629629629629 0.3575268817204301 0.11481481481481481 0.12365591397849462
1 0.6666666666666666 0.4731182795698925 0.1111111111111111 0.08602150537634409
1 0.8962962962962963 0.15053763440860216 0.08148148148148149 0.13978494623655913
1 0.9648148148148148 0.08064516129032258 0.06296296296296296 0.15053763440860216
1 0.8944444444444445 0.0456989247311828 0.11481481481481481 0.0913978494623656
1 0.6111111111111112 0.01881720430107527 0.05185185185185185 0.03763440860215054
1 0.6555555555555556 0.03225806451612903 0.06666666666666667 0.06451612903225806
1 0.7185185185185186 0.01881720430107527 0.05185185185185185 0.03763440860215054
1 0.774074074074074 0.02956989247311828 0.05925925925925926 0.05913978494623656
1 0.6259259259259259 0.5967741935483871 0.07407407407407407 0.08602150537634409
1 0.5666666666666667 0.6344086021505376 0.1037037037037037 0.0967741935483871
1 0.6074074074074074 0.7231182795698925 0.07407407407407407 0.06989247311827956
1 0.34629629629629627 0.7338709677419355 0.06296296296296296 0.08064516129032258
1 0.2962962962962963 0.7903225806451613 0.1259259259259259 0.0967741935483871
1 0.35185185185185186 0.8844086021505376 0.06666666666666667 0.10215053763440861
1 0.5 0.9247311827956989 0.08148148148148149 0.07526881720430108
1 0.3148148148148148 0.5994623655913979 0.08888888888888889 0.0913978494623656
1 0.2574074074074074 0.5134408602150538 0.07037037037037037 0.11290322580645161
1 0.2518518518518518 0.6317204301075269 0.07407407407407407 0.06989247311827956
1 0.3 0.696236559139785 0.06666666666666667 0.05913978494623656
1 0.29259259259259257 0.20430107526881722 0.08148148148148149 0.10752688172043011
1 0.22962962962962963 0.20967741935483872 0.06666666666666667 0.0967741935483871
1 0.21481481481481482 0.34139784946236557 0.07407407407407407 0.11290322580645161
1 0.2222222222222222 0.40591397849462363 0.05185185185185185 0.04838709677419355
1 0.14814814814814814 0.3387096774193548 0.08888888888888889 0.0967741935483871
1 0.17777777777777778 0.19623655913978494 0.06666666666666667 0.08064516129032258
1 0.2074074074074074 0.08602150537634409 0.08888888888888889 0.07526881720430108
1 0.25 0.03225806451612903 0.04814814814814815 0.06451612903225806
1 0.29814814814814816 0.03763440860215054 0.06296296296296296 0.07526881720430108
1 0.37407407407407406 0.0456989247311828 0.08148148148148149 0.0913978494623656
1 0.06481481481481481 0.12096774193548387 0.07037037037037037 0.06989247311827956
1 0.06851851851851852 0.22311827956989247 0.07777777777777778 0.11290322580645161
1 0.10925925925925926 0.3279569892473118 0.07777777777777778 0.07526881720430108
1 0.011111111111111112 0.4489247311827957 0.022222222222222223 0.05913978494623656
1 0.04259259259259259 0.532258064516129 0.040740740740740744 0.08602150537634409
1 0.018518518518518517 0.5779569892473119 0.037037037037037035 0.05913978494623656
1 0.06481481481481481 0.6075268817204301 0.07037037037037037 0.053763440860215055
1 0.1037037037037037 0.6693548387096774 0.07407407407407407 0.12365591397849462
1 0.018518518518518517 0.9139784946236559 0.037037037037037035 0.10752688172043011
1 0.040740740740740744 0.06182795698924731 0.08148148148148149 0.12365591397849462
1 0.18518518518518517 0.026881720430107527 0.037037037037037035 0.053763440860215055
1 0.10740740740740741 0.04032258064516129 0.044444444444444446 0.08064516129032258
1 0.3055555555555556 0.13172043010752688 0.05555555555555555 0.04838709677419355
1 0.937037037037037 0.946236559139785 0.07407407407407407 0.0967741935483871
1 0.975925925925926 0.3225806451612903 0.040740740740740744 0.0967741935483871
1 0.8444444444444444 0.34946236559139787 0.1037037037037037 0.08602150537634409