1 0.9333333333333333 0.050595238095238096 0.06666666666666667 0.10119047619047619
1 0.9883333333333333 0.03869047619047619 0.016666666666666666 0.07738095238095238
1 0.98 0.1130952380952381 0.03333333333333333 0.09523809523809523
1 0.9516666666666667 0.12202380952380952 0.056666666666666664 0.06547619047619048
1 0.8933333333333333 0.1130952380952381 0.06 0.07142857142857142
1 0.8766666666666667 0.03571428571428571 0.07333333333333333 0.07142857142857142
1 0.84 0.09821428571428571 0.05333333333333334 0.08928571428571429
1 0.8 0.05654761904761905 0.02666666666666667 0.05357142857142857
1 0.775 0.05654761904761905 0.043333333333333335 0.041666666666666664
1 0.8 0.12202380952380952 0.06 0.07738095238095238
1 0.7433333333333333 0.10416666666666667 0.05333333333333334 0.07738095238095238
1 0.7316666666666667 0.050595238095238096 0.03666666666666667 0.02976190476190476
1 0.7033333333333334 0.026785714285714284 0.04666666666666667 0.05357142857142857
1 0.6933333333333334 0.08928571428571429 0.04666666666666667 0.09523809523809523
1 0.6333333333333333 0.11904761904761904 0.03333333333333333 0.07142857142857142
1 0.6 0.12797619047619047 0.04666666666666667 0.06547619047619048
1 0.5566666666666666 0.13988095238095238 0.04 0.05357142857142857
1 0.505 0.1488095238095238 0.05 0.07142857142857142
1 0.4533333333333333 0.15476190476190477 0.05333333333333334 0.05952380952380952
1 0.6116666666666667 0.03869047619047619 0.05 0.07738095238095238
1 0.6466666666666666 0.026785714285714284 0.03333333333333333 0.05357142857142857
1 0.5766666666666667 0.0625 0.04666666666666667 0.10119047619047619
1 0.53 0.0625 0.06 0.10119047619047619
1 0.47333333333333333 0.0625 0.05333333333333334 0.1130952380952381
1 0.4216666666666667 0.06845238095238096 0.05 0.10119047619047619
1 0.385 0.06547619047619048 0.043333333333333335 0.08333333333333333
1 0.3416666666666667 0.06547619047619048 0.05 0.10714285714285714
1 0.3333333333333333 0.13988095238095238 0.02666666666666667 0.06547619047619048
1 0.3016666666666667 0.13392857142857142 0.03666666666666667 0.06547619047619048
1 0.26 0.11607142857142858 0.04 0.06547619047619048
1 0.2916666666666667 0.047619047619047616 0.05 0.09523809523809523
1 0.26166666666666666 0.03571428571428571 0.03666666666666667 0.07142857142857142
1 0.36333333333333334 0.017857142857142856 0.04666666666666667 0.03571428571428571
1 0.415 0.011904761904761904 0.06333333333333334 0.023809523809523808
1 0.5183333333333333 0.011904761904761904 0.07 0.023809523809523808
1 0.56 0.008928571428571428 0.02666666666666667 0.017857142857142856
1 0.20666666666666667 0.03869047619047619 0.08 0.07738095238095238
1 0.13 0.041666666666666664 0.06666666666666667 0.08333333333333333
1 0.051666666666666666 0.05654761904761905 0.10333333333333333 0.1130952380952381
1 0.9533333333333334 0.37202380952380953 0.06 0.07738095238095238
1 0.99 0.39285714285714285 0.013333333333333334 0.07142857142857142
1 0.9016666666666666 0.3392857142857143 0.043333333333333335 0.09523809523809523
1 0.985 0.30654761904761907 0.023333333333333334 0.07738095238095238
1 0.975 0.2976190476190476 0.03666666666666667 0.08333333333333333
1 0.9366666666666666 0.28869047619047616 0.02666666666666667 0.06547619047619048
1 0.035 0.3482142857142857 0.043333333333333335 0.06547619047619048
1 0.025 0.39880952380952384 0.05 0.09523809523809523
1 0.08166666666666667 0.34523809523809523 0.05 0.08333333333333333
1 0.13 0.3392857142857143 0.04666666666666667 0.08333333333333333
1 0.095 0.2916666666666667 0.056666666666666664 0.047619047619047616
1 0.09333333333333334 0.40476190476190477 0.04 0.047619047619047616
1 0.13333333333333333 0.40476190476190477 0.04 0.047619047619047616
1 0.6933333333333334 0.24107142857142858 0.05333333333333334 0.10119047619047619
1 0.755 0.2767857142857143 0.056666666666666664 0.08928571428571429
1 0.8 0.27380952380952384 0.04 0.047619047619047616
1 0.8416666666666667 0.2708333333333333 0.05 0.02976190476190476
1 0.86 0.2976190476190476 0.05333333333333334 0.05952380952380952
1 0.835 0.3482142857142857 0.05 0.07738095238095238
1 0.7333333333333333 0.34226190476190477 0.04 0.05357142857142857
1 0.655 0.25595238095238093 0.023333333333333334 0.047619047619047616
1 0.6933333333333334 0.43154761904761907 0.06 0.10119047619047619
1 0.75 0.41369047619047616 0.05333333333333334 0.08928571428571429
1 0.7766666666666666 0.3869047619047619 0.04 0.09523809523809523
1 0.7866666666666666 0.3273809523809524 0.04666666666666667 0.05952380952380952
1 0.8216666666666667 0.375 0.05 0.08333333333333333
1 0.8316666666666667 0.44047619047619047 0.03 0.05952380952380952
1 0.855 0.41964285714285715 0.023333333333333334 0.07738095238095238
1 0.8066666666666666 0.46726190476190477 0.04 0.07738095238095238
1 0.77 0.49107142857142855 0.04666666666666667 0.06547619047619048
1 0.72 0.5 0.05333333333333334 0.07142857142857142
1 0.6833333333333333 0.31547619047619047 0.05333333333333334 0.07142857142857142
1 0.7016666666666667 0.3630952380952381 0.056666666666666664 0.05952380952380952
1 0.6666666666666666 0.5 0.05333333333333334 0.05952380952380952
1 0.6383333333333333 0.4255952380952381 0.056666666666666664 0.10119047619047619
1 0.6533333333333333 0.3601190476190476 0.04 0.05357142857142857
1 0.6183333333333333 0.3244047619047619 0.056666666666666664 0.10119047619047619
1 0.625 0.27380952380952384 0.06333333333333334 0.07142857142857142
1 0.565 0.3125 0.05 0.08928571428571429
1 0.5816666666666667 0.40476190476190477 0.05 0.08333333333333333
1 0.5366666666666666 0.3898809523809524 0.04 0.06547619047619048
1 0.5366666666666666 0.31547619047619047 0.02666666666666667 0.07142857142857142
1 0.5016666666666667 0.36904761904761907 0.043333333333333335 0.08333333333333333
1 0.5016666666666667 0.29464285714285715 0.056666666666666664 0.07738095238095238
1 0.47 0.3482142857142857 0.03333333333333333 0.06547619047619048
1 0.49 0.43452380952380953 0.04 0.07142857142857142
1 0.5133333333333333 0.45535714285714285 0.02666666666666667 0.06547619047619048
1 0.47 0.30357142857142855 0.013333333333333334 0.023809523809523808
1 0.44 0.29464285714285715 0.04666666666666667 0.06547619047619048
1 0.42833333333333334 0.3482142857142857 0.043333333333333335 0.07738095238095238
1 0.40166666666666667 0.37797619047619047 0.043333333333333335 0.08928571428571429
1 0.4216666666666667 0.4255952380952381 0.043333333333333335 0.06547619047619048
1 0.37833333333333335 0.30654761904761907 0.056666666666666664 0.08928571428571429
1 0.36 0.39285714285714285 0.06 0.09523809523809523
1 0.38166666666666665 0.4583333333333333 0.043333333333333335 0.07142857142857142
1 0.3016666666666667 0.3630952380952381 0.05 0.08333333333333333
1 0.28 0.4166666666666667 0.05333333333333334 0.08333333333333333
1 0.205 0.43154761904761907 0.056666666666666664 0.10119047619047619
1 0.24666666666666667 0.39880952380952384 0.04666666666666667 0.09523809523809523
1 0.17166666666666666 0.38392857142857145 0.05 0.08928571428571429
1 0.205 0.34523809523809523 0.043333333333333335 0.07142857142857142
1 0.235 0.2976190476190476 0.05 0.08333333333333333
1 0.2816666666666667 0.30357142857142855 0.03666666666666667 0.05952380952380952
1 0.31333333333333335 0.3273809523809524 0.02666666666666667 0.047619047619047616
1 0.34 0.3482142857142857 0.02666666666666667 0.05357142857142857
1 0.19833333333333333 0.28273809523809523 0.023333333333333334 0.041666666666666664
1 0.16166666666666665 0.2619047619047619 0.03666666666666667 0.05952380952380952
1 0.23333333333333334 0.4791666666666667 0.04666666666666667 0.07738095238095238
1 0.17833333333333334 0.4642857142857143 0.03666666666666667 0.09523809523809523
1 0.38166666666666665 0.6041666666666666 0.043333333333333335 0.07738095238095238
1 0.41333333333333333 0.6458333333333334 0.04 0.07738095238095238
1 0.43666666666666665 0.5982142857142857 0.04 0.06547619047619048
1 0.43 0.6964285714285714 0.03333333333333333 0.07142857142857142
1 0.39666666666666667 0.7291666666666666 0.04666666666666667 0.06547619047619048
1 0.37333333333333335 0.6785714285714286 0.05333333333333334 0.07142857142857142
1 0.3566666666666667 0.6369047619047619 0.02666666666666667 0.05952380952380952
1 0.35 0.5922619047619048 0.02666666666666667 0.041666666666666664
1 0.10833333333333334 0.5952380952380952 0.03666666666666667 0.07142857142857142
1 0.135 0.6220238095238095 0.043333333333333335 0.07738095238095238
1 0.23833333333333334 0.6458333333333334 0.05 0.07738095238095238
1 0.275 0.6458333333333334 0.03 0.041666666666666664
1 0.31666666666666665 0.6547619047619048 0.05333333333333334 0.09523809523809523
1 0.33166666666666667 0.7083333333333334 0.05 0.09523809523809523
1 0.36 0.7619047619047619 0.04 0.07142857142857142
1 0.305 0.7738095238095238 0.043333333333333335 0.07142857142857142
1 0.2733333333333333 0.7053571428571429 0.05333333333333334 0.08928571428571429
1 0.295 0.6130952380952381 0.06333333333333334 0.047619047619047616
1 0.21666666666666667 0.6041666666666666 0.08666666666666667 0.041666666666666664
1 0.18 0.6458333333333334 0.04 0.06547619047619048
1 0.15333333333333332 0.6934523809523809 0.05333333333333334 0.07738095238095238
1 0.11833333333333333 0.6726190476190477 0.043333333333333335 0.07142857142857142
1 0.09166666666666666 0.6279761904761905 0.03 0.08928571428571429
1 0.18333333333333332 0.7083333333333334 0.04666666666666667 0.07142857142857142
1 0.22666666666666666 0.7172619047619048 0.04666666666666667 0.07738095238095238
1 0.25833333333333336 0.7797619047619048 0.056666666666666664 0.07142857142857142
1 0.205 0.7857142857142857 0.043333333333333335 0.07142857142857142
1 0.155 0.7678571428571429 0.03 0.05952380952380952
1 0.44166666666666665 0.8452380952380952 0.03 0.07142857142857142
1 0.4 0.8541666666666666 0.05333333333333334 0.06547619047619048
1 0.435 0.9136904761904762 0.03666666666666667 0.08928571428571429
1 0.395 0.9285714285714286 0.03666666666666667 0.08333333333333333
1 0.415 0.9672619047619048 0.03666666666666667 0.05357142857142857
1 0.35833333333333334 0.8809523809523809 0.043333333333333335 0.08333333333333333
1 0.3566666666666667 0.9553571428571429 0.04666666666666667 0.07738095238095238
1 0.325 0.9136904761904762 0.03666666666666667 0.07738095238095238
1 0.31333333333333335 0.9732142857142857 0.04666666666666667 0.041666666666666664
1 0.2916666666666667 0.9345238095238095 0.043333333333333335 0.09523809523809523
1 0.245 0.9434523809523809 0.05 0.08928571428571429
1 0.21 0.9285714285714286 0.03333333333333333 0.07142857142857142
1 0.17333333333333334 0.9107142857142857 0.04 0.08333333333333333
1 0.21 0.8690476190476191 0.04666666666666667 0.047619047619047616
1 0.295 0.8720238095238095 0.07 0.02976190476190476
1 0.165 0.8541666666666666 0.03666666666666667 0.017857142857142856
1 0.13333333333333333 0.8928571428571429 0.04666666666666667 0.09523809523809523
1 0.14333333333333334 0.9583333333333334 0.03333333333333333 0.07142857142857142
1 0.18 0.9702380952380952 0.04 0.047619047619047616
1 0.21833333333333332 0.9791666666666666 0.03666666666666667 0.02976190476190476
1 0.11333333333333333 0.9375 0.02 0.041666666666666664
1 0.045 0.9107142857142857 0.09 0.11904761904761904
1 0.925 0.6577380952380952 0.11 0.10119047619047619
1 0.9533333333333334 0.7857142857142857 0.08666666666666667 0.07142857142857142
1 0.845 0.5476190476190477 0.05 0.09523809523809523
1 0.7983333333333333 0.5833333333333334 0.043333333333333335 0.05952380952380952
1 0.8333333333333334 0.6398809523809523 0.04 0.08928571428571429
1 0.49 0.5714285714285714 0.04 0.07142857142857142
1 0.525 0.5922619047619048 0.05 0.06547619047619048
1 0.5666666666666667 0.6160714285714286 0.04666666666666667 0.05357142857142857
1 0.6133333333333333 0.6309523809523809 0.05333333333333334 0.07142857142857142
1 0.6533333333333333 0.6190476190476191 0.04 0.047619047619047616
1 0.6916666666666667 0.6428571428571429 0.056666666666666664 0.10714285714285714
1 0.7416666666666667 0.6458333333333334 0.03666666666666667 0.07738095238095238
1 0.765 0.6220238095238095 0.043333333333333335 0.06547619047619048
1 0.805 0.6785714285714286 0.05 0.09523809523809523
1 0.7716666666666666 0.6964285714285714 0.043333333333333335 0.08333333333333333
1 0.725 0.7202380952380952 0.05 0.09523809523809523
1 0.6683333333333333 0.7232142857142857 0.06333333333333334 0.08928571428571429
1 0.6066666666666667 0.7113095238095238 0.05333333333333334 0.10119047619047619
1 0.6416666666666667 0.6636904761904762 0.043333333333333335 0.05357142857142857
1 0.57 0.6904761904761905 0.05333333333333334 0.09523809523809523
1 0.5183333333333333 0.6696428571428571 0.056666666666666664 0.10119047619047619
1 0.48333333333333334 0.6279761904761905 0.04 0.07738095238095238
1 0.49666666666666665 0.7142857142857143 0.04666666666666667 0.07142857142857142
1 0.585 0.7797619047619048 0.03666666666666667 0.07142857142857142
1 0.635 0.7946428571428571 0.043333333333333335 0.07738095238095238
1 0.6916666666666667 0.7946428571428571 0.043333333333333335 0.06547619047619048
1 0.7516666666666667 0.7886904761904762 0.043333333333333335 0.07738095238095238
1 0.785 0.7738095238095238 0.03666666666666667 0.07142857142857142
1 0.825 0.8720238095238095 0.05 0.08928571428571429
1 0.8216666666666667 0.8244047619047619 0.043333333333333335 0.041666666666666664
1 0.8083333333333333 0.9375 0.05 0.08928571428571429
1 0.7783333333333333 0.9583333333333334 0.06333333333333334 0.07142857142857142
1 0.7733333333333333 0.8869047619047619 0.05333333333333334 0.07142857142857142
1 0.7416666666666667 0.8928571428571429 0.03666666666666667 0.05952380952380952
1 0.74 0.9523809523809523 0.02 0.07142857142857142
1 0.7116666666666667 0.9702380952380952 0.03666666666666667 0.047619047619047616
1 0.6883333333333334 0.9404761904761905 0.03666666666666667 0.047619047619047616
1 0.6983333333333334 0.9047619047619048 0.056666666666666664 0.047619047619047616
1 0.6733333333333333 0.9761904761904762 0.04 0.03571428571428571
1 0.635 0.9761904761904762 0.05 0.03571428571428571
1 0.5816666666666667 0.9642857142857143 0.05 0.05952380952380952
1 0.55 0.9791666666666666 0.02 0.02976190476190476
1 0.5116666666666667 0.9642857142857143 0.056666666666666664 0.05952380952380952
1 0.485 0.9434523809523809 0.043333333333333335 0.08928571428571429
1 0.485 0.875 0.043333333333333335 0.05952380952380952
1 0.48833333333333334 0.8154761904761905 0.043333333333333335 0.05952380952380952
1 0.5233333333333333 0.8988095238095238 0.04 0.05952380952380952
1 0.55 0.9315476190476191 0.04666666666666667 0.06547619047619048
1 0.605 0.9583333333333334 0.05 0.05952380952380952
1 0.6533333333333333 0.9196428571428571 0.04666666666666667 0.07738095238095238
1 0.6116666666666667 0.8898809523809523 0.043333333333333335 0.041666666666666664
1 0.58 0.9017857142857143 0.06666666666666667 0.06547619047619048
1 0.5366666666666666 0.8601190476190477 0.04 0.05357142857142857