1 0.7883333333333333 0.7708333333333334 0.25 0.3273809523809524
1 0.37666666666666665 0.8630952380952381 0.26666666666666666 0.2619047619047619
1 0.5583333333333333 0.6130952380952381 0.27 0.5238095238095238
1 0.6833333333333333 0.25892857142857145 0.18 0.3273809523809524
1 0.805 0.4880952380952381 0.21 0.35714285714285715
1 0.8766666666666667 0.3630952380952381 0.2 0.38095238095238093
1 0.5833333333333334 0.19642857142857142 0.21333333333333335 0.34523809523809523
1 0.3983333333333333 0.23214285714285715 0.27 0.4642857142857143
1 0.24333333333333335 0.6071428571428571 0.29333333333333333 0.4166666666666667
1 0.22333333333333333 0.20833333333333334 0.20666666666666667 0.40476190476190477
1 0.145 0.3958333333333333 0.22333333333333333 0.35119047619047616