1 0.46 0.42349726775956287 0.20727272727272728 0.3005464480874317
1 0.6854545454545454 0.6010928961748634 0.08363636363636363 0.13114754098360656
1 0.7890909090909091 0.5901639344262295 0.15272727272727274 0.14207650273224043
1 0.3563636363636364 0.6530054644808743 0.07272727272727272 0.07103825136612021
1 0.4036363636363636 0.6775956284153005 0.03636363636363636 0.04371584699453552
1 0.27454545454545454 0.6666666666666666 0.05454545454545454 0.03278688524590164
1 0.23454545454545456 0.7950819672131147 0.12727272727272726 0.14754098360655737
1 0.3290909090909091 0.855191256830601 0.06181818181818182 0.10382513661202186
1 0.48363636363636364 0.8415300546448088 0.06545454545454546 0.08743169398907104
1 0.14545454545454545 0.8114754098360656 0.05818181818181818 0.07103825136612021
1 0.13090909090909092 0.7349726775956285 0.11636363636363636 0.09289617486338798
1 0.08363636363636363 0.6475409836065574 0.12363636363636364 0.1366120218579235
1 0.02909090909090909 0.7213114754098361 0.05818181818181818 0.08743169398907104
1 0.08545454545454545 0.03278688524590164 0.09090909090909091 0.06557377049180328