1 0.9021739130434783 0.8797814207650273 0.18840579710144928 0.22950819672131148
1 0.9528985507246377 0.6557377049180327 0.08695652173913043 0.34972677595628415
1 0.9710144927536232 0.4016393442622951 0.050724637681159424 0.18032786885245902
1 0.9347826086956522 0.546448087431694 0.09420289855072464 0.16393442622950818
1 0.8804347826086957 0.4180327868852459 0.13043478260869565 0.3224043715846995
1 0.9202898550724637 0.2814207650273224 0.15217391304347827 0.1912568306010929
1 0.9130434782608695 0.1721311475409836 0.13043478260869565 0.1366120218579235
1 0.9456521739130435 0.060109289617486336 0.10144927536231885 0.12021857923497267
1 0.9836956521739131 0.1557377049180328 0.025362318840579712 0.10382513661202186
1 0.8134057971014492 0.2459016393442623 0.08333333333333333 0.12021857923497267
1 0.7952898550724637 0.10382513661202186 0.17028985507246377 0.20765027322404372
1 0.8768115942028986 0.0546448087431694 0.036231884057971016 0.1092896174863388
1 0.7083333333333334 0.15300546448087432 0.05434782608695652 0.12021857923497267
1 0.7065217391304348 0.040983606557377046 0.07246376811594203 0.08196721311475409
1 0.6177536231884058 0.09836065573770492 0.17028985507246377 0.19672131147540983
1 0.6304347826086957 0.2540983606557377 0.11594202898550725 0.18032786885245902
1 0.6920289855072463 0.3551912568306011 0.21739130434782608 0.31693989071038253
1 0.7644927536231884 0.5300546448087432 0.15217391304347827 0.17486338797814208
1 0.7989130434782609 0.40437158469945356 0.03260869565217391 0.07650273224043716
1 0.6032608695652174 0.45901639344262296 0.06159420289855073 0.1092896174863388
1 0.5398550724637681 0.6174863387978142 0.21739130434782608 0.29508196721311475
1 0.6304347826086957 0.7950819672131147 0.4057971014492754 0.3879781420765027
1 0.5815217391304348 0.9180327868852459 0.17753623188405798 0.12021857923497267
1 0.6213768115942029 0.9043715846994536 0.2210144927536232 0.09289617486338798
1 0.6177536231884058 0.9617486338797814 0.19927536231884058 0.06557377049180328
1 0.8297101449275363 0.9234972677595629 0.2536231884057971 0.14207650273224043
1 0.3641304347826087 0.7158469945355191 0.14130434782608695 0.12021857923497267
1 0.4528985507246377 0.8142076502732241 0.07246376811594203 0.14207650273224043
1 0.49818840579710144 0.45901639344262296 0.17753623188405798 0.24043715846994534
1 0.5398550724637681 0.25956284153005466 0.07246376811594203 0.22404371584699453
1 0.47101449275362317 0.23224043715846995 0.12318840579710146 0.2896174863387978
1 0.43478260869565216 0.2978142076502732 0.06521739130434782 0.11475409836065574
1 0.3858695652173913 0.09562841530054644 0.15579710144927536 0.1912568306010929
1 0.4855072463768116 0.05191256830601093 0.11594202898550725 0.10382513661202186
1 0.5471014492753623 0.02459016393442623 0.057971014492753624 0.04918032786885246
1 0.25905797101449274 0.1366120218579235 0.11231884057971014 0.17486338797814208
1 0.3423913043478261 0.4016393442622951 0.19202898550724637 0.5628415300546448
1 0.23550724637681159 0.4262295081967213 0.17391304347826086 0.24043715846994534
1 0.24456521739130435 0.6420765027322405 0.22826086956521738 0.20218579234972678
1 0.13043478260869565 0.8387978142076503 0.2608695652173913 0.23497267759562843
1 0.34782608695652173 0.8469945355191257 0.21739130434782608 0.29508196721311475
1 0.3134057971014493 0.9644808743169399 0.14130434782608695 0.060109289617486336
1 0.10144927536231885 0.8907103825136612 0.18115942028985507 0.20765027322404372
1 0.20108695652173914 0.9180327868852459 0.11231884057971014 0.15300546448087432
1 0.07065217391304347 0.73224043715847 0.14130434782608695 0.06557377049180328
1 0.06521739130434782 0.5846994535519126 0.13043478260869565 0.25136612021857924
1 0.1431159420289855 0.5027322404371585 0.07608695652173914 0.16393442622950818
1 0.08514492753623189 0.34153005464480873 0.17028985507246377 0.2459016393442623
1 0.18297101449275363 0.30327868852459017 0.06159420289855073 0.09289617486338798
1 0.21920289855072464 0.23497267759562843 0.06159420289855073 0.14207650273224043
1 0.09601449275362318 0.20491803278688525 0.19202898550724637 0.23497267759562843
1 0.1322463768115942 0.1092896174863388 0.11231884057971014 0.1092896174863388
1 0.03985507246376811 0.05737704918032787 0.07971014492753623 0.11475409836065574
1 0.18478260869565216 0.060109289617486336 0.26811594202898553 0.12021857923497267
1 0.49818840579710144 0.4972677595628415 0.9963768115942029 0.994535519125683