1 0.8946540880503144 0.6918238993710691 0.17295597484276728 0.3522012578616352
1 0.9716981132075472 0.6289308176100629 0.050314465408805034 0.20125786163522014
1 0.9842767295597484 0.8081761006289309 0.025157232704402517 0.18238993710691823
1 0.8805031446540881 0.7924528301886793 0.23270440251572327 0.4025157232704403
1 0.7955974842767296 0.8238993710691824 0.23270440251572327 0.2641509433962264
1 0.7625786163522013 0.9025157232704403 0.14150943396226415 0.18238993710691823
1 0.6918238993710691 0.9339622641509434 0.050314465408805034 0.11949685534591195
1 0.6069182389937107 0.8522012578616353 0.18238993710691823 0.2830188679245283
1 0.5283018867924528 0.9276729559748428 0.11320754716981132 0.1320754716981132
1 0.5 0.7641509433962265 0.1069182389937107 0.1949685534591195
1 0.5251572327044025 0.6698113207547169 0.10062893081761007 0.14465408805031446
1 0.6352201257861635 0.7264150943396226 0.07547169811320754 0.08176100628930817
1 0.6556603773584906 0.6509433962264151 0.11635220125786164 0.1949685534591195
1 0.5723270440251572 0.5345911949685535 0.10062893081761007 0.2138364779874214
1 0.5078616352201258 0.5628930817610063 0.040880503144654086 0.09433962264150944
1 0.42924528301886794 0.889937106918239 0.1289308176100629 0.20754716981132076
1 0.30660377358490565 0.9371069182389937 0.12264150943396226 0.11320754716981132
1 0.36477987421383645 0.7704402515723271 0.14465408805031446 0.27044025157232704
1 0.41352201257861637 0.6226415094339622 0.14150943396226415 0.22641509433962265
1 0.4371069182389937 0.4937106918238994 0.10062893081761007 0.16981132075471697
1 0.5078616352201258 0.3522012578616352 0.14150943396226415 0.3018867924528302
1 0.6179245283018868 0.4025157232704403 0.040880503144654086 0.1761006289308176
1 0.7028301886792453 0.4559748427672956 0.1792452830188679 0.3333333333333333
1 0.8805031446540881 0.4748427672955975 0.22012578616352202 0.5345911949685535
1 0.9182389937106918 0.4811320754716981 0.03773584905660377 0.06918238993710692
1 0.9575471698113207 0.5220125786163522 0.04716981132075472 0.06289308176100629
1 0.9685534591194969 0.4276729559748428 0.05660377358490566 0.2641509433962264
1 0.9056603773584906 0.29874213836477986 0.03773584905660377 0.09433962264150944
1 0.8789308176100629 0.3490566037735849 0.040880503144654086 0.09433962264150944
1 0.8663522012578616 0.2893081761006289 0.059748427672955975 0.06289308176100629
1 0.8223270440251572 0.27672955974842767 0.0220125786163522 0.050314465408805034
1 0.7955974842767296 0.22641509433962265 0.03773584905660377 0.050314465408805034
1 0.8018867924528302 0.3742138364779874 0.1069182389937107 0.27044025157232704
1 0.8286163522012578 0.21069182389937108 0.09748427672955975 0.15723270440251572
1 0.9386792452830188 0.16352201257861634 0.11006289308176101 0.18867924528301888
1 0.9748427672955975 0.19811320754716982 0.0440251572327044 0.16981132075471697
1 0.8710691823899371 0.16981132075471697 0.05660377358490566 0.0880503144654088
1 0.8710691823899371 0.08490566037735849 0.06289308176100629 0.16981132075471697
1 0.9056603773584906 0.07861635220125786 0.06918238993710692 0.15723270440251572
1 0.940251572327044 0.050314465408805034 0.050314465408805034 0.0880503144654088
1 0.8191823899371069 0.07861635220125786 0.02830188679245283 0.08176100628930817
1 0.8474842767295597 0.09119496855345911 0.03459119496855346 0.1069182389937107
1 0.7877358490566038 0.05345911949685535 0.02830188679245283 0.08176100628930817
1 0.7594339622641509 0.06289308176100629 0.03459119496855346 0.07547169811320754
1 0.7232704402515723 0.03773584905660377 0.018867924528301886 0.050314465408805034
1 0.6965408805031447 0.012578616352201259 0.0220125786163522 0.025157232704402517
1 0.6415094339622641 0.06918238993710692 0.15723270440251572 0.0880503144654088
1 0.7342767295597484 0.1069182389937107 0.040880503144654086 0.07547169811320754
1 0.7783018867924528 0.13522012578616352 0.05345911949685535 0.09433962264150944
1 0.720125786163522 0.19811320754716982 0.1069182389937107 0.11949685534591195
1 0.6713836477987422 0.13836477987421383 0.08490566037735849 0.10062893081761007
1 0.6273584905660378 0.17295597484276728 0.04716981132075472 0.08176100628930817
1 0.5911949685534591 0.1792452830188679 0.031446540880503145 0.09433962264150944
1 0.5581761006289309 0.13522012578616352 0.08490566037735849 0.1320754716981132
1 0.539308176100629 0.1761006289308176 0.03459119496855346 0.06289308176100629
1 0.5550314465408805 0.22327044025157233 0.0220125786163522 0.05660377358490566
1 0.5801886792452831 0.27044025157232704 0.03459119496855346 0.07547169811320754
1 0.6163522012578616 0.2610062893081761 0.0880503144654088 0.1069182389937107
1 0.4716981132075472 0.16037735849056603 0.09433962264150944 0.20754716981132076
1 0.49528301886792453 0.040880503144654086 0.0660377358490566 0.08176100628930817
1 0.5628930817610063 0.03459119496855346 0.06918238993710692 0.06918238993710692
1 0.6069182389937107 0.015723270440251572 0.03773584905660377 0.031446540880503145
1 0.42138364779874216 0.24213836477987422 0.06289308176100629 0.24528301886792453
1 0.42138364779874216 0.389937106918239 0.031446540880503145 0.06289308176100629
1 0.330188679245283 0.31761006289308175 0.16981132075471697 0.3584905660377358
1 0.3474842767295597 0.5408805031446541 0.07861635220125786 0.10062893081761007
1 0.279874213836478 0.6981132075471698 0.12578616352201258 0.27672955974842767
1 0.22641509433962265 0.8867924528301887 0.1069182389937107 0.18867924528301888
1 0.13364779874213836 0.940251572327044 0.14150943396226415 0.1069182389937107
1 0.12578616352201258 0.8584905660377359 0.11320754716981132 0.11949685534591195
1 0.16666666666666666 0.7075471698113207 0.1069182389937107 0.1949685534591195
1 0.2279874213836478 0.5786163522012578 0.07861635220125786 0.13836477987421383
1 0.2861635220125786 0.5 0.05660377358490566 0.1320754716981132
1 0.22327044025157233 0.41509433962264153 0.0880503144654088 0.20125786163522014
1 0.22169811320754718 0.36163522012578614 0.05345911949685535 0.09433962264150944
1 0.11006289308176101 0.20125786163522014 0.22012578616352202 0.4025157232704403
1 0.3411949685534591 0.10062893081761007 0.3742138364779874 0.20125786163522014
1 0.40723270440251574 0.050314465408805034 0.1289308176100629 0.10062893081761007
1 0.25943396226415094 0.040880503144654086 0.08490566037735849 0.08176100628930817
1 0.3113207547169811 0.0220125786163522 0.03773584905660377 0.0440251572327044
1 0.22169811320754718 0.09433962264150944 0.059748427672955975 0.0880503144654088
1 0.2248427672955975 0.25471698113207547 0.05345911949685535 0.11949685534591195
1 0.12735849056603774 0.4779874213836478 0.14150943396226415 0.2138364779874214
1 0.11477987421383648 0.7044025157232704 0.16037735849056603 0.3018867924528302
1 0.036163522012578615 0.9308176100628931 0.07232704402515723 0.12578616352201258
1 0.026729559748427674 0.6792452830188679 0.05345911949685535 0.25157232704402516
1 0.03930817610062893 0.5094339622641509 0.07861635220125786 0.22641509433962265
1 0.49842767295597484 0.4968553459119497 0.9968553459119497 0.9937106918238994