1 0.09210526315789473 0.0509433962264151 0.18421052631578946 0.1018867924528302
1 0.30526315789473685 0.06415094339622641 0.3473684210526316 0.12830188679245283
1 0.7342105263157894 0.08490566037735849 0.5210526315789473 0.16981132075471697
1 0.8368421052631579 0.18867924528301888 0.16842105263157894 0.15849056603773584
1 0.9289473684210526 0.018867924528301886 0.13157894736842105 0.03773584905660377
1 0.5578947368421052 0.2 0.47368421052631576 0.3471698113207547
1 0.7763157894736842 0.4830188679245283 0.4368421052631579 0.3320754716981132
1 0.8736842105263158 0.2849056603773585 0.24210526315789474 0.21509433962264152
1 0.2868421052631579 0.469811320754717 0.4789473684210526 0.3132075471698113
1 0.2736842105263158 0.6830188679245283 0.1368421052631579 0.11320754716981132
1 0.44473684210526315 0.7415094339622641 0.33157894736842103 0.2679245283018868
1 0.4263157894736842 0.8811320754716981 0.042105263157894736 0.026415094339622643
1 0.5552631578947368 0.8641509433962264 0.03684210526315789 0.022641509433962263
1 0.5684210526315789 0.8830188679245283 0.021052631578947368 0.01509433962264151
1 0.5263157894736842 0.9132075471698113 0.05263157894736842 0.03018867924528302
1 0.6868421052631579 0.9150943396226415 0.03684210526315789 0.026415094339622643
1 0.3684210526315789 0.9358490566037736 0.042105263157894736 0.022641509433962263
1 0.05526315789473684 0.5849056603773585 0.11052631578947368 0.2037735849056604
1 0.9368421052631579 0.6660377358490566 0.11578947368421053 0.15471698113207547
1 0.8236842105263158 0.8452830188679246 0.20526315789473684 0.19622641509433963
1 0.6710526315789473 0.8056603773584906 0.12105263157894737 0.1320754716981132
1 0.6657894736842105 0.7094339622641509 0.1 0.09811320754716982
1 0.7710526315789473 0.6867924528301886 0.1736842105263158 0.0830188679245283
1 0.1631578947368421 0.22830188679245284 0.3263157894736842 0.32075471698113206