1 0.8066666666666666 0.7888888888888889 0.37777777777777777 0.41333333333333333
1 0.9711111111111111 0.6488888888888888 0.04888888888888889 0.3022222222222222
1 0.8911111111111111 0.36666666666666664 0.2088888888888889 0.6977777777777778
1 0.52 0.5 0.7555555555555555 0.9911111111111112
1 0.08666666666666667 0.6377777777777778 0.17333333333333334 0.6533333333333333
1 0.14444444444444443 0.9311111111111111 0.28888888888888886 0.1288888888888889
1 0.051111111111111114 0.23333333333333334 0.10222222222222223 0.22666666666666666
1 0.08666666666666667 0.25333333333333335 0.17333333333333334 0.32
1 0.3711111111111111 0.20444444444444446 0.4666666666666667 0.37333333333333335
1 0.7111111111111111 0.1288888888888889 0.24 0.16
1 0.8466666666666667 0.08888888888888889 0.09333333333333334 0.08
1 0.8511111111111112 0.022222222222222223 0.08444444444444445 0.044444444444444446
1 0.9488888888888889 0.02 0.09333333333333334 0.04
1 0.6244444444444445 0.05333333333333334 0.14666666666666667 0.10666666666666667
1 0.6088888888888889 0.028888888888888888 0.09777777777777778 0.057777777777777775
1 0.7177777777777777 0.03333333333333333 0.12 0.06666666666666667
1 0.4888888888888889 0.03333333333333333 0.12444444444444444 0.06666666666666667
1 0.16444444444444445 0.06444444444444444 0.11555555555555555 0.10222222222222223
1 0.05333333333333334 0.06666666666666667 0.10666666666666667 0.09777777777777778