1 0.8836363636363637 0.8907103825136612 0.1890909090909091 0.15300546448087432
1 0.98 0.8633879781420765 0.03272727272727273 0.08743169398907104
1 0.9236363636363636 0.7841530054644809 0.14545454545454545 0.1366120218579235
1 0.7909090909090909 0.76775956284153 0.14181818181818182 0.16939890710382513
1 0.7836363636363637 0.8825136612021858 0.10545454545454545 0.1366120218579235
1 0.6272727272727273 0.9043715846994536 0.15636363636363637 0.14754098360655737
1 0.6872727272727273 0.8688524590163934 0.08 0.12021857923497267
1 0.5618181818181818 0.7786885245901639 0.2 0.1366120218579235
1 0.6890909090909091 0.76775956284153 0.10545454545454545 0.11475409836065574
1 0.6836363636363636 0.7158469945355191 0.11636363636363636 0.06557377049180328
1 0.76 0.6557377049180327 0.09454545454545454 0.12021857923497267
1 0.8454545454545455 0.5765027322404371 0.15636363636363637 0.14754098360655737
1 0.96 0.5956284153005464 0.07272727272727272 0.18579234972677597
1 0.9472727272727273 0.453551912568306 0.09818181818181818 0.18579234972677597
1 0.8909090909090909 0.5273224043715847 0.07272727272727272 0.09289617486338798
1 0.39090909090909093 0.8688524590163934 0.19272727272727272 0.25136612021857924
1 0.19818181818181818 0.8442622950819673 0.19272727272727272 0.14754098360655737
1 0.26181818181818184 0.7459016393442623 0.13090909090909092 0.20218579234972678
1 0.35454545454545455 0.7868852459016393 0.10545454545454545 0.13114754098360656
1 0.07636363636363637 0.7950819672131147 0.14545454545454545 0.16939890710382513
1 0.10181818181818182 0.6967213114754098 0.1890909090909091 0.22404371584699453
1 0.24727272727272728 0.6775956284153005 0.09454545454545454 0.15300546448087432
1 0.33090909090909093 0.6229508196721312 0.05818181818181818 0.07650273224043716
1 0.4163636363636364 0.5846994535519126 0.11272727272727273 0.12021857923497267
1 0.32 0.5519125683060109 0.16727272727272727 0.12021857923497267
1 0.4090909090909091 0.4890710382513661 0.10545454545454545 0.1366120218579235
1 0.4909090909090909 0.5355191256830601 0.12363636363636364 0.19672131147540983
1 0.5218181818181818 0.6420765027322405 0.15636363636363637 0.15846994535519127
1 0.6236363636363637 0.5327868852459017 0.10545454545454545 0.1366120218579235
1 0.7290909090909091 0.5136612021857924 0.12 0.15300546448087432
1 0.7436363636363637 0.34153005464480873 0.12727272727272726 0.12568306010928962
1 0.6690909090909091 0.34153005464480873 0.12363636363636364 0.08196721311475409
1 0.6327272727272727 0.42896174863387976 0.08727272727272728 0.10382513661202186
1 0.8218181818181818 0.32786885245901637 0.06545454545454546 0.1092896174863388
1 0.9127272727272727 0.2978142076502732 0.13090909090909092 0.11475409836065574
1 0.9709090909090909 0.20491803278688525 0.05090909090909091 0.15846994535519127
1 0.8927272727272727 0.23224043715846995 0.11272727272727273 0.10382513661202186
1 0.8072727272727273 0.23497267759562843 0.07272727272727272 0.07650273224043716
1 0.7490909090909091 0.19672131147540983 0.07272727272727272 0.07650273224043716
1 0.8109090909090909 0.16666666666666666 0.05818181818181818 0.07103825136612021
1 0.64 0.26229508196721313 0.13818181818181818 0.17486338797814208
1 0.5145454545454545 0.39344262295081966 0.14181818181818182 0.12021857923497267
1 0.39090909090909093 0.3989071038251366 0.08363636363636363 0.07650273224043716
1 0.34 0.44808743169398907 0.09818181818181818 0.12021857923497267
1 0.22363636363636363 0.4644808743169399 0.10545454545454545 0.09836065573770492
1 0.2636363636363636 0.3551912568306011 0.14909090909090908 0.17486338797814208
1 0.16363636363636364 0.546448087431694 0.14545454545454545 0.13114754098360656
1 0.05454545454545454 0.5737704918032787 0.10909090909090909 0.20765027322404372
1 0.09454545454545454 0.4180327868852459 0.14545454545454545 0.14754098360655737
1 0.11636363636363636 0.3333333333333333 0.08727272727272728 0.07650273224043716
1 0.18 0.3442622950819672 0.08363636363636363 0.1092896174863388
1 0.12545454545454546 0.25136612021857924 0.08363636363636363 0.07650273224043716
1 0.1781818181818182 0.226775956284153 0.08 0.09289617486338798
1 0.03636363636363636 0.30327868852459017 0.07272727272727272 0.12568306010928962
1 0.016363636363636365 0.39617486338797814 0.03272727272727273 0.08196721311475409
1 0.04727272727272727 0.4972677595628415 0.09454545454545454 0.08743169398907104
1 0.39454545454545453 0.19398907103825136 0.09090909090909091 0.08196721311475409
1 0.4672727272727273 0.13387978142076504 0.09090909090909091 0.10382513661202186
1 0.5654545454545454 0.1448087431693989 0.09818181818181818 0.09289617486338798
1 0.6218181818181818 0.08469945355191257 0.06545454545454546 0.060109289617486336
1 0.66 0.1366120218579235 0.06181818181818182 0.0546448087431694
1 0.6945454545454546 0.1721311475409836 0.02909090909090909 0.060109289617486336
1 0.7218181818181818 0.12295081967213115 0.025454545454545455 0.03825136612021858
1 0.7854545454545454 0.12295081967213115 0.05818181818181818 0.07103825136612021
1 0.9527272727272728 0.16666666666666666 0.08727272727272728 0.11475409836065574
1 0.5145454545454545 0.27595628415300544 0.12727272727272726 0.11475409836065574
1 0.5127272727272727 0.20491803278688525 0.10909090909090909 0.04918032786885246
1 0.43454545454545457 0.2923497267759563 0.14181818181818182 0.10382513661202186
1 0.36727272727272725 0.2677595628415301 0.06545454545454546 0.06557377049180328
1 0.2727272727272727 0.16393442622950818 0.07272727272727272 0.07650273224043716
1 0.28363636363636363 0.2185792349726776 0.07272727272727272 0.07650273224043716
1 0.14 0.1448087431693989 0.03272727272727273 0.08196721311475409
1 0.09818181818181818 0.19672131147540983 0.06545454545454546 0.0546448087431694
1 0.05090909090909091 0.21584699453551912 0.05090909090909091 0.060109289617486336
1 0.02181818181818182 0.20765027322404372 0.04363636363636364 0.09836065573770492
1 0.5727272727272728 0.14754098360655737 0.09818181818181818 0.1092896174863388
1 0.37454545454545457 0.05191256830601093 0.06545454545454546 0.09289617486338798