1 0.6054545454545455 0.7185792349726776 0.12727272727272726 0.22404371584699453
1 0.7890909090909091 0.6311475409836066 0.11636363636363636 0.15846994535519127
1 0.9109090909090909 0.7240437158469946 0.14909090909090908 0.20218579234972678
1 0.4636363636363636 0.7568306010928961 0.12 0.16939890710382513
1 0.4309090909090909 0.5355191256830601 0.08363636363636363 0.1092896174863388
1 0.54 0.4972677595628415 0.14181818181818182 0.2185792349726776
1 0.4018181818181818 0.4262295081967213 0.10545454545454545 0.15300546448087432
1 0.2909090909090909 0.5218579234972678 0.13818181818181818 0.20218579234972678
1 0.38545454545454544 0.644808743169399 0.14545454545454545 0.20765027322404372
1 0.43272727272727274 0.19672131147540983 0.41454545454545455 0.39344262295081966
1 0.7727272727272727 0.2786885245901639 0.4254545454545455 0.5573770491803278