1 0.6935483870967742 0.27586206896551724 0.14516129032258066 0.15763546798029557
1 0.6431451612903226 0.312807881773399 0.10080645161290322 0.1330049261083744
1 0.7298387096774194 0.41625615763546797 0.08064516129032258 0.12315270935960591
1 0.7016129032258065 0.5517241379310345 0.13709677419354838 0.10837438423645321
1 0.7318548387096774 0.6083743842364532 0.10080645161290322 0.07389162561576355
1 0.7903225806451613 0.5344827586206896 0.056451612903225805 0.10344827586206896
1 0.6733870967741935 0.6428571428571429 0.12096774193548387 0.09359605911330049
1 0.7620967741935484 0.6600985221674877 0.07258064516129033 0.07881773399014778
1 0.6834677419354839 0.7019704433497537 0.0846774193548387 0.07389162561576355
1 0.6209677419354839 0.7068965517241379 0.12096774193548387 0.14285714285714285
1 0.40725806451612906 0.7635467980295566 0.25806451612903225 0.19704433497536947
1 0.5342741935483871 0.8374384236453202 0.04435483870967742 0.029556650246305417
1 0.6169354838709677 0.8078817733990148 0.1532258064516129 0.03940886699507389
1 0.48588709677419356 0.6798029556650246 0.15725806451612903 0.24630541871921183
1 0.4879032258064516 0.5566502463054187 0.20161290322580644 0.07881773399014778
1 0.39314516129032256 0.603448275862069 0.0846774193548387 0.14285714285714285
1 0.29838709677419356 0.5738916256157636 0.14516129032258066 0.18226600985221675
1 0.29838709677419356 0.46551724137931033 0.13709677419354838 0.1625615763546798
1 0.2318548387096774 0.4975369458128079 0.0846774193548387 0.09852216748768473
1 0.3689516129032258 0.4802955665024631 0.036290322580645164 0.054187192118226604
1 0.49193548387096775 0.3817733990147783 0.2903225806451613 0.3497536945812808
1 0.6653225806451613 0.4408866995073892 0.06451612903225806 0.1330049261083744
1 0.4536290322580645 0.229064039408867 0.24596774193548387 0.1330049261083744
1 0.5786290322580645 0.20689655172413793 0.036290322580645164 0.059113300492610835
1 0.3487903225806452 0.2019704433497537 0.028225806451612902 0.04926108374384237
1 0.28830645161290325 0.32019704433497537 0.15725806451612903 0.27586206896551724