1 0.9490909090909091 0.9644808743169399 0.09454545454545454 0.060109289617486336
1 0.9054545454545454 0.9344262295081968 0.09454545454545454 0.12021857923497267
1 0.9418181818181818 0.8715846994535519 0.10909090909090909 0.11475409836065574
1 0.9654545454545455 0.7896174863387978 0.06181818181818182 0.09289617486338798
1 0.9454545454545454 0.7431693989071039 0.08727272727272728 0.12021857923497267
1 0.9236363636363636 0.6284153005464481 0.08 0.12021857923497267
1 0.9727272727272728 0.6229508196721312 0.04727272727272727 0.14207650273224043
1 0.9636363636363636 0.5109289617486339 0.06545454545454546 0.14754098360655737
1 0.8909090909090909 0.5245901639344263 0.08727272727272728 0.1092896174863388
1 0.8581818181818182 0.6229508196721312 0.06545454545454546 0.12021857923497267
1 0.7963636363636364 0.6939890710382514 0.10181818181818182 0.13114754098360656
1 0.850909090909091 0.7950819672131147 0.08727272727272728 0.1366120218579235
1 0.84 0.912568306010929 0.05818181818181818 0.13114754098360656
1 0.7945454545454546 0.9016393442622951 0.09090909090909091 0.15300546448087432
1 0.7781818181818182 0.9508196721311475 0.11636363636363636 0.08743169398907104
1 0.7454545454545455 0.855191256830601 0.08727272727272728 0.11475409836065574
1 0.7909090909090909 0.7978142076502732 0.04727272727272727 0.06557377049180328
1 0.7527272727272727 0.7622950819672131 0.07272727272727272 0.09289617486338798
1 0.7018181818181818 0.7213114754098361 0.04363636363636364 0.04371584699453552
1 0.7327272727272728 0.6885245901639344 0.05454545454545454 0.0546448087431694
1 0.7090909090909091 0.6475409836065574 0.07272727272727272 0.08196721311475409
1 0.6709090909090909 0.7049180327868853 0.06181818181818182 0.09836065573770492
1 0.72 0.5956284153005464 0.08727272727272728 0.07650273224043716
1 0.7163636363636363 0.5327868852459017 0.05090909090909091 0.04918032786885246
1 0.7654545454545455 0.5081967213114754 0.07636363636363637 0.13114754098360656
1 0.8 0.5765027322404371 0.06545454545454546 0.10382513661202186
1 0.8436363636363636 0.5491803278688525 0.07272727272727272 0.08196721311475409
1 0.8345454545454546 0.43989071038251365 0.1781818181818182 0.12568306010928962
1 0.7581818181818182 0.4426229508196721 0.06909090909090909 0.07650273224043716
1 0.96 0.4180327868852459 0.07272727272727272 0.09289617486338798
1 0.9709090909090909 0.34972677595628415 0.05090909090909091 0.12021857923497267
1 0.9218181818181819 0.33060109289617484 0.05454545454545454 0.07103825136612021
1 0.9636363636363636 0.2650273224043716 0.06545454545454546 0.08196721311475409
1 0.9254545454545454 0.23224043715846995 0.06181818181818182 0.07103825136612021
1 0.9763636363636363 0.22131147540983606 0.04 0.04918032786885246
1 0.9490909090909091 0.15300546448087432 0.07272727272727272 0.07650273224043716
1 0.9872727272727273 0.16393442622950818 0.01818181818181818 0.07650273224043716
1 0.9145454545454546 0.22950819672131148 0.06909090909090909 0.09836065573770492
1 0.8818181818181818 0.22404371584699453 0.04 0.0546448087431694
1 0.8618181818181818 0.27049180327868855 0.07272727272727272 0.09289617486338798
1 0.8436363636363636 0.34153005464480873 0.04363636363636364 0.07103825136612021
1 0.8981818181818182 0.3442622950819672 0.07272727272727272 0.0546448087431694
1 0.7836363636363637 0.31693989071038253 0.07636363636363637 0.12021857923497267
1 0.769090909090909 0.2814207650273224 0.07636363636363637 0.08196721311475409
1 0.7963636363636364 0.21584699453551912 0.05818181818181818 0.12568306010928962
1 0.8327272727272728 0.18579234972677597 0.08 0.08743169398907104
1 0.8290909090909091 0.12021857923497267 0.08727272727272728 0.12021857923497267
1 0.889090909090909 0.1092896174863388 0.05454545454545454 0.09836065573770492
1 0.7254545454545455 0.05737704918032787 0.07636363636363637 0.11475409836065574
1 0.7618181818181818 0.12568306010928962 0.06181818181818182 0.04371584699453552
1 0.7563636363636363 0.15846994535519127 0.05090909090909091 0.0546448087431694
1 0.7218181818181818 0.2103825136612022 0.08363636363636363 0.11475409836065574
1 0.6927272727272727 0.15300546448087432 0.06909090909090909 0.09836065573770492
1 0.6672727272727272 0.10109289617486339 0.09090909090909091 0.11475409836065574
1 0.7036363636363636 0.30327868852459017 0.06181818181818182 0.07103825136612021
1 0.7436363636363637 0.3743169398907104 0.04727272727272727 0.07103825136612021
1 0.6854545454545454 0.3743169398907104 0.08363636363636363 0.10382513661202186
1 0.6890909090909091 0.4672131147540984 0.06181818181818182 0.11475409836065574
1 0.6327272727272727 0.546448087431694 0.08727272727272728 0.13114754098360656
1 0.6381818181818182 0.6530054644808743 0.06181818181818182 0.09289617486338798
1 0.6654545454545454 0.7759562841530054 0.04363636363636364 0.04371584699453552
1 0.6909090909090909 0.8224043715846995 0.03636363636363636 0.08196721311475409
1 0.6509090909090909 0.9043715846994536 0.07272727272727272 0.09289617486338798
1 0.6745454545454546 0.9398907103825137 0.08363636363636363 0.1092896174863388
1 0.6509090909090909 0.8278688524590164 0.03636363636363636 0.060109289617486336
1 0.5872727272727273 0.8469945355191257 0.09818181818181818 0.14207650273224043
1 0.5745454545454546 0.9426229508196722 0.09454545454545454 0.10382513661202186
1 0.5072727272727273 0.9699453551912568 0.06909090909090909 0.04918032786885246
1 0.6072727272727273 0.7459016393442623 0.07272727272727272 0.10382513661202186
1 0.5509090909090909 0.6857923497267759 0.06909090909090909 0.10382513661202186
1 0.5872727272727273 0.6530054644808743 0.04 0.08196721311475409
1 0.52 0.6120218579234973 0.08727272727272728 0.1092896174863388
1 0.5836363636363636 0.5819672131147541 0.04 0.07103825136612021
1 0.5654545454545454 0.4781420765027322 0.06181818181818182 0.11475409836065574
1 0.6254545454545455 0.453551912568306 0.06545454545454546 0.07650273224043716
1 0.5781818181818181 0.37158469945355194 0.08 0.09836065573770492
1 0.6381818181818182 0.366120218579235 0.04727272727272727 0.07650273224043716
1 0.6509090909090909 0.30601092896174864 0.07272727272727272 0.04371584699453552
1 0.6218181818181818 0.29508196721311475 0.04363636363636364 0.0546448087431694
1 0.6345454545454545 0.22950819672131148 0.08363636363636363 0.1092896174863388
1 0.6090909090909091 0.20491803278688525 0.08363636363636363 0.10382513661202186
1 0.58 0.09562841530054644 0.08363636363636363 0.11475409836065574
1 0.6254545454545455 0.07377049180327869 0.02909090909090909 0.0273224043715847
1 0.66 0.0273224043715847 0.04727272727272727 0.04371584699453552
1 0.5545454545454546 0.04644808743169399 0.04 0.060109289617486336
1 0.5781818181818181 0.02459016393442623 0.06545454545454546 0.04918032786885246
1 0.5163636363636364 0.1557377049180328 0.06545454545454546 0.07103825136612021
1 0.5527272727272727 0.19398907103825136 0.05818181818181818 0.060109289617486336
1 0.5690909090909091 0.273224043715847 0.05454545454545454 0.06557377049180328
1 0.5145454545454545 0.2568306010928962 0.06181818181818182 0.06557377049180328
1 0.48727272727272725 0.20491803278688525 0.06545454545454546 0.08196721311475409
1 0.4581818181818182 0.13387978142076504 0.04363636363636364 0.060109289617486336
1 0.5036363636363637 0.09016393442622951 0.06181818181818182 0.060109289617486336
1 0.46545454545454545 0.0273224043715847 0.09454545454545454 0.0546448087431694
1 0.40545454545454546 0.04918032786885246 0.06181818181818182 0.08743169398907104
1 0.43272727272727274 0.09836065573770492 0.05090909090909091 0.04371584699453552
1 0.4127272727272727 0.16939890710382513 0.07636363636363637 0.09836065573770492
1 0.45636363636363636 0.2540983606557377 0.06181818181818182 0.08196721311475409
1 0.4290909090909091 0.2896174863387978 0.06545454545454546 0.13114754098360656
1 0.4690909090909091 0.3224043715846995 0.03636363636363636 0.07650273224043716
1 0.5018181818181818 0.3551912568306011 0.06545454545454546 0.12021857923497267
1 0.5236363636363637 0.3251366120218579 0.03636363636363636 0.07103825136612021
1 0.5327272727272727 0.41530054644808745 0.03272727272727273 0.06557377049180328
1 0.5 0.4426229508196721 0.07636363636363637 0.09836065573770492
1 0.5 0.5300546448087432 0.07636363636363637 0.12021857923497267
1 0.4527272727272727 0.5792349726775956 0.04727272727272727 0.07650273224043716
1 0.4763636363636364 0.6775956284153005 0.06545454545454546 0.06557377049180328
1 0.5109090909090909 0.7622950819672131 0.08363636363636363 0.12568306010928962
1 0.509090909090909 0.8579234972677595 0.07272727272727272 0.08743169398907104
1 0.4890909090909091 0.9426229508196722 0.06909090909090909 0.09289617486338798
1 0.44545454545454544 0.9153005464480874 0.05454545454545454 0.09289617486338798
1 0.4109090909090909 0.953551912568306 0.08 0.08196721311475409
1 0.45454545454545453 0.8442622950819673 0.05818181818181818 0.07103825136612021
1 0.4254545454545455 0.7650273224043715 0.08727272727272728 0.15300546448087432
1 0.4218181818181818 0.6284153005464481 0.06545454545454546 0.08743169398907104
1 0.39636363636363636 0.5355191256830601 0.06545454545454546 0.1092896174863388
1 0.44 0.4918032786885246 0.05090909090909091 0.08743169398907104
1 0.44181818181818183 0.3989071038251366 0.07636363636363637 0.08743169398907104
1 0.38181818181818183 0.4453551912568306 0.07272727272727272 0.08196721311475409
1 0.3781818181818182 0.40710382513661203 0.05090909090909091 0.04918032786885246
1 0.33454545454545453 0.4098360655737705 0.04363636363636364 0.0546448087431694
1 0.3709090909090909 0.3469945355191257 0.06545454545454546 0.07103825136612021
1 0.3527272727272727 0.3114754098360656 0.08727272727272728 0.12021857923497267
1 0.38 0.24316939890710382 0.06909090909090909 0.09289617486338798
1 0.3418181818181818 0.16939890710382513 0.06545454545454546 0.08743169398907104
1 0.34363636363636363 0.09289617486338798 0.04727272727272727 0.08743169398907104
1 0.3490909090909091 0.0273224043715847 0.04363636363636364 0.0546448087431694
1 0.28545454545454546 0.07377049180327869 0.08363636363636363 0.10382513661202186
1 0.30363636363636365 0.14754098360655737 0.03272727272727273 0.06557377049180328
1 0.26 0.19398907103825136 0.06181818181818182 0.10382513661202186
1 0.31272727272727274 0.2540983606557377 0.06545454545454546 0.09289617486338798
1 0.24363636363636362 0.2978142076502732 0.08 0.09289617486338798
1 0.28909090909090907 0.3633879781420765 0.08363636363636363 0.10382513661202186
1 0.28 0.453551912568306 0.05818181818181818 0.07650273224043716
1 0.3181818181818182 0.47540983606557374 0.06909090909090909 0.0546448087431694
1 0.3236363636363636 0.5355191256830601 0.07272727272727272 0.1092896174863388
1 0.22363636363636363 0.5519125683060109 0.09090909090909091 0.14207650273224043
1 0.36363636363636365 0.6639344262295082 0.08 0.12568306010928962
1 0.30363636363636365 0.6530054644808743 0.05454545454545454 0.11475409836065574
1 0.3090909090909091 0.773224043715847 0.09454545454545454 0.1366120218579235
1 0.37636363636363634 0.8715846994535519 0.08363636363636363 0.12568306010928962
1 0.28909090909090907 0.8907103825136612 0.09090909090909091 0.14207650273224043
1 0.3509090909090909 0.9808743169398907 0.07636363636363637 0.0273224043715847
1 0.31272727272727274 0.9562841530054644 0.07272727272727272 0.06557377049180328
1 0.22181818181818183 0.8415300546448088 0.08727272727272728 0.1092896174863388
1 0.1890909090909091 0.9344262295081968 0.08727272727272728 0.12021857923497267
1 0.2636363636363636 0.9754098360655737 0.07636363636363637 0.03825136612021858
1 0.21454545454545454 0.7349726775956285 0.10909090909090909 0.14754098360655737
1 0.25272727272727274 0.6639344262295082 0.04727272727272727 0.07103825136612021
1 0.19636363636363635 0.639344262295082 0.05090909090909091 0.07650273224043716
1 0.13272727272727272 0.6420765027322405 0.09818181818181818 0.12568306010928962
1 0.12 0.7704918032786885 0.08727272727272728 0.12021857923497267
1 0.15636363636363637 0.8442622950819673 0.05090909090909091 0.07103825136612021
1 0.10909090909090909 0.912568306010929 0.08727272727272728 0.1092896174863388
1 0.10181818181818182 0.9726775956284153 0.07272727272727272 0.04371584699453552
1 0.034545454545454546 0.9508196721311475 0.06909090909090909 0.08743169398907104
1 0.04363636363636364 0.825136612021858 0.06545454545454546 0.13114754098360656
1 0.0036363636363636364 0.8524590163934426 0.007272727272727273 0.08743169398907104
1 0.014545454545454545 0.7076502732240437 0.02909090909090909 0.12568306010928962
1 0.06727272727272728 0.7049180327868853 0.06181818181818182 0.1092896174863388
1 0.04363636363636364 0.6174863387978142 0.08 0.09836065573770492
1 0.023636363636363636 0.5683060109289617 0.04727272727272727 0.08743169398907104
1 0.10727272727272727 0.5628415300546448 0.09090909090909091 0.08743169398907104
1 0.16727272727272727 0.5601092896174863 0.03636363636363636 0.09289617486338798
1 0.12363636363636364 0.4972677595628415 0.07272727272727272 0.07650273224043716
1 0.14 0.4562841530054645 0.08363636363636363 0.08196721311475409
1 0.21454545454545454 0.4562841530054645 0.08727272727272728 0.10382513661202186
1 0.06909090909090909 0.4890710382513661 0.06545454545454546 0.10382513661202186
1 0.038181818181818185 0.45081967213114754 0.07636363636363637 0.12568306010928962
1 0.02909090909090909 0.46994535519125685 0.05090909090909091 0.0546448087431694
1 0.09818181818181818 0.39617486338797814 0.06545454545454546 0.08196721311475409
1 0.15272727272727274 0.34972677595628415 0.06545454545454546 0.07650273224043716
1 0.19272727272727272 0.3360655737704918 0.03636363636363636 0.04918032786885246
1 0.1690909090909091 0.28415300546448086 0.07636363636363637 0.09836065573770492
1 0.18181818181818182 0.1912568306010929 0.08727272727272728 0.12021857923497267
1 0.23454545454545456 0.1284153005464481 0.04727272727272727 0.04918032786885246
1 0.2018181818181818 0.06557377049180328 0.09090909090909091 0.1092896174863388
1 0.13272727272727272 0.060109289617486336 0.04727272727272727 0.04371584699453552
1 0.12727272727272726 0.10382513661202186 0.05818181818181818 0.04371584699453552
1 0.13454545454545455 0.16120218579234974 0.06545454545454546 0.09289617486338798
1 0.06727272727272728 0.16939890710382513 0.06909090909090909 0.08743169398907104
1 0.07454545454545454 0.11202185792349727 0.04727272727272727 0.03825136612021858
1 0.07272727272727272 0.05191256830601093 0.07272727272727272 0.07103825136612021
1 0.016363636363636365 0.04371584699453552 0.03272727272727273 0.08743169398907104
1 0.023636363636363636 0.13387978142076504 0.04727272727272727 0.09289617486338798
1 0.02 0.21311475409836064 0.04 0.09836065573770492
1 0.045454545454545456 0.2814207650273224 0.08363636363636363 0.12568306010928962
1 0.10909090909090909 0.2540983606557377 0.05818181818181818 0.08196721311475409
1 0.08727272727272728 0.3251366120218579 0.07272727272727272 0.060109289617486336
1 0.05090909090909091 0.366120218579235 0.03636363636363636 0.04371584699453552
1 0.016363636363636365 0.319672131147541 0.03272727272727273 0.10382513661202186
1 0.03636363636363636 0.40710382513661203 0.07272727272727272 0.11475409836065574