1 0.5747126436781609 0.43523316062176165 0.20689655172413793 0.27979274611398963
1 0.657088122605364 0.29015544041450775 0.09578544061302682 0.08290155440414508
1 0.7279693486590039 0.40932642487046633 0.10727969348659004 0.17616580310880828
1 0.7509578544061303 0.6191709844559585 0.13793103448275862 0.20207253886010362
1 0.8371647509578544 0.6010362694300518 0.05747126436781609 0.11398963730569948
1 0.7567049808429118 0.8471502590673575 0.12643678160919541 0.18134715025906736
1 0.6685823754789272 0.7512953367875648 0.1111111111111111 0.14507772020725387
1 0.5842911877394636 0.6917098445595855 0.10344827586206896 0.16062176165803108
1 0.6417624521072797 0.8937823834196891 0.1111111111111111 0.16062176165803108
1 0.5459770114942529 0.9378238341968912 0.12643678160919541 0.11398963730569948
1 0.46934865900383144 0.7746113989637305 0.1724137931034483 0.23316062176165803
1 0.4367816091954023 0.5803108808290155 0.12260536398467432 0.16580310880829016
1 0.31800766283524906 0.6839378238341969 0.16091954022988506 0.21761658031088082
1 0.3065134099616858 0.22279792746113988 0.4521072796934866 0.41450777202072536