1 0.5763636363636364 0.5683060109289617 0.45454545454545453 0.7540983606557377
1 0.8818181818181818 0.5628415300546448 0.2290909090909091 0.41530054644808745
1 0.4818181818181818 0.5601092896174863 0.8109090909090909 0.3005464480874317
1 0.19818181818181818 0.7185792349726776 0.3236363636363636 0.5519125683060109
1 0.7581818181818182 0.2540983606557377 0.4763636363636364 0.43169398907103823
1 0.7072727272727273 0.2677595628415301 0.4909090909090909 0.31693989071038253
1 0.32727272727272727 0.2185792349726776 0.3418181818181818 0.4371584699453552
1 0.4490909090909091 0.06557377049180328 0.1781818181818182 0.13114754098360656
1 0.06545454545454546 0.48633879781420764 0.13090909090909092 0.4262295081967213
1 0.10545454545454545 0.25136612021857924 0.2109090909090909 0.32786885245901637
1 0.14363636363636365 0.08196721311475409 0.1709090909090909 0.16393442622950818