1 0.09698996655518395 0.2916666666666667 0.1939799331103679 0.39285714285714285
1 0.20234113712374582 0.34523809523809523 0.2976588628762542 0.13095238095238096
1 0.23411371237458195 0.23214285714285715 0.2408026755852843 0.17857142857142858
1 0.27759197324414714 0.33630952380952384 0.2608695652173913 0.07738095238095238
1 0.2826086956521739 0.40476190476190477 0.19063545150501673 0.05952380952380952
1 0.1020066889632107 0.6101190476190477 0.2040133779264214 0.20833333333333334
1 0.10535117056856187 0.8392857142857143 0.15719063545150502 0.15476190476190477
1 0.46153846153846156 0.625 0.5284280936454849 0.13095238095238096
1 0.3762541806020067 0.5952380952380952 0.3779264214046823 0.35714285714285715
1 0.362876254180602 0.7619047619047619 0.40468227424749165 0.17857142857142858
1 0.6638795986622074 0.49702380952380953 0.6254180602006689 0.9940476190476191