1 0.5116666666666667 0.6101190476190477 0.19666666666666666 0.4583333333333333
1 0.52 0.8422619047619048 0.23333333333333334 0.13690476190476192
1 0.6233333333333333 0.7440476190476191 0.12666666666666668 0.34523809523809523
1 0.74 0.6517857142857143 0.14 0.4226190476190476
1 0.735 0.8690476190476191 0.15 0.08333333333333333
1 0.6766666666666666 0.41369047619047616 0.18666666666666668 0.2916666666666667
1 0.79 0.39285714285714285 0.04 0.11904761904761904
1 0.7516666666666667 0.22023809523809523 0.11 0.2857142857142857
1 0.595 0.21428571428571427 0.19 0.2857142857142857
1 0.4683333333333333 0.3333333333333333 0.15666666666666668 0.2976190476190476
1 0.3383333333333333 0.5297619047619048 0.17666666666666667 0.30952380952380953
1 0.3283333333333333 0.7708333333333334 0.16333333333333333 0.2916666666666667
1 0.225 0.8244047619047619 0.08333333333333333 0.18452380952380953
1 0.22 0.6220238095238095 0.07333333333333333 0.26785714285714285
1 0.255 0.33035714285714285 0.14333333333333334 0.3392857142857143
1 0.3616666666666667 0.1875 0.15666666666666668 0.22023809523809523
1 0.4666666666666667 0.13988095238095238 0.08 0.125
1 0.21666666666666667 0.14285714285714285 0.07333333333333333 0.13095238095238096