1 0.74 0.4177777777777778 0.21777777777777776 0.21333333333333335
1 0.6466666666666666 0.54 0.21777777777777776 0.13777777777777778
1 0.6577777777777778 0.35555555555555557 0.11555555555555555 0.1511111111111111
1 0.5333333333333333 0.3111111111111111 0.24 0.24888888888888888
1 0.6777777777777778 0.66 0.21777777777777776 0.2088888888888889
1 0.5488888888888889 0.7088888888888889 0.16444444444444445 0.22666666666666666
1 0.4066666666666667 0.7377777777777778 0.21777777777777776 0.21333333333333335
1 0.42444444444444446 0.5022222222222222 0.24444444444444444 0.24
1 0.3111111111111111 0.27111111111111114 0.21333333333333335 0.20444444444444446
1 0.4177777777777778 0.31333333333333335 0.11555555555555555 0.13777777777777778
1 0.3 0.38222222222222224 0.18222222222222223 0.11555555555555555
1 0.19111111111111112 0.5044444444444445 0.2222222222222222 0.2088888888888889
1 0.2777777777777778 0.6577777777777778 0.13777777777777778 0.16