1 0.7609649122807017 0.6312217194570136 0.39035087719298245 0.3212669683257919
1 0.7763157894736842 0.6040723981900452 0.38596491228070173 0.2398190045248869
1 0.7763157894736842 0.5746606334841629 0.17543859649122806 0.13574660633484162
1 0.8245614035087719 0.5339366515837104 0.15789473684210525 0.06334841628959276
1 0.668859649122807 0.6357466063348416 0.35526315789473684 0.34841628959276016
1 0.7302631578947368 0.8936651583710408 0.08333333333333333 0.12217194570135746
1 0.6293859649122807 0.918552036199095 0.10964912280701754 0.09954751131221719
1 0.5219298245614035 0.8642533936651584 0.18421052631578946 0.18099547511312217
1 0.5241228070175439 0.7601809954751131 0.17982456140350878 0.11764705882352941
1 0.3684210526315789 0.832579185520362 0.14912280701754385 0.16289592760180996
1 0.3925438596491228 0.8846153846153846 0.09210526315789473 0.07692307692307693
1 0.4057017543859649 0.9321266968325792 0.10964912280701754 0.06334841628959276
1 0.16447368421052633 0.7873303167420814 0.12719298245614036 0.08144796380090498
1 0.17543859649122806 0.7782805429864253 0.2631578947368421 0.23529411764705882
1 0.27631578947368424 0.830316742081448 0.07017543859649122 0.049773755656108594
1 0.22807017543859648 0.8597285067873304 0.03508771929824561 0.027149321266968326
1 0.2565789473684211 0.8800904977375565 0.04824561403508772 0.04072398190045249
1 0.29385964912280704 0.8800904977375565 0.03508771929824561 0.04072398190045249
1 0.20394736842105263 0.8981900452488688 0.05701754385964912 0.04072398190045249
1 0.23464912280701755 0.9321266968325792 0.039473684210526314 0.04524886877828054
1 0.2807017543859649 0.9298642533936652 0.05263157894736842 0.049773755656108594
1 0.3223684210526316 0.918552036199095 0.039473684210526314 0.04524886877828054
1 0.17763157894736842 0.8959276018099548 0.05701754385964912 0.04524886877828054
1 0.6600877192982456 0.8506787330316742 0.04824561403508772 0.06334841628959276
1 0.6162280701754386 0.8280542986425339 0.03070175438596491 0.05429864253393665
1 0.6535087719298246 0.7895927601809954 0.06140350877192982 0.058823529411764705
1 0.7083333333333334 0.7918552036199095 0.05701754385964912 0.04524886877828054
1 0.7675438596491229 0.7986425339366516 0.05263157894736842 0.058823529411764705
1 0.7587719298245614 0.8552036199095022 0.07894736842105263 0.08144796380090498
1 0.8135964912280702 0.8393665158371041 0.06578947368421052 0.058823529411764705
1 0.3684210526315789 0.6221719457013575 0.2631578947368421 0.2669683257918552
1 0.3684210526315789 0.28054298642533937 0.38596491228070173 0.48868778280542985
1 0.48026315789473684 0.5135746606334841 0.039473684210526314 0.049773755656108594
1 0.5153508771929824 0.49321266968325794 0.05701754385964912 0.05429864253393665
1 0.5153508771929824 0.43665158371040724 0.039473684210526314 0.058823529411764705
1 0.5328947368421053 0.4276018099547511 0.039473684210526314 0.058823529411764705
1 0.5548245614035088 0.4457013574660634 0.03070175438596491 0.03167420814479638
1 0.5899122807017544 0.4457013574660634 0.039473684210526314 0.04072398190045249
1 0.6096491228070176 0.46153846153846156 0.043859649122807015 0.03619909502262444
1 0.618421052631579 0.47285067873303166 0.03508771929824561 0.03167420814479638
1 0.6403508771929824 0.5067873303167421 0.06140350877192982 0.05429864253393665
1 0.6666666666666666 0.49547511312217196 0.043859649122807015 0.04072398190045249
1 0.6732456140350878 0.5407239819004525 0.039473684210526314 0.04072398190045249
1 0.21929824561403508 0.5542986425339367 0.09649122807017543 0.12217194570135746
1 0.13815789473684212 0.6176470588235294 0.17982456140350878 0.14027149321266968
1 0.05701754385964912 0.7601809954751131 0.07894736842105263 0.09049773755656108