1 0.8150943396226416 0.6710526315789473 0.21132075471698114 0.3736842105263158
1 0.7452830188679245 0.8131578947368421 0.09433962264150944 0.1
1 0.7622641509433963 0.46578947368421053 0.15849056603773584 0.22631578947368422
1 0.8584905660377359 0.4421052631578947 0.04150943396226415 0.08421052631578947
1 0.8509433962264151 0.3815789473684211 0.04150943396226415 0.06842105263157895
1 0.8264150943396227 0.3526315789473684 0.06037735849056604 0.07368421052631578
1 0.8660377358490566 0.29736842105263156 0.04905660377358491 0.06842105263157895
1 0.8584905660377359 0.23684210526315788 0.05660377358490566 0.06315789473684211
1 0.8377358490566038 0.19210526315789472 0.03773584905660377 0.04736842105263158
1 0.8188679245283019 0.26052631578947366 0.052830188679245285 0.06842105263157895
1 0.8207547169811321 0.3 0.04150943396226415 0.031578947368421054
1 0.7603773584905661 0.3157894736842105 0.05660377358490566 0.07368421052631578
1 0.7547169811320755 0.26052631578947366 0.03773584905660377 0.03684210526315789
1 0.769811320754717 0.22894736842105262 0.09056603773584905 0.12105263157894737
1 0.7075471698113207 0.21842105263157896 0.04905660377358491 0.07894736842105263
1 0.7150943396226415 0.3 0.04150943396226415 0.08421052631578947
1 0.6867924528301886 0.7631578947368421 0.0830188679245283 0.10526315789473684
1 0.6849056603773584 0.6526315789473685 0.05660377358490566 0.11578947368421053
1 0.6528301886792452 0.5657894736842105 0.045283018867924525 0.05789473684210526
1 0.6490566037735849 0.4842105263157895 0.07547169811320754 0.09473684210526316
1 0.6716981132075471 0.40789473684210525 0.03018867924528302 0.04736842105263158
1 0.6150943396226415 0.3736842105263158 0.09811320754716982 0.1368421052631579
1 0.6150943396226415 0.3026315789473684 0.06037735849056604 0.05789473684210526
1 0.6339622641509434 0.22631578947368422 0.09056603773584905 0.10526315789473684
1 0.6735849056603773 0.2710526315789474 0.04150943396226415 0.05789473684210526
1 0.6622641509433962 0.3105263157894737 0.033962264150943396 0.042105263157894736
1 0.6924528301886792 0.35 0.05660377358490566 0.05789473684210526
1 0.5981132075471698 0.4631578947368421 0.033962264150943396 0.06315789473684211
1 0.5339622641509434 0.4473684210526316 0.08679245283018867 0.11578947368421053
1 0.5924528301886792 0.5526315789473685 0.0830188679245283 0.09473684210526316
1 0.6094339622641509 0.6210526315789474 0.05660377358490566 0.07368421052631578
1 0.6169811320754717 0.6631578947368421 0.16226415094339622 0.17894736842105263
1 0.6 0.7947368421052632 0.09811320754716982 0.11578947368421053
1 0.630188679245283 0.7157894736842105 0.052830188679245285 0.05263157894736842
1 0.5283018867924528 0.7842105263157895 0.052830188679245285 0.07368421052631578
1 0.5150943396226415 0.7263157894736842 0.12452830188679245 0.25263157894736843
1 0.5094339622641509 0.5894736842105263 0.0830188679245283 0.08421052631578947
1 0.5075471698113208 0.5052631578947369 0.15471698113207547 0.10526315789473684
1 0.47358490566037736 0.4052631578947368 0.16981132075471697 0.14736842105263157
1 0.5660377358490566 0.2868421052631579 0.06792452830188679 0.13157894736842105
1 0.5283018867924528 0.23157894736842105 0.0830188679245283 0.10526315789473684
1 0.5792452830188679 0.1868421052631579 0.04150943396226415 0.05789473684210526
1 0.3339622641509434 0.2026315789473684 0.04150943396226415 0.13157894736842105
1 0.3641509433962264 0.18947368421052632 0.04150943396226415 0.08421052631578947
1 0.39622641509433965 0.1763157894736842 0.07547169811320754 0.06842105263157895
1 0.45849056603773586 0.16842105263157894 0.1169811320754717 0.07368421052631578
1 0.42830188679245285 0.24210526315789474 0.18490566037735848 0.12631578947368421
1 0.42452830188679247 0.3157894736842105 0.15471698113207547 0.06315789473684211
1 0.42830188679245285 0.3368421052631579 0.2 0.09473684210526316
1 0.44339622641509435 0.6868421052631579 0.1018867924528302 0.14210526315789473
1 0.4188679245283019 0.5526315789473685 0.09056603773584905 0.12631578947368421
1 0.3886792452830189 0.4394736842105263 0.07547169811320754 0.12105263157894737
1 0.41132075471698115 0.3605263157894737 0.13584905660377358 0.05789473684210526
1 0.4830188679245283 0.3368421052631579 0.11320754716981132 0.05263157894736842
1 0.23962264150943396 0.3368421052631579 0.16226415094339622 0.17894736842105263
1 0.28679245283018867 0.4921052631578947 0.06792452830188679 0.1736842105263158
1 0.34150943396226413 0.6210526315789474 0.10943396226415095 0.09473684210526316
1 0.3452830188679245 0.7263157894736842 0.1320754716981132 0.2631578947368421
1 0.35094339622641507 0.75 0.09811320754716982 0.22631578947368422
1 0.32264150943396225 0.7710526315789473 0.04905660377358491 0.24736842105263157
1 0.28867924528301886 0.6921052631578948 0.04150943396226415 0.19473684210526315
1 0.27547169811320754 0.7289473684210527 0.03773584905660377 0.2894736842105263
1 0.2509433962264151 0.7289473684210527 0.04150943396226415 0.2789473684210526
1 0.21509433962264152 0.7368421052631579 0.0830188679245283 0.2736842105263158
1 0.23018867924528302 0.5210526315789473 0.03773584905660377 0.09473684210526316
1 0.22830188679245284 0.4342105263157895 0.04150943396226415 0.07894736842105263
1 0.2018867924528302 0.4763157894736842 0.033962264150943396 0.06842105263157895
1 0.2358490566037736 0.5894736842105263 0.026415094339622643 0.06315789473684211
1 0.1811320754716981 0.2868421052631579 0.052830188679245285 0.08947368421052632
1 0.14528301886792452 0.25526315789473686 0.07924528301886792 0.05789473684210526
1 0.1792452830188679 0.2026315789473684 0.04905660377358491 0.07894736842105263
1 0.13773584905660377 0.1868421052631579 0.033962264150943396 0.05789473684210526
1 0.23018867924528302 0.2026315789473684 0.045283018867924525 0.07894736842105263
1 0.2679245283018868 0.2 0.045283018867924525 0.06315789473684211
1 0.2528301886792453 0.26052631578947366 0.03773584905660377 0.05789473684210526
1 0.22452830188679246 0.25263157894736843 0.033962264150943396 0.05263157894736842
1 0.13773584905660377 0.3078947368421053 0.04905660377358491 0.03684210526315789
1 0.13962264150943396 0.35526315789473684 0.045283018867924525 0.05789473684210526
1 0.21132075471698114 0.3736842105263158 0.21132075471698114 0.14736842105263157
1 0.15660377358490565 0.5473684210526316 0.13962264150943396 0.3263157894736842
1 0.1339622641509434 0.6763157894736842 0.1320754716981132 0.2578947368421053
1 0.11886792452830189 0.8157894736842105 0.09433962264150944 0.11578947368421053
1 0.4377358490566038 0.7973684210526316 0.06037735849056604 0.07894736842105263
1 0.4018867924528302 0.75 0.04905660377358491 0.07894736842105263
1 0.37169811320754714 0.6947368421052632 0.04150943396226415 0.07368421052631578
1 0.37358490566037733 0.618421052631579 0.06037735849056604 0.07894736842105263
1 0.49245283018867925 0.6473684210526316 0.04150943396226415 0.07368421052631578
1 0.330188679245283 0.4631578947368421 0.1018867924528302 0.22105263157894736