1 0.5836363636363636 0.9453551912568307 0.09818181818181818 0.09836065573770492
1 0.78 0.8852459016393442 0.12727272727272726 0.18579234972677597
1 0.9 0.76775956284153 0.11272727272727273 0.1366120218579235
1 0.889090909090909 0.6639344262295082 0.12727272727272726 0.1366120218579235
1 0.7618181818181818 0.639344262295082 0.1709090909090909 0.17486338797814208
1 0.7490909090909091 0.7513661202185792 0.13818181818181818 0.09289617486338798
1 0.7363636363636363 0.8032786885245902 0.15636363636363637 0.13114754098360656
1 0.6763636363636364 0.7650273224043715 0.12363636363636364 0.13114754098360656
1 0.5236363636363637 0.8387978142076503 0.11636363636363636 0.1912568306010929
1 0.4018181818181818 0.8169398907103825 0.11272727272727273 0.16939890710382513
1 0.44181818181818183 0.6885245901639344 0.2 0.16393442622950818
1 0.5636363636363636 0.6530054644808743 0.08727272727272728 0.1912568306010929
1 0.610909090909091 0.5546448087431693 0.05818181818181818 0.12568306010928962
1 0.6454545454545455 0.6502732240437158 0.07636363636363637 0.12021857923497267
1 0.43636363636363634 0.5218579234972678 0.16727272727272727 0.16939890710382513
1 0.5418181818181819 0.45081967213114754 0.15272727272727274 0.14754098360655737
1 0.6363636363636364 0.3114754098360656 0.08727272727272728 0.17486338797814208
1 0.7381818181818182 0.273224043715847 0.10909090909090909 0.07650273224043716
1 0.7327272727272728 0.3743169398907104 0.11272727272727273 0.12568306010928962
1 0.7927272727272727 0.48360655737704916 0.14545454545454545 0.1366120218579235
1 0.6927272727272727 0.4918032786885246 0.14181818181818182 0.12021857923497267
1 0.94 0.5245901639344263 0.09818181818181818 0.14207650273224043
1 0.9454545454545454 0.3524590163934426 0.10181818181818182 0.21311475409836064
1 0.8636363636363636 0.3879781420765027 0.14181818181818182 0.17486338797814208
1 0.9327272727272727 0.11748633879781421 0.12727272727272726 0.23497267759562843
1 0.8381818181818181 0.15846994535519127 0.14181818181818182 0.22950819672131148
1 0.769090909090909 0.11475409836065574 0.14181818181818182 0.2185792349726776
1 0.7454545454545455 0.2677595628415301 0.11636363636363636 0.1092896174863388
1 0.5709090909090909 0.1448087431693989 0.15272727272727274 0.16939890710382513
1 0.6345454545454545 0.03551912568306011 0.14909090909090908 0.07103825136612021
1 0.5327272727272727 0.04644808743169399 0.14909090909090908 0.09289617486338798
1 0.4727272727272727 0.21311475409836064 0.10181818181818182 0.18579234972677597
1 0.54 0.2814207650273224 0.09818181818181818 0.11475409836065574
1 0.5109090909090909 0.3879781420765027 0.11272727272727273 0.12021857923497267
1 0.3836363636363636 0.3114754098360656 0.14909090909090908 0.25136612021857924
1 0.20909090909090908 0.44808743169398907 0.19272727272727272 0.34972677595628415
1 0.24181818181818182 0.2459016393442623 0.1781818181818182 0.30601092896174864
1 0.09272727272727273 0.2677595628415301 0.14181818181818182 0.16393442622950818
1 0.0890909090909091 0.4344262295081967 0.12 0.15846994535519127
1 0.21272727272727274 0.06830601092896176 0.06909090909090909 0.09289617486338798
1 0.28 0.07103825136612021 0.08 0.14207650273224043
1 0.3090909090909091 0.01639344262295082 0.05090909090909091 0.03278688524590164
1 0.22 0.01912568306010929 0.07636363636363637 0.03825136612021858
1 0.39636363636363636 0.13114754098360656 0.10909090909090909 0.1092896174863388
1 0.3890909090909091 0.04644808743169399 0.11636363636363636 0.09289617486338798