1 0.09827586206896552 0.34195402298850575 0.19655172413793104 0.4885057471264368
1 0.19137931034482758 0.5977011494252874 0.12758620689655173 0.19540229885057472
1 0.06379310344827586 0.6925287356321839 0.12758620689655173 0.21264367816091953
1 0.2810344827586207 0.5373563218390804 0.13448275862068965 0.21264367816091953
1 0.23448275862068965 0.3160919540229885 0.16551724137931034 0.367816091954023
1 0.2620689655172414 0.20689655172413793 0.16551724137931034 0.3218390804597701
1 0.34655172413793106 0.43103448275862066 0.08620689655172414 0.25287356321839083
1 0.3810344827586207 0.5028735632183908 0.07241379310344828 0.20114942528735633
1 0.39655172413793105 0.6666666666666666 0.06896551724137931 0.10344827586206896
1 0.44655172413793104 0.6235632183908046 0.05862068965517241 0.09770114942528736
1 0.5103448275862069 0.6494252873563219 0.06896551724137931 0.11494252873563218
1 0.5758620689655173 0.6149425287356322 0.06896551724137931 0.11494252873563218
1 0.6327586206896552 0.6666666666666666 0.07241379310344828 0.12643678160919541
1 0.746551724137931 0.7097701149425287 0.07931034482758621 0.13218390804597702
1 0.8137931034482758 0.603448275862069 0.16551724137931034 0.28735632183908044
1 0.9086206896551724 0.49712643678160917 0.08620689655172414 0.1206896551724138
1 0.9206896551724137 0.6436781609195402 0.07586206896551724 0.12643678160919541
1 0.9431034482758621 0.6005747126436781 0.07931034482758621 0.10919540229885058
1 0.9586206896551724 0.3936781609195402 0.07586206896551724 0.3275862068965517
1 0.9327586206896552 0.27011494252873564 0.08620689655172414 0.3448275862068966
1 0.9810344827586207 0.21551724137931033 0.03103448275862069 0.27011494252873564
1 0.7586206896551724 0.16091954022988506 0.47586206896551725 0.3218390804597701
1 0.7793103448275862 0.3017241379310345 0.2620689655172414 0.3390804597701149
1 0.7379310344827587 0.47413793103448276 0.09655172413793103 0.14367816091954022
1 0.6620689655172414 0.5545977011494253 0.14482758620689656 0.21264367816091953
1 0.5637931034482758 0.5574712643678161 0.07241379310344828 0.10344827586206896
1 0.6448275862068965 0.3850574712643678 0.07586206896551724 0.12643678160919541
1 0.5431034482758621 0.41379310344827586 0.1413793103448276 0.21839080459770116
1 0.4810344827586207 0.1724137931034483 0.16206896551724137 0.3448275862068966
1 0.5362068965517242 0.08333333333333333 0.09310344827586207 0.16666666666666666
1 0.2620689655172414 0.14942528735632185 0.35172413793103446 0.2988505747126437