1 0.6171003717472119 0.5187165775401069 0.3643122676579926 0.4919786096256685
1 0.7695167286245354 0.8235294117647058 0.2825278810408922 0.3422459893048128
1 0.9386617100371747 0.732620320855615 0.11524163568773234 0.3422459893048128
1 0.9442379182156134 0.9251336898395722 0.10408921933085502 0.13903743315508021
1 0.8847583643122676 0.3716577540106952 0.22304832713754646 0.4117647058823529
1 0.8977695167286245 0.08823529411764706 0.1970260223048327 0.17647058823529413
1 0.6524163568773235 0.09358288770053476 0.30855018587360594 0.18716577540106952
1 0.671003717472119 0.27807486631016043 0.27137546468401486 0.22459893048128343
1 0.5855018587360595 0.9224598930481284 0.1970260223048327 0.1443850267379679
1 0.5650557620817844 0.7967914438502673 0.16356877323420074 0.13903743315508021
1 0.4646840148698885 0.6550802139037433 0.15613382899628253 0.24064171122994651
1 0.4312267657992565 0.32620320855614976 0.21561338289962825 0.27807486631016043
1 0.45724907063197023 0.14705882352941177 0.22304832713754646 0.29411764705882354
1 0.2992565055762082 0.06951871657754011 0.1524163568773234 0.13903743315508021
1 0.20260223048327136 0.17914438502673796 0.17472118959107807 0.2727272727272727
1 0.32342007434944237 0.18181818181818182 0.06691449814126393 0.10695187165775401
1 0.23234200743494424 0.4090909090909091 0.09293680297397769 0.1657754010695187
1 0.31970260223048325 0.34759358288770054 0.09665427509293681 0.1925133689839572
1 0.3159851301115242 0.5561497326203209 0.14869888475836432 0.22459893048128343
1 0.2862453531598513 0.7433155080213903 0.05947955390334572 0.12834224598930483
1 0.3736059479553903 0.7379679144385026 0.11524163568773234 0.12834224598930483
1 0.44052044609665425 0.8609625668449198 0.15985130111524162 0.20320855614973263
1 0.48698884758364314 0.9759358288770054 0.15613382899628253 0.0374331550802139
1 0.241635687732342 0.6684491978609626 0.11152416356877323 0.13903743315508021
1 0.1691449814126394 0.5320855614973262 0.08550185873605948 0.11229946524064172
1 0.13197026022304834 0.3770053475935829 0.10780669144981413 0.18716577540106952
1 0.0762081784386617 0.5026737967914439 0.10037174721189591 0.16042780748663102
1 0.05390334572490706 0.2727272727272727 0.10780669144981413 0.18181818181818182
1 0.05018587360594796 0.09893048128342247 0.07806691449814127 0.1443850267379679
1 0.14312267657992564 0.08823529411764706 0.10780669144981413 0.15508021390374332
1 0.1970260223048327 0.0213903743315508 0.05947955390334572 0.0427807486631016
1 0.09851301115241635 0.02406417112299465 0.13011152416356878 0.0481283422459893
1 0.8122676579925651 0.3850267379679144 0.1449814126394052 0.06417112299465241