1 0.5145454545454545 0.907103825136612 0.12727272727272726 0.17486338797814208
1 0.66 0.912568306010929 0.13454545454545455 0.16393442622950818
1 0.2381818181818182 0.9234972677595629 0.21454545454545454 0.14207650273224043
1 0.0036363636363636364 0.9562841530054644 0.007272727272727273 0.04371584699453552
1 0.3090909090909091 0.6147540983606558 0.32 0.3114754098360656
1 0.7218181818181818 0.5573770491803278 0.5490909090909091 0.28415300546448086
1 0.7581818181818182 0.4098360655737705 0.4763636363636364 0.09836065573770492
1 0.7163636363636363 0.3633879781420765 0.5381818181818182 0.12568306010928962
1 0.30727272727272725 0.4180327868852459 0.39636363636363636 0.060109289617486336
1 0.2781818181818182 0.48360655737704916 0.4618181818181818 0.04918032786885246
1 0.28909090909090907 0.3989071038251366 0.5418181818181819 0.2185792349726776
1 0.7236363636363636 0.2896174863387978 0.29818181818181816 0.1092896174863388
1 0.9309090909090909 0.28415300546448086 0.13090909090909092 0.1092896174863388
1 0.5127272727272727 0.2459016393442623 0.13818181818181818 0.0546448087431694
1 0.36 0.34153005464480873 0.11636363636363636 0.07103825136612021
1 0.18 0.3743169398907104 0.29454545454545455 0.15846994535519127
1 0.03636363636363636 0.3251366120218579 0.07272727272727272 0.10382513661202186
1 0.03090909090909091 0.4672131147540984 0.06181818181818182 0.1912568306010929
1 0.06727272727272728 0.6092896174863388 0.11272727272727273 0.04918032786885246
1 0.49818181818181817 0.45901639344262296 0.9963636363636363 0.9180327868852459