1 0.2114695340501792 0.212707182320442 0.12186379928315412 0.18232044198895028
1 0.31899641577060933 0.24033149171270718 0.17921146953405018 0.3370165745856354
1 0.3870967741935484 0.23480662983425415 0.08602150537634409 0.20441988950276244
1 0.4874551971326165 0.2154696132596685 0.10752688172043011 0.16574585635359115
1 0.5555555555555556 0.23204419889502761 0.0931899641577061 0.4088397790055249
1 0.5663082437275986 0.23480662983425415 0.02867383512544803 0.40331491712707185
1 0.6236559139784946 0.1464088397790055 0.07168458781362007 0.11602209944751381
1 0.6577060931899642 0.24033149171270718 0.07526881720430108 0.11602209944751381
1 0.6362007168458781 0.3370165745856354 0.06810035842293907 0.11049723756906077
1 0.6487455197132617 0.47513812154696133 0.043010752688172046 0.07734806629834254
1 0.7132616487455197 0.6408839779005525 0.1003584229390681 0.287292817679558
1 0.7437275985663082 0.42265193370165743 0.1039426523297491 0.13812154696132597
1 0.7562724014336918 0.2513812154696133 0.12903225806451613 0.18232044198895028
1 0.6129032258064516 0.7955801104972375 0.24372759856630824 0.35359116022099446
1 0.7150537634408602 0.8259668508287292 0.017921146953405017 0.049723756906077346
1 0.6200716845878136 0.5883977900552486 0.11469534050179211 0.14917127071823205
1 0.5017921146953405 0.7375690607734806 0.043010752688172046 0.10497237569060773
1 0.546594982078853 0.8756906077348067 0.12544802867383512 0.1712707182320442
1 0.4551971326164875 0.6988950276243094 0.035842293906810034 0.09392265193370165
1 0.4121863799283154 0.8480662983425414 0.10752688172043011 0.20441988950276244
1 0.30824372759856633 0.7983425414364641 0.12186379928315412 0.20441988950276244
1 0.3709677419354839 0.4613259668508287 0.08243727598566308 0.09392265193370165
1 0.3781362007168459 0.6270718232044199 0.04659498207885305 0.2265193370165746
1 0.27419354838709675 0.5580110497237569 0.08243727598566308 0.09944751381215469
1 0.34050179211469533 0.6574585635359116 0.10752688172043011 0.16574585635359115
1 0.23835125448028674 0.6574585635359116 0.1111111111111111 0.12154696132596685
1 0.2007168458781362 0.5414364640883977 0.07168458781362007 0.11049723756906077
1 0.25985663082437277 0.4447513812154696 0.07526881720430108 0.11602209944751381
1 0.3763440860215054 0.35911602209944754 0.16487455197132617 0.11049723756906077