1 0.6953125 0.6370558375634517 0.203125 0.24873096446700507
1 0.794921875 0.5431472081218274 0.07421875 0.1218274111675127
1 0.849609375 0.5050761421319797 0.06640625 0.06598984771573604
1 0.8828125 0.5710659898477157 0.09375 0.22842639593908629
1 0.86328125 0.6370558375634517 0.109375 0.23857868020304568
1 0.783203125 0.4543147208121827 0.08984375 0.06598984771573604
1 0.6640625 0.4263959390862944 0.1640625 0.2233502538071066
1 0.5234375 0.3883248730964467 0.171875 0.2182741116751269
1 0.51953125 0.5456852791878173 0.125 0.12690355329949238
1 0.57421875 0.6903553299492385 0.1953125 0.2233502538071066
1 0.396484375 0.7131979695431472 0.16796875 0.2182741116751269
1 0.36328125 0.48984771573604063 0.1953125 0.23857868020304568
1 0.451171875 0.2893401015228426 0.14453125 0.19289340101522842
1 0.595703125 0.23857868020304568 0.18359375 0.18274111675126903
1 0.73828125 0.2817258883248731 0.15625 0.16751269035532995
1 0.658203125 0.13451776649746192 0.12109375 0.12690355329949238
1 0.56640625 0.08121827411167512 0.09375 0.1218274111675127
1 0.46484375 0.10406091370558376 0.171875 0.17766497461928935
1 0.3359375 0.1218274111675127 0.09375 0.10152284263959391
1 0.373046875 0.18781725888324874 0.07421875 0.06091370558375635
1 0.26953125 0.2893401015228426 0.234375 0.29441624365482233
1 0.236328125 0.49746192893401014 0.06640625 0.1319796954314721
1 0.146484375 0.41116751269035534 0.09765625 0.10152284263959391
1 0.1484375 0.5355329949238579 0.15625 0.16751269035532995
1 0.224609375 0.682741116751269 0.16796875 0.22842639593908629