1 0.9602888086642599 0.08516483516483517 0.04332129963898917 0.07142857142857142
1 0.8971119133574007 0.07142857142857142 0.04693140794223827 0.07692307692307693
1 0.8989169675090253 0.14835164835164835 0.05054151624548736 0.07692307692307693
1 0.9386281588447654 0.11263736263736264 0.04332129963898917 0.04945054945054945
1 0.9530685920577617 0.17582417582417584 0.06498194945848375 0.0989010989010989
1 0.983754512635379 0.12637362637362637 0.02527075812274368 0.0989010989010989
1 0.9061371841155235 0.1978021978021978 0.06498194945848375 0.054945054945054944
1 0.9097472924187726 0.26373626373626374 0.07220216606498195 0.0989010989010989
1 0.98014440433213 0.21428571428571427 0.032490974729241874 0.04395604395604396
1 0.9584837545126353 0.23076923076923078 0.032490974729241874 0.03296703296703297
1 0.9765342960288809 0.2802197802197802 0.039711191335740074 0.08791208791208792
1 0.983754512635379 0.3543956043956044 0.02527075812274368 0.09340659340659341
1 0.9314079422382672 0.3241758241758242 0.06498194945848375 0.04395604395604396
1 0.9332129963898917 0.37637362637362637 0.07581227436823104 0.06043956043956044
1 0.9368231046931408 0.43956043956043955 0.07581227436823104 0.12087912087912088
1 0.9873646209386282 0.45604395604395603 0.018050541516245487 0.0989010989010989
1 0.9530685920577617 0.5467032967032966 0.08664259927797834 0.11538461538461539
1 0.9855595667870036 0.6153846153846154 0.021660649819494584 0.07692307692307693
1 0.9620938628158845 0.7005494505494505 0.06859205776173286 0.11538461538461539
1 0.9783393501805054 0.7774725274725275 0.036101083032490974 0.09340659340659341
1 0.9675090252707581 0.8763736263736264 0.05776173285198556 0.12637362637362637
1 0.9675090252707581 0.9587912087912088 0.05776173285198556 0.07142857142857142
1 0.8953068592057761 0.967032967032967 0.08664259927797834 0.054945054945054944
1 0.8790613718411552 0.8791208791208791 0.10469314079422383 0.14285714285714285
1 0.9223826714801444 0.771978021978022 0.07581227436823104 0.11538461538461539
1 0.8574007220216606 0.8021978021978022 0.04693140794223827 0.054945054945054944
1 0.7996389891696751 0.945054945054945 0.07581227436823104 0.0989010989010989
1 0.7779783393501805 0.8351648351648352 0.09025270758122744 0.15384615384615385
1 0.7184115523465704 0.8928571428571429 0.07942238267148015 0.12637362637362637
1 0.7003610108303249 0.9615384615384616 0.07220216606498195 0.06593406593406594
1 0.648014440433213 0.9148351648351648 0.07581227436823104 0.14835164835164835
1 0.5866425992779783 0.9642857142857143 0.08303249097472924 0.06043956043956044
1 0.6083032490974729 0.8626373626373627 0.061371841155234655 0.14285714285714285
1 0.6678700361010831 0.782967032967033 0.07220216606498195 0.12637362637362637
1 0.7021660649819494 0.7225274725274725 0.06859205776173286 0.11538461538461539
1 0.7653429602888087 0.717032967032967 0.06498194945848375 0.11538461538461539
1 0.8285198555956679 0.739010989010989 0.05415162454873646 0.12637362637362637
1 0.8880866425992779 0.728021978021978 0.07220216606498195 0.11538461538461539
1 0.9169675090252708 0.6236263736263736 0.07942238267148015 0.12637362637362637
1 0.8393501805054152 0.6318681318681318 0.061371841155234655 0.08791208791208792
1 0.628158844765343 0.75 0.05776173285198556 0.08241758241758242
1 0.5523465703971119 0.7637362637362637 0.09386281588447654 0.14285714285714285
1 0.5884476534296029 0.6895604395604396 0.07942238267148015 0.13736263736263737
1 0.648014440433213 0.6483516483516484 0.061371841155234655 0.10989010989010989
1 0.7057761732851986 0.5631868131868132 0.06859205776173286 0.13736263736263737
1 0.7454873646209387 0.6043956043956044 0.08303249097472924 0.13186813186813187
1 0.7942238267148014 0.5576923076923077 0.07220216606498195 0.09340659340659341
1 0.8628158844765343 0.532967032967033 0.05776173285198556 0.12087912087912088
1 0.6425992779783394 0.5412087912087912 0.07942238267148015 0.11538461538461539
1 0.5866425992779783 0.5796703296703297 0.07581227436823104 0.11538461538461539
1 0.5108303249097473 0.6098901098901099 0.07581227436823104 0.10989010989010989
1 0.5433212996389891 0.45879120879120877 0.061371841155234655 0.09340659340659341
1 0.6028880866425993 0.4642857142857143 0.07220216606498195 0.1043956043956044
1 0.6787003610108303 0.46703296703296704 0.06498194945848375 0.0989010989010989
1 0.6949458483754513 0.4065934065934066 0.08303249097472924 0.0989010989010989
1 0.7472924187725631 0.46703296703296704 0.05776173285198556 0.0989010989010989
1 0.7635379061371841 0.3956043956043956 0.061371841155234655 0.06593406593406594
1 0.8122743682310469 0.45054945054945056 0.07220216606498195 0.12087912087912088
1 0.8736462093862816 0.41208791208791207 0.05776173285198556 0.06593406593406594
1 0.871841155234657 0.3543956043956044 0.039711191335740074 0.08241758241758242
1 0.8158844765342961 0.3543956043956044 0.06498194945848375 0.07142857142857142
1 0.5992779783393501 0.38186813186813184 0.07220216606498195 0.07142857142857142
1 0.5487364620938628 0.39285714285714285 0.04332129963898917 0.07142857142857142
1 0.5487364620938628 0.33791208791208793 0.07220216606498195 0.08241758241758242
1 0.575812274368231 0.260989010989011 0.039711191335740074 0.1043956043956044
1 0.8411552346570397 0.21428571428571427 0.05054151624548736 0.08791208791208792
1 0.8429602888086642 0.2857142857142857 0.04693140794223827 0.07692307692307693
1 0.8194945848375451 0.3516483516483517 0.05054151624548736 0.06593406593406594
1 0.5324909747292419 0.260989010989011 0.05415162454873646 0.09340659340659341
1 0.555956678700361 0.1813186813186813 0.06498194945848375 0.06593406593406594
1 0.6191335740072202 0.12912087912087913 0.061371841155234655 0.08241758241758242
1 0.6805054151624549 0.11263736263736264 0.05415162454873646 0.08241758241758242
1 0.7509025270758123 0.10989010989010989 0.07220216606498195 0.054945054945054944
1 0.7364620938628159 0.08241758241758242 0.04332129963898917 0.03296703296703297
1 0.703971119133574 0.0521978021978022 0.06498194945848375 0.06043956043956044
1 0.631768953068592 0.06868131868131869 0.07220216606498195 0.06043956043956044
1 0.5812274368231047 0.0989010989010989 0.07942238267148015 0.08791208791208792
1 0.5361010830324909 0.13186813186813187 0.039711191335740074 0.06593406593406594
1 0.40613718411552346 0.04120879120879121 0.06859205776173286 0.08241758241758242
1 0.37725631768953066 0.07417582417582418 0.061371841155234655 0.08241758241758242
1 0.3447653429602888 0.054945054945054944 0.032490974729241874 0.054945054945054944
1 0.2996389891696751 0.057692307692307696 0.05776173285198556 0.06043956043956044
1 0.2779783393501805 0.12912087912087913 0.06498194945848375 0.1043956043956044
1 0.24729241877256317 0.038461538461538464 0.061371841155234655 0.07692307692307693
1 0.2148014440433213 0.04945054945054945 0.06859205776173286 0.07692307692307693
1 0.2184115523465704 0.12637362637362637 0.04693140794223827 0.04395604395604396
1 0.22382671480144403 0.18956043956043955 0.06498194945848375 0.08241758241758242
1 0.2563176895306859 0.25824175824175827 0.07220216606498195 0.07692307692307693
1 0.3194945848375451 0.2445054945054945 0.05415162454873646 0.06043956043956044
1 0.2870036101083033 0.22252747252747251 0.061371841155234655 0.06043956043956044
1 0.18592057761732853 0.27472527472527475 0.07581227436823104 0.08791208791208792
1 0.2111913357400722 0.3021978021978022 0.032490974729241874 0.02197802197802198
1 0.3447653429602888 0.13186813186813187 0.06859205776173286 0.08791208791208792
1 0.30144404332129965 0.054945054945054944 0.05415162454873646 0.054945054945054944
1 0.4314079422382672 0.12912087912087913 0.061371841155234655 0.09340659340659341
1 0.3898916967509025 0.15384615384615385 0.036101083032490974 0.07692307692307693
1 0.35379061371841153 0.21428571428571427 0.06498194945848375 0.054945054945054944
1 0.42057761732851984 0.21428571428571427 0.061371841155234655 0.08791208791208792
1 0.48375451263537905 0.22252747252747251 0.06498194945848375 0.08241758241758242
1 0.3989169675090253 0.25824175824175827 0.061371841155234655 0.07692307692307693
1 0.4675090252707581 0.28846153846153844 0.061371841155234655 0.08241758241758242
1 0.427797833935018 0.34615384615384615 0.04693140794223827 0.13186813186813187
1 0.48194945848375453 0.34065934065934067 0.061371841155234655 0.054945054945054944
1 0.4927797833935018 0.3956043956043956 0.061371841155234655 0.08791208791208792
1 0.4657039711191336 0.44505494505494503 0.07220216606498195 0.10989010989010989
1 0.15703971119133575 0.39285714285714285 0.05415162454873646 0.1043956043956044
1 0.5036101083032491 0.5357142857142857 0.07581227436823104 0.1043956043956044
1 0.4296028880866426 0.6181318681318682 0.08664259927797834 0.12637362637362637
1 0.44584837545126355 0.5137362637362637 0.039711191335740074 0.09340659340659341
1 0.3862815884476534 0.521978021978022 0.08664259927797834 0.13186813186813187
1 0.33574007220216606 0.6263736263736264 0.08664259927797834 0.12087912087912088
1 0.3989169675090253 0.7060439560439561 0.08303249097472924 0.13736263736263737
1 0.44584837545126355 0.7692307692307693 0.08303249097472924 0.13186813186813187
1 0.5090252707581228 0.717032967032967 0.07220216606498195 0.09340659340659341
1 0.30505415162454874 0.5192307692307693 0.07581227436823104 0.1043956043956044
1 0.2545126353790614 0.5989010989010989 0.09025270758122744 0.0989010989010989
1 0.2490974729241877 0.5384615384615384 0.05054151624548736 0.03296703296703297
1 0.5324909747292419 0.8983516483516484 0.09025270758122744 0.13736263736263737
1 0.5180505415162455 0.9752747252747253 0.04693140794223827 0.038461538461538464
1 0.44223826714801445 0.9642857142857143 0.09025270758122744 0.06043956043956044
1 0.4368231046931408 0.8873626373626373 0.08664259927797834 0.14835164835164835
1 0.351985559566787 0.8571428571428571 0.09747292418772563 0.14285714285714285
1 0.38267148014440433 0.7939560439560439 0.05054151624548736 0.06043956043956044
1 0.3483754512635379 0.9560439560439561 0.09747292418772563 0.07692307692307693
1 0.2996389891696751 0.9093406593406593 0.06498194945848375 0.09340659340659341
1 0.259927797833935 0.9560439560439561 0.10108303249097472 0.07692307692307693
1 0.20577617328519857 0.8983516483516484 0.10108303249097472 0.13736263736263737
1 0.1299638989169675 0.9532967032967034 0.09386281588447654 0.08241758241758242
1 0.10288808664259928 0.9203296703296703 0.09025270758122744 0.14835164835164835
1 0.18592057761732853 0.8076923076923077 0.09025270758122744 0.12087912087912088
1 0.10649819494584838 0.7939560439560439 0.08303249097472924 0.12637362637362637
1 0.27256317689530685 0.7994505494505495 0.09747292418772563 0.14835164835164835
1 0.3194945848375451 0.7252747252747253 0.08303249097472924 0.12087912087912088
1 0.24187725631768953 0.7032967032967034 0.08664259927797834 0.12087912087912088
1 0.16787003610108303 0.45054945054945056 0.04693140794223827 0.02197802197802198
1 0.16425992779783394 0.5027472527472527 0.08303249097472924 0.1043956043956044
1 0.16606498194945848 0.5879120879120879 0.09386281588447654 0.0989010989010989
1 0.16425992779783394 0.6895604395604396 0.09025270758122744 0.12637362637362637
1 0.12093862815884476 0.6071428571428571 0.02527075812274368 0.08241758241758242
1 0.10830324909747292 0.695054945054945 0.036101083032490974 0.08241758241758242
1 0.02888086642599278 0.9807692307692307 0.05776173285198556 0.027472527472527472
1 0.02527075812274368 0.9093406593406593 0.05054151624548736 0.13736263736263737
1 0.030685920577617327 0.7939560439560439 0.061371841155234655 0.11538461538461539
1 0.04693140794223827 0.7032967032967034 0.09386281588447654 0.14285714285714285
1 0.06678700361010831 0.6098901098901099 0.09025270758122744 0.10989010989010989
1 0.019855595667870037 0.5769230769230769 0.039711191335740074 0.10989010989010989
1 0.09025270758122744 0.5247252747252747 0.07942238267148015 0.1043956043956044
1 0.016245487364620937 0.47802197802197804 0.032490974729241874 0.08791208791208792
1 0.032490974729241874 0.45604395604395603 0.05776173285198556 0.10989010989010989
1 0.09205776173285199 0.4230769230769231 0.07581227436823104 0.10989010989010989
1 0.06678700361010831 0.3791208791208791 0.061371841155234655 0.07692307692307693
1 0.11732851985559567 0.32967032967032966 0.07581227436823104 0.10989010989010989
1 0.11913357400722022 0.23901098901098902 0.07942238267148015 0.07142857142857142
1 0.16606498194945848 0.20054945054945056 0.05776173285198556 0.07142857142857142
1 0.05054151624548736 0.2692307692307692 0.06498194945848375 0.06593406593406594
1 0.052346570397111915 0.3434065934065934 0.061371841155234655 0.08241758241758242
1 0.018050541516245487 0.38186813186813184 0.036101083032490974 0.09340659340659341
1 0.04332129963898917 0.19230769230769232 0.07220216606498195 0.08791208791208792
1 0.10649819494584838 0.16758241758241757 0.061371841155234655 0.07142857142857142
1 0.01263537906137184 0.23351648351648352 0.02527075812274368 0.15934065934065933
1 0.04332129963898917 0.11813186813186813 0.06498194945848375 0.08241758241758242
1 0.005415162454873646 0.1043956043956044 0.010830324909747292 0.07692307692307693
1 0.02707581227436823 0.054945054945054944 0.05415162454873646 0.03296703296703297
1 0.01444043321299639 0.027472527472527472 0.02888086642599278 0.054945054945054944