1 0.21014492753623187 0.6236263736263736 0.17391304347826086 0.2032967032967033
1 0.2971014492753623 0.7637362637362637 0.15942028985507245 0.25274725274725274
1 0.42028985507246375 0.7884615384615384 0.18840579710144928 0.2692307692307692
1 0.5797101449275363 0.7884615384615384 0.14492753623188406 0.2032967032967033
1 0.717391304347826 0.7032967032967034 0.15217391304347827 0.23076923076923078
1 0.7282608695652174 0.5494505494505495 0.16666666666666666 0.2087912087912088
1 0.5797101449275363 0.5824175824175825 0.16666666666666666 0.21978021978021978
1 0.42028985507246375 0.5714285714285714 0.15942028985507245 0.25274725274725274
1 0.33695652173913043 0.5054945054945055 0.15217391304347827 0.2087912087912088
1 0.40398550724637683 0.37637362637362637 0.11231884057971014 0.12637362637362637
1 0.4927536231884058 0.42857142857142855 0.13768115942028986 0.13186813186813187
1 0.6358695652173914 0.4230769230769231 0.14130434782608695 0.16483516483516483
1 0.5416666666666666 0.30494505494505497 0.14855072463768115 0.17032967032967034
1 0.26992753623188404 0.3791208791208791 0.15579710144927536 0.1978021978021978
1 0.22282608695652173 0.48626373626373626 0.10507246376811594 0.07142857142857142
1 0.42934782608695654 0.9340659340659341 0.13405797101449277 0.07692307692307693
1 0.6684782608695652 0.8296703296703297 0.04710144927536232 0.054945054945054944