1 0.42783505154639173 0.9362934362934363 0.15463917525773196 0.11196911196911197
1 0.5463917525773195 0.8725868725868726 0.15463917525773196 0.09266409266409266
1 0.4639175257731959 0.806949806949807 0.09278350515463918 0.0694980694980695
1 0.5154639175257731 0.8571428571428571 0.1134020618556701 0.06177606177606178
1 0.3556701030927835 0.8494208494208494 0.15463917525773196 0.12355212355212356
1 0.38917525773195877 0.7876447876447876 0.08762886597938144 0.04633204633204633
1 0.46134020618556704 0.7451737451737451 0.07731958762886598 0.04633204633204633
1 0.5798969072164949 0.7722007722007722 0.14948453608247422 0.12355212355212356
1 0.6623711340206185 0.7837837837837838 0.08762886597938144 0.10038610038610038
1 0.6572164948453608 0.6891891891891891 0.15979381443298968 0.0888030888030888
1 0.6520618556701031 0.637065637065637 0.14948453608247422 0.11583011583011583
1 0.5128865979381443 0.6872586872586872 0.15979381443298968 0.11583011583011583
1 0.36597938144329895 0.7181467181467182 0.14432989690721648 0.09266409266409266
1 0.3170103092783505 0.7200772200772201 0.0979381443298969 0.0888030888030888
1 0.29381443298969073 0.6177606177606177 0.13402061855670103 0.10810810810810811
1 0.4020618556701031 0.6293436293436293 0.14432989690721648 0.08494208494208494
1 0.5154639175257731 0.5752895752895753 0.14432989690721648 0.10810810810810811
1 0.6288659793814433 0.5424710424710425 0.08247422680412371 0.07335907335907337
1 0.6932989690721649 0.5501930501930502 0.05670103092783505 0.07335907335907337
1 0.39690721649484534 0.5714285714285714 0.10309278350515463 0.04633204633204633
1 0.3170103092783505 0.5154440154440154 0.12886597938144329 0.0888030888030888
1 0.42783505154639173 0.49034749034749037 0.15463917525773196 0.12355212355212356
1 0.595360824742268 0.4613899613899614 0.18041237113402062 0.1274131274131274
1 0.6958762886597938 0.4266409266409266 0.08247422680412371 0.09652509652509653
1 0.6262886597938144 0.35714285714285715 0.12886597938144329 0.0888030888030888
1 0.7396907216494846 0.33783783783783783 0.11855670103092783 0.09652509652509653
1 0.7422680412371134 0.2702702702702703 0.061855670103092786 0.06177606177606178
1 0.7396907216494846 0.2413127413127413 0.06701030927835051 0.05791505791505792
1 0.6958762886597938 0.1833976833976834 0.14432989690721648 0.11196911196911197
1 0.5850515463917526 0.17567567567567569 0.0979381443298969 0.11969111969111969
1 0.47680412371134023 0.1640926640926641 0.14948453608247422 0.09652509652509653
1 0.45618556701030927 0.11583011583011583 0.13917525773195877 0.10038610038610038
1 0.29896907216494845 0.10231660231660232 0.14432989690721648 0.11196911196911197
1 0.22938144329896906 0.20077220077220076 0.15979381443298968 0.11583011583011583
1 0.14948453608247422 0.2277992277992278 0.12371134020618557 0.10038610038610038
1 0.22422680412371135 0.3108108108108108 0.13917525773195877 0.09652509652509653
1 0.2757731958762887 0.4189189189189189 0.13917525773195877 0.10424710424710425
1 0.23195876288659795 0.4942084942084942 0.09278350515463918 0.07722007722007722
1 0.37628865979381443 0.38223938223938225 0.13402061855670103 0.10038610038610038
1 0.5051546391752577 0.3861003861003861 0.13402061855670103 0.10038610038610038
1 0.4845360824742268 0.2722007722007722 0.16494845360824742 0.1274131274131274
1 0.6391752577319587 0.26833976833976836 0.14432989690721648 0.11969111969111969
1 0.3324742268041237 0.29343629343629346 0.14948453608247422 0.10810810810810811
1 0.4639175257731959 0.04054054054054054 0.12371134020618557 0.08108108108108109
1 0.5412371134020618 0.03088803088803089 0.061855670103092786 0.06177606177606178
1 0.29381443298969073 0.02895752895752896 0.13402061855670103 0.05791505791505792
1 0.37628865979381443 0.06563706563706563 0.041237113402061855 0.0694980694980695
1 0.19072164948453607 0.07335907335907337 0.061855670103092786 0.07722007722007722
1 0.15206185567010308 0.02702702702702703 0.13917525773195877 0.05405405405405406
1 0.18556701030927836 0.1274131274131274 0.07216494845360824 0.04633204633204633
1 0.02577319587628866 0.20077220077220076 0.05154639175257732 0.06177606177606178
1 0.06701030927835051 0.22007722007722008 0.061855670103092786 0.06177606177606178
1 0.02577319587628866 0.2702702702702703 0.05154639175257732 0.0694980694980695
1 0.020618556701030927 0.3185328185328185 0.030927835051546393 0.04247104247104247