1 0.9309090909090909 0.6174863387978142 0.10909090909090909 0.14207650273224043
1 0.8745454545454545 0.5300546448087432 0.09818181818181818 0.15300546448087432
1 0.8072727272727273 0.5792349726775956 0.11636363636363636 0.1092896174863388
1 0.8036363636363636 0.6885245901639344 0.12363636363636364 0.14207650273224043
1 0.7636363636363637 0.7786885245901639 0.10909090909090909 0.15846994535519127
1 0.6563636363636364 0.6174863387978142 0.09090909090909091 0.12021857923497267
1 0.6854545454545454 0.7076502732240437 0.10545454545454545 0.1366120218579235
1 0.6872727272727273 0.5491803278688525 0.09454545454545454 0.1366120218579235
1 0.7236363636363636 0.6311475409836066 0.05090909090909091 0.08196721311475409
1 0.7454545454545455 0.5163934426229508 0.06545454545454546 0.12568306010928962
1 0.7563636363636363 0.41530054644808745 0.08727272727272728 0.15300546448087432
1 0.6709090909090909 0.3524590163934426 0.09090909090909091 0.11475409836065574
1 0.6854545454545454 0.4426229508196721 0.07636363636363637 0.08743169398907104
1 0.6218181818181818 0.48633879781420764 0.13090909090909092 0.12021857923497267
1 0.5709090909090909 0.6092896174863388 0.11636363636363636 0.18032786885245902
1 0.5563636363636364 0.7513661202185792 0.10909090909090909 0.1366120218579235
1 0.6218181818181818 0.76775956284153 0.10909090909090909 0.14754098360655737
1 0.5836363636363636 0.855191256830601 0.12727272727272726 0.16939890710382513
1 0.5145454545454545 0.5546448087431693 0.04727272727272727 0.08196721311475409
1 0.5036363636363637 0.6530054644808743 0.06181818181818182 0.09289617486338798
1 0.46 0.592896174863388 0.12727272727272726 0.11475409836065574
1 0.44181818181818183 0.7076502732240437 0.12 0.1912568306010929
1 0.3527272727272727 0.825136612021858 0.10181818181818182 0.18579234972677597
1 0.3527272727272727 0.6885245901639344 0.10181818181818182 0.12021857923497267
1 0.34 0.5737704918032787 0.13454545454545455 0.15300546448087432
1 0.4254545454545455 0.4644808743169399 0.850909090909091 0.9289617486338798