1 0.4309090909090909 0.5109289617486339 0.23636363636363636 0.3551912568306011
1 0.6181818181818182 0.7295081967213115 0.20363636363636364 0.3224043715846995
1 0.8581818181818182 0.5983606557377049 0.18181818181818182 0.2568306010928962
1 0.94 0.3360655737704918 0.11272727272727273 0.453551912568306
1 0.7818181818181819 0.38524590163934425 0.13090909090909092 0.2677595628415301
1 0.98 0.28415300546448086 0.03272727272727273 0.16393442622950818
1 0.8127272727272727 0.1366120218579235 0.10545454545454545 0.273224043715847
1 0.8090909090909091 0.3087431693989071 0.34545454545454546 0.6174863387978142
1 0.4254545454545455 0.8415300546448088 0.08727272727272728 0.30601092896174864
1 0.5145454545454545 0.8934426229508197 0.07636363636363637 0.20218579234972678
1 0.7163636363636363 0.8415300546448088 0.21818181818181817 0.30601092896174864
1 0.5781818181818181 0.36065573770491804 0.14545454545454545 0.33879781420765026
1 0.6127272727272727 0.1092896174863388 0.1781818181818182 0.2185792349726776
1 0.649090909090909 0.01912568306010929 0.11272727272727273 0.03825136612021858
1 0.4309090909090909 0.18032786885245902 0.2 0.36065573770491804
1 0.6181818181818182 0.4972677595628415 0.7563636363636363 0.994535519125683