1 0.549792531120332 0.3684210526315789 0.5020746887966805 0.49760765550239233
1 0.8423236514522822 0.7392344497607656 0.1078838174273859 0.13875598086124402
1 0.8630705394190872 0.6866028708133971 0.0995850622406639 0.03349282296650718
1 0.17219917012448133 0.8803827751196173 0.04564315352697095 0.06698564593301436
1 0.2821576763485477 0.916267942583732 0.04149377593360996 0.0430622009569378
1 0.34232365145228216 0.9019138755980861 0.03734439834024896 0.07177033492822966
1 0.3796680497925311 0.9043062200956937 0.029045643153526972 0.03827751196172249
1 0.04771784232365145 0.6794258373205742 0.05394190871369295 0.06698564593301436
1 0.06639004149377593 0.6172248803827751 0.04979253112033195 0.05741626794258373
1 0.08713692946058091 0.5813397129186603 0.03319502074688797 0.014354066985645933
1 0.11203319502074689 0.5669856459330144 0.03319502074688797 0.03349282296650718
1 0.17012448132780084 0.5574162679425837 0.03319502074688797 0.03349282296650718
1 0.1825726141078838 0.5263157894736842 0.03319502074688797 0.028708133971291867
1 0.23443983402489627 0.507177033492823 0.03734439834024896 0.03827751196172249
1 0.2697095435684647 0.48325358851674644 0.04979253112033195 0.04784688995215311
1 0.3070539419087137 0.44976076555023925 0.024896265560165973 0.04784688995215311
1 0.34024896265560167 0.4688995215311005 0.04149377593360996 0.03827751196172249
1 0.2074688796680498 0.5909090909090909 0.04979253112033195 0.0430622009569378
1 0.25103734439834025 0.5980861244019139 0.03734439834024896 0.05741626794258373
1 0.2053941908713693 0.5598086124401914 0.03734439834024896 0.019138755980861243
1 0.24066390041493776 0.5454545454545454 0.04149377593360996 0.04784688995215311
1 0.2821576763485477 0.5478468899521531 0.04149377593360996 0.03349282296650718
1 0.31742738589211617 0.5287081339712919 0.029045643153526972 0.05263157894736842
1 0.35269709543568467 0.5119617224880383 0.04149377593360996 0.03827751196172249
1 0.15975103734439833 0.6100478468899522 0.04564315352697095 0.0430622009569378
1 0.11618257261410789 0.6291866028708134 0.04149377593360996 0.03349282296650718
1 0.12240663900414937 0.6602870813397129 0.07053941908713693 0.03827751196172249
1 0.17427385892116182 0.6507177033492823 0.04979253112033195 0.04784688995215311
1 0.22614107883817428 0.6578947368421053 0.03734439834024896 0.0430622009569378
1 0.26348547717842324 0.6722488038277512 0.029045643153526972 0.0430622009569378
1 0.2946058091286307 0.6339712918660287 0.04149377593360996 0.06220095693779904
1 0.3257261410788382 0.6291866028708134 0.03734439834024896 0.0430622009569378
1 0.36929460580912865 0.6196172248803827 0.04149377593360996 0.05263157894736842
1 0.36721991701244816 0.583732057416268 0.029045643153526972 0.03827751196172249
1 0.3900414937759336 0.562200956937799 0.024896265560165973 0.0430622009569378
1 0.4087136929460581 0.5933014354066986 0.029045643153526972 0.04784688995215311
1 0.6452282157676349 0.6196172248803827 0.03734439834024896 0.05263157894736842
1 0.6867219917012448 0.6363636363636364 0.03734439834024896 0.06698564593301436
1 0.4336099585062241 0.6220095693779905 0.06224066390041494 0.03827751196172249
1 0.46680497925311204 0.6555023923444976 0.05394190871369295 0.03827751196172249
1 0.5103734439834025 0.6746411483253588 0.058091286307053944 0.05741626794258373
1 0.5726141078838174 0.6411483253588517 0.04149377593360996 0.04784688995215311
1 0.6120331950207469 0.6578947368421053 0.03734439834024896 0.05263157894736842
1 0.6244813278008299 0.6866028708133971 0.029045643153526972 0.03349282296650718
1 0.6576763485477178 0.6794258373205742 0.04564315352697095 0.03827751196172249
1 0.6929460580912863 0.715311004784689 0.03319502074688797 0.05263157894736842
1 0.7219917012448133 0.6961722488038278 0.03319502074688797 0.03349282296650718
1 0.14315352697095435 0.7440191387559809 0.04564315352697095 0.03349282296650718
1 0.14522821576763487 0.7033492822966507 0.04979253112033195 0.03827751196172249
1 0.1950207468879668 0.7129186602870813 0.04149377593360996 0.028708133971291867
1 0.23029045643153526 0.7272727272727273 0.04564315352697095 0.03827751196172249
1 0.19294605809128632 0.7559808612440191 0.04564315352697095 0.05741626794258373
1 0.15767634854771784 0.8038277511961722 0.058091286307053944 0.04784688995215311
1 0.11618257261410789 0.7990430622009569 0.07468879668049792 0.06698564593301436
1 0.2074688796680498 0.8301435406698564 0.04979253112033195 0.05263157894736842
1 0.24896265560165975 0.8229665071770335 0.03319502074688797 0.03827751196172249
1 0.24273858921161826 0.8827751196172249 0.05394190871369295 0.06220095693779904
1 0.29045643153526973 0.8755980861244019 0.04979253112033195 0.04784688995215311
1 0.2987551867219917 0.8253588516746412 0.04979253112033195 0.05263157894736842
1 0.3506224066390041 0.8373205741626795 0.03734439834024896 0.05741626794258373
1 0.4045643153526971 0.8564593301435407 0.04564315352697095 0.04784688995215311
1 0.45228215767634855 0.8636363636363636 0.04979253112033195 0.06220095693779904
1 0.4854771784232365 0.8875598086124402 0.04149377593360996 0.06220095693779904
1 0.5394190871369294 0.8755980861244019 0.058091286307053944 0.05741626794258373
1 0.553941908713693 0.8277511961722488 0.05394190871369295 0.04784688995215311
1 0.6099585062240664 0.8133971291866029 0.04149377593360996 0.05741626794258373
1 0.6431535269709544 0.7894736842105263 0.04979253112033195 0.06698564593301436
1 0.5995850622406639 0.7822966507177034 0.03734439834024896 0.0430622009569378
1 0.6410788381742739 0.7464114832535885 0.03734439834024896 0.028708133971291867
1 0.6576763485477178 0.7272727272727273 0.03734439834024896 0.03827751196172249
1 0.5809128630705395 0.7440191387559809 0.03319502074688797 0.05263157894736842
1 0.5975103734439834 0.7129186602870813 0.03319502074688797 0.028708133971291867
1 0.5850622406639004 0.6866028708133971 0.04979253112033195 0.03349282296650718
1 0.3112033195020747 0.715311004784689 0.04149377593360996 0.0430622009569378
1 0.35892116182572614 0.7009569377990431 0.04564315352697095 0.03349282296650718
1 0.4190871369294606 0.6889952153110048 0.04149377593360996 0.05741626794258373
1 0.45850622406639 0.7488038277511961 0.03734439834024896 0.06220095693779904
1 0.42738589211618255 0.7607655502392344 0.03319502074688797 0.04784688995215311
1 0.5 0.7440191387559809 0.03734439834024896 0.06220095693779904
1 0.5435684647302904 0.7416267942583732 0.04149377593360996 0.04784688995215311
1 0.5394190871369294 0.784688995215311 0.03319502074688797 0.04784688995215311
1 0.5020746887966805 0.8014354066985646 0.04979253112033195 0.0430622009569378
1 0.44190871369294604 0.8086124401913876 0.04564315352697095 0.04784688995215311
1 0.4024896265560166 0.8205741626794258 0.04149377593360996 0.0430622009569378
1 0.3817427385892116 0.7751196172248804 0.03319502074688797 0.04784688995215311
1 0.34854771784232363 0.7511961722488039 0.03319502074688797 0.04784688995215311
1 0.34439834024896265 0.7942583732057417 0.024896265560165973 0.03827751196172249
1 0.3153526970954357 0.7631578947368421 0.04149377593360996 0.0430622009569378
1 0.27800829875518673 0.7631578947368421 0.04979253112033195 0.07177033492822966
1 0.23651452282157676 0.784688995215311 0.04149377593360996 0.03827751196172249