1 0.703187250996016 0.32338308457711445 0.2908366533864542 0.29850746268656714
1 0.8685258964143426 0.6293532338308457 0.16733067729083664 0.3034825870646766
1 0.36254980079681276 0.2885572139303483 0.09561752988047809 0.1890547263681592
1 0.5219123505976095 0.19651741293532338 0.0796812749003984 0.11442786069651742
1 0.4362549800796813 0.31343283582089554 0.13147410358565736 0.13930348258706468
1 0.5139442231075697 0.3009950248756219 0.0796812749003984 0.12437810945273632
1 0.5438247011952191 0.417910447761194 0.11553784860557768 0.14925373134328357
1 0.7071713147410359 0.44776119402985076 0.11553784860557768 0.13930348258706468
1 0.7828685258964143 0.5472636815920398 0.07569721115537849 0.14925373134328357
1 0.8227091633466136 0.6268656716417911 0.099601593625498 0.12935323383084577
1 0.7071713147410359 0.554726368159204 0.08366533864541832 0.0945273631840796
1 0.7091633466135459 0.664179104477612 0.11952191235059761 0.16417910447761194
1 0.7250996015936255 0.7213930348258707 0.09561752988047809 0.11940298507462686
1 0.649402390438247 0.8134328358208955 0.11155378486055777 0.16417910447761194
1 0.599601593625498 0.7139303482587065 0.12350597609561753 0.14427860696517414
1 0.5876494023904383 0.6044776119402985 0.099601593625498 0.0845771144278607
1 0.6075697211155379 0.5 0.099601593625498 0.13432835820895522
1 0.4960159362549801 0.5472636815920398 0.13147410358565736 0.1691542288557214
1 0.4103585657370518 0.4502487562189055 0.14342629482071714 0.14427860696517414
1 0.3346613545816733 0.554726368159204 0.14342629482071714 0.16417910447761194
1 0.4203187250996016 0.5646766169154229 0.043824701195219126 0.07462686567164178
1 0.2908366533864542 0.4154228855721393 0.12749003984063745 0.17412935323383086
1 0.2450199203187251 0.44527363184079605 0.10756972111553785 0.13432835820895522
1 0.1454183266932271 0.5646766169154229 0.11553784860557768 0.14427860696517414
1 0.19721115537848605 0.6417910447761194 0.12350597609561753 0.13930348258706468
1 0.23306772908366533 0.5771144278606966 0.05976095617529881 0.04975124378109453
1 0.10358565737051793 0.6194029850746269 0.06374501992031872 0.11442786069651742
1 0.4641434262948207 0.6940298507462687 0.12350597609561753 0.12437810945273632
1 0.5278884462151394 0.8208955223880597 0.13147410358565736 0.1791044776119403
1 0.4123505976095618 0.8009950248756219 0.12350597609561753 0.13930348258706468
1 0.38645418326693226 0.845771144278607 0.11155378486055777 0.10945273631840796
1 0.34462151394422313 0.7139303482587065 0.10756972111553785 0.14427860696517414
1 0.250996015936255 0.7736318407960199 0.11155378486055777 0.16417910447761194
1 0.15139442231075698 0.7860696517412935 0.11155378486055777 0.13930348258706468
1 0.11155378486055777 0.7412935323383084 0.11952191235059761 0.12935323383084577
1 0.20717131474103587 0.8532338308457711 0.08764940239043825 0.06467661691542288