1 0.888030888030888 0.7164948453608248 0.21621621621621623 0.36082474226804123
1 0.7027027027027027 0.6494845360824743 0.13127413127413126 0.09278350515463918
1 0.7644787644787645 0.75 0.09266409266409266 0.12886597938144329
1 0.666023166023166 0.7396907216494846 0.10424710424710425 0.0979381443298969
1 0.6505791505791506 0.8402061855670103 0.16602316602316602 0.13402061855670103
1 0.7567567567567568 0.8556701030927835 0.0694980694980695 0.09278350515463918
1 0.37065637065637064 0.7938144329896907 0.18532818532818532 0.21649484536082475
1 0.5096525096525096 0.7809278350515464 0.16216216216216217 0.23195876288659795
1 0.5057915057915058 0.6597938144329897 0.06177606177606178 0.08247422680412371
1 0.5694980694980695 0.6701030927835051 0.06563706563706563 0.10309278350515463
1 0.611969111969112 0.5979381443298969 0.05019305019305019 0.08247422680412371
1 0.5714285714285714 0.5360824742268041 0.06177606177606178 0.09278350515463918
1 0.6274131274131274 0.5463917525773195 0.06563706563706563 0.08247422680412371
1 0.7007722007722008 0.5773195876288659 0.07335907335907337 0.061855670103092786
1 0.5115830115830116 0.5824742268041238 0.05791505791505792 0.09278350515463918
1 0.4594594594594595 0.6185567010309279 0.04633204633204633 0.08247422680412371
1 0.4594594594594595 0.5618556701030928 0.06177606177606178 0.061855670103092786
1 0.5772200772200772 0.4690721649484536 0.05791505791505792 0.07216494845360824
1 0.6351351351351351 0.47164948453608246 0.05791505791505792 0.08762886597938144
1 0.693050193050193 0.4793814432989691 0.05019305019305019 0.09278350515463918
1 0.6274131274131274 0.4252577319587629 0.05791505791505792 0.03608247422680412
1 0.6602316602316602 0.4072164948453608 0.05405405405405406 0.061855670103092786
1 0.5424710424710425 0.41237113402061853 0.06563706563706563 0.07216494845360824
1 0.5791505791505791 0.33505154639175255 0.05405405405405406 0.07216494845360824
1 0.5888030888030888 0.4020618556701031 0.03474903474903475 0.061855670103092786
1 0.6177606177606177 0.36597938144329895 0.04633204633204633 0.08247422680412371
1 0.5231660231660231 0.34536082474226804 0.05791505791505792 0.05154639175257732
1 0.7027027027027027 0.2860824742268041 0.16216216216216217 0.2422680412371134
1 0.8011583011583011 0.24742268041237114 0.05791505791505792 0.14432989690721648
1 0.8378378378378378 0.31443298969072164 0.1776061776061776 0.18556701030927836
1 0.918918918918919 0.34536082474226804 0.12355212355212356 0.13402061855670103
1 0.36293436293436293 0.6443298969072165 0.11583011583011583 0.09278350515463918
1 0.21042471042471042 0.5438144329896907 0.15057915057915058 0.18041237113402062
1 0.10038610038610038 0.615979381443299 0.15444015444015444 0.15979381443298968
1 0.06563706563706563 0.7757731958762887 0.12355212355212356 0.23195876288659795
1 0.1776061776061776 0.8376288659793815 0.29343629343629346 0.18041237113402062
1 0.24903474903474904 0.7061855670103093 0.14285714285714285 0.16494845360824742
1 0.15057915057915058 0.7164948453608248 0.08494208494208494 0.10309278350515463
1 0.0888030888030888 0.4845360824742268 0.1776061776061776 0.3711340206185567
1 0.2972972972972973 0.29896907216494845 0.29343629343629346 0.4845360824742268
1 0.5772200772200772 0.2654639175257732 0.10424710424710425 0.13917525773195877