1 0.5066666666666667 0.40444444444444444 0.29333333333333333 0.29333333333333333
1 0.7555555555555555 0.26666666666666666 0.29333333333333333 0.27555555555555555
1 0.7355555555555555 0.5355555555555556 0.27111111111111114 0.28
1 0.5311111111111111 0.7088888888888889 0.29777777777777775 0.30666666666666664
1 0.23555555555555555 0.7666666666666667 0.3022222222222222 0.26222222222222225
1 0.24888888888888888 0.52 0.3022222222222222 0.26666666666666666
1 0.20666666666666667 0.25555555555555554 0.25333333333333335 0.27111111111111114
1 0.44 0.16 0.28444444444444444 0.24888888888888888
1 0.5 0.9355555555555556 0.9911111111111112 0.12
1 0.8355555555555556 0.7688888888888888 0.32 0.20444444444444446
1 0.9288888888888889 0.5066666666666667 0.13333333333333333 0.32
1 0.9488888888888889 0.17333333333333334 0.09333333333333334 0.3466666666666667
1 0.5177777777777778 0.017777777777777778 0.7688888888888888 0.035555555555555556
1 0.74 0.08222222222222222 0.3244444444444444 0.10222222222222223
1 0.21555555555555556 0.06 0.17333333333333334 0.12
1 0.042222222222222223 0.4911111111111111 0.08444444444444445 0.9822222222222222
1 0.10888888888888888 0.05555555555555555 0.057777777777777775 0.1111111111111111
1 0.8333333333333334 0.4177777777777778 0.04888888888888889 0.05333333333333334
1 0.5955555555555555 0.21555555555555556 0.035555555555555556 0.17333333333333334
1 0.32222222222222224 0.05555555555555555 0.04 0.04
1 0.5555555555555556 0.057777777777777775 0.044444444444444446 0.035555555555555556
1 0.3488888888888889 0.3288888888888889 0.03111111111111111 0.13333333333333333
1 0.4311111111111111 0.5622222222222222 0.07111111111111111 0.04888888888888889