1 0.8289473684210527 0.8415094339622642 0.20526315789473684 0.1811320754716981
1 0.9631578947368421 0.8754716981132076 0.06315789473684211 0.13584905660377358
1 0.6552631578947369 0.8188679245283019 0.12105263157894737 0.13584905660377358
1 0.5578947368421052 0.19811320754716982 0.47368421052631576 0.35094339622641507
1 0.7763157894736842 0.48867924528301887 0.4368421052631579 0.33584905660377357
1 0.9394736842105263 0.6698113207547169 0.11052631578947368 0.15471698113207547
1 0.8789473684210526 0.2849056603773585 0.23157894736842105 0.21509433962264152
1 0.7342105263157894 0.08679245283018867 0.5210526315789473 0.17358490566037735
1 0.8526315789473684 0.1641509433962264 0.15789473684210525 0.08679245283018867
1 0.8131578947368421 0.24150943396226415 0.08947368421052632 0.06037735849056604
1 0.3026315789473684 0.0660377358490566 0.3631578947368421 0.1320754716981132
1 0.08947368421052632 0.052830188679245285 0.17894736842105263 0.10566037735849057
1 0.16842105263157894 0.22830188679245284 0.3368421052631579 0.32075471698113206
1 0.28421052631578947 0.47547169811320755 0.47368421052631576 0.32452830188679244
1 0.05526315789473684 0.590566037735849 0.11052631578947368 0.19245283018867926
1 0.1763157894736842 0.8037735849056604 0.3526315789473684 0.15849056603773584
1 0.26842105263157895 0.8811320754716981 0.031578947368421054 0.018867924528301886
1 0.3736842105263158 0.939622641509434 0.031578947368421054 0.01509433962264151
1 0.42105263157894735 0.8811320754716981 0.031578947368421054 0.026415094339622643
1 0.5289473684210526 0.9150943396226415 0.03684210526315789 0.026415094339622643
1 0.5605263157894737 0.8716981132075472 0.04736842105263158 0.03018867924528302
1 0.5710526315789474 0.8924528301886793 0.02631578947368421 0.018867924528301886
1 0.45526315789473687 0.7358490566037735 0.34210526315789475 0.2641509433962264
1 0.6684210526315789 0.7 0.12631578947368421 0.09433962264150944
1 0.7763157894736842 0.6849056603773584 0.20526315789473684 0.09433962264150944
1 0.6684210526315789 0.8075471698113208 0.11578947368421053 0.12830188679245283
1 0.26842105263157895 0.6849056603773584 0.15789473684210525 0.12452830188679245