1 0.8416988416988417 0.7242268041237113 0.12355212355212356 0.18041237113402062
1 0.03474903474903475 0.28350515463917525 0.0694980694980695 0.17525773195876287
1 0.10231660231660232 0.5360824742268041 0.14285714285714285 0.21649484536082475
1 0.1833976833976834 0.3917525773195876 0.15057915057915058 0.17525773195876287
1 0.2722007722007722 0.520618556701031 0.1274131274131274 0.1958762886597938
1 0.19305019305019305 0.7345360824742269 0.138996138996139 0.22164948453608246
1 0.2953667953667954 0.7835051546391752 0.11196911196911197 0.1958762886597938
1 0.3764478764478765 0.8067010309278351 0.13513513513513514 0.2422680412371134
1 0.49034749034749037 0.6314432989690721 0.138996138996139 0.211340206185567
1 0.4806949806949807 0.8221649484536082 0.11196911196911197 0.18041237113402062
1 0.5965250965250966 0.845360824742268 0.13513513513513514 0.23711340206185566
1 0.6872586872586872 0.8144329896907216 0.12355212355212356 0.2268041237113402
1 0.7586872586872587 0.7757731958762887 0.11196911196911197 0.19072164948453607
1 0.888030888030888 0.6520618556701031 0.06177606177606178 0.0979381443298969
1 0.9034749034749034 0.5335051546391752 0.11583011583011583 0.18041237113402062
1 0.9111969111969112 0.4097938144329897 0.08494208494208494 0.06701030927835051
1 0.888030888030888 0.3170103092783505 0.138996138996139 0.17010309278350516
1 0.9884169884169884 0.22422680412371135 0.015444015444015444 0.10824742268041238
1 0.8301158301158301 0.2551546391752577 0.14671814671814673 0.19072164948453607
1 0.8127413127413128 0.43556701030927836 0.11196911196911197 0.13917525773195877
1 0.7934362934362934 0.5824742268041238 0.14285714285714285 0.16494845360824742
1 0.7200772200772201 0.5773195876288659 0.09652509652509653 0.16494845360824742
1 0.6718146718146718 0.6675257731958762 0.06177606177606178 0.06701030927835051
1 0.5945945945945946 0.6443298969072165 0.10038610038610038 0.18556701030927836
1 0.6505791505791506 0.5283505154639175 0.15057915057915058 0.19072164948453607
1 0.7181467181467182 0.44072164948453607 0.08494208494208494 0.11855670103092783
1 0.4826254826254826 0.4896907216494845 0.13127413127413126 0.14432989690721648
1 0.40733590733590735 0.6391752577319587 0.06563706563706563 0.13402061855670103
1 0.3204633204633205 0.6365979381443299 0.13127413127413126 0.11855670103092783
1 0.3745173745173745 0.5283505154639175 0.10038610038610038 0.17010309278350516
1 0.31467181467181465 0.3634020618556701 0.11969111969111969 0.17010309278350516
1 0.4362934362934363 0.3917525773195876 0.08494208494208494 0.1958762886597938
1 0.5308880308880309 0.3324742268041237 0.1274131274131274 0.211340206185567
1 0.6505791505791506 0.3402061855670103 0.11196911196911197 0.18556701030927836
1 0.696911196911197 0.28865979381443296 0.11969111969111969 0.16494845360824742
1 0.7258687258687259 0.15206185567010308 0.15444015444015444 0.15979381443298968
1 0.6351351351351351 0.09020618556701031 0.09652509652509653 0.18041237113402062
1 0.5347490347490348 0.06958762886597938 0.1583011583011583 0.13917525773195877
1 0.44015444015444016 0.05670103092783505 0.0694980694980695 0.1134020618556701
1 0.3861003861003861 0.05670103092783505 0.09266409266409266 0.1134020618556701
1 0.27606177606177607 0.06958762886597938 0.11969111969111969 0.13917525773195877
1 0.3474903474903475 0.16494845360824742 0.11583011583011583 0.15463917525773196
1 0.39575289575289574 0.25 0.14285714285714285 0.22164948453608246
1 0.4613899613899614 0.18041237113402062 0.08108108108108109 0.13402061855670103
1 0.2471042471042471 0.22422680412371135 0.12355212355212356 0.17010309278350516
1 0.19305019305019305 0.14948453608247422 0.07722007722007722 0.13402061855670103
1 0.12548262548262548 0.2551546391752577 0.11196911196911197 0.12886597938144329
1 0.14864864864864866 0.29381443298969073 0.11969111969111969 0.15463917525773196
1 0.06563706563706563 0.40463917525773196 0.08494208494208494 0.07731958762886598