1 0.8377358490566038 0.5210526315789473 0.19622641509433963 0.22105263157894736
1 0.7566037735849057 0.7394736842105263 0.27547169811320754 0.2789473684210526
1 0.8603773584905661 0.3105263157894737 0.2490566037735849 0.5684210526315789
1 0.7603773584905661 0.30526315789473685 0.07169811320754717 0.1368421052631579
1 0.7150943396226415 0.3815789473684211 0.07169811320754717 0.12105263157894737
1 0.6452830188679245 0.47368421052631576 0.10566037735849057 0.15789473684210525
1 0.6169811320754717 0.6105263157894737 0.1169811320754717 0.15789473684210525
1 0.5377358490566038 0.6763157894736842 0.16226415094339622 0.15263157894736842
1 0.5622641509433962 0.7973684210526316 0.11320754716981132 0.1736842105263158
1 0.43018867924528303 0.7763157894736842 0.1811320754716981 0.23684210526315788
1 0.1339622641509434 0.6157894736842106 0.1320754716981132 0.2
1 0.16037735849056603 0.5421052631578948 0.1169811320754717 0.25263157894736843
1 0.15471698113207547 0.7263157894736842 0.09811320754716982 0.12631578947368421
1 0.12830188679245283 0.7236842105263158 0.06792452830188679 0.11052631578947368
1 0.16037735849056603 0.8157894736842105 0.10943396226415095 0.08421052631578947
1 0.12641509433962264 0.8315789473684211 0.09433962264150944 0.07368421052631578
1 0.28679245283018867 0.8315789473684211 0.1811320754716981 0.05263157894736842
1 0.2981132075471698 0.8736842105263158 0.2037735849056604 0.042105263157894736
1 0.24528301886792453 0.9078947368421053 0.12830188679245283 0.07894736842105263
1 0.49245283018867925 0.5526315789473685 0.1169811320754717 0.15789473684210525
1 0.5547169811320755 0.4473684210526316 0.09811320754716982 0.1368421052631579
1 0.6283018867924528 0.28421052631578947 0.16981132075471697 0.23157894736842105
1 0.7150943396226415 0.3078947368421053 0.018867924528301886 0.03684210526315789
1 0.5188679245283019 0.3026315789473684 0.04905660377358491 0.08947368421052632
1 0.5018867924528302 0.3868421052631579 0.07547169811320754 0.1
1 0.44528301886792454 0.30526315789473685 0.09811320754716982 0.15789473684210525
1 0.4339622641509434 0.45 0.09056603773584905 0.12105263157894737
1 0.38113207547169814 0.5210526315789473 0.09811320754716982 0.12631578947368421
1 0.4018867924528302 0.6157894736842106 0.09433962264150944 0.09473684210526316
1 0.37924528301886795 0.3105263157894737 0.05660377358490566 0.29473684210526313
1 0.3320754716981132 0.35526315789473684 0.06792452830188679 0.2578947368421053
1 0.23962264150943396 0.7552631578947369 0.07924528301886792 0.11052631578947368
1 0.2811320754716981 0.6947368421052632 0.07169811320754717 0.11578947368421053
1 0.3452830188679245 0.6631578947368421 0.07169811320754717 0.11578947368421053
1 0.30943396226415093 0.7684210526315789 0.06792452830188679 0.10526315789473684
1 0.09622641509433963 0.28157894736842104 0.16981132075471697 0.2789473684210526
1 0.1811320754716981 0.4473684210526316 0.0830188679245283 0.2
1 0.17358490566037735 0.2236842105263158 0.17358490566037735 0.4263157894736842
1 0.31886792452830187 0.2394736842105263 0.16981132075471697 0.46842105263157896
1 0.21509433962264152 0.3394736842105263 0.25660377358490566 0.6578947368421053