1 0.48727272727272725 0.46994535519125685 0.4290909090909091 0.6666666666666666
1 0.9218181818181819 0.5846994535519126 0.14909090909090908 0.5901639344262295
1 0.8909090909090909 0.8989071038251366 0.2109090909090909 0.1912568306010929
1 0.5890909090909091 0.8797814207650273 0.3709090909090909 0.22950819672131148
1 0.27454545454545454 0.9508196721311475 0.1781818181818182 0.08743169398907104
1 0.32181818181818184 0.7568306010928961 0.2727272727272727 0.366120218579235
1 0.7545454545454545 0.5573770491803278 0.2727272727272727 0.5027322404371585
1 0.15818181818181817 0.35792349726775957 0.31636363636363635 0.5519125683060109
1 0.09818181818181818 0.7978142076502732 0.19636363636363635 0.39344262295081966
1 0.7763636363636364 0.1721311475409836 0.44 0.3442622950819672
1 0.42727272727272725 0.1366120218579235 0.3527272727272727 0.273224043715847
1 0.1290909090909091 0.08196721311475409 0.2581818181818182 0.16393442622950818