1 0.09073359073359073 0.22164948453608246 0.18146718146718147 0.2268041237113402
1 0.07142857142857142 0.07731958762886598 0.14285714285714285 0.15463917525773196
1 0.23745173745173745 0.13144329896907217 0.16602316602316602 0.18041237113402062
1 0.25675675675675674 0.18814432989690721 0.14285714285714285 0.08762886597938144
1 0.2606177606177606 0.3118556701030928 0.11196911196911197 0.18041237113402062
1 0.9343629343629344 0.17525773195876287 0.12355212355212356 0.18556701030927836
1 0.9826254826254827 0.26288659793814434 0.02702702702702703 0.05154639175257732
1 0.9555984555984556 0.3427835051546392 0.08108108108108109 0.13917525773195877
1 0.8667953667953668 0.46649484536082475 0.1583011583011583 0.13917525773195877
1 0.9555984555984556 0.44072164948453607 0.08108108108108109 0.08762886597938144
1 0.971042471042471 0.49742268041237114 0.05019305019305019 0.06701030927835051
1 0.9305019305019305 0.5927835051546392 0.13127413127413126 0.1958762886597938
1 0.9362934362934363 0.7835051546391752 0.11969111969111969 0.1958762886597938
1 0.7355212355212355 0.6984536082474226 0.38996138996138996 0.33505154639175255
1 0.7046332046332047 0.8195876288659794 0.4671814671814672 0.21649484536082475
1 0.9131274131274131 0.9252577319587629 0.16602316602316602 0.13917525773195877
1 0.7142857142857143 0.9510309278350515 0.14671814671814673 0.08762886597938144
1 0.4594594594594595 0.8685567010309279 0.0694980694980695 0.19072164948453607
1 0.38996138996138996 0.8634020618556701 0.16216216216216217 0.14948453608247422
1 0.805019305019305 0.5644329896907216 0.1274131274131274 0.11855670103092783
1 0.777992277992278 0.4896907216494845 0.10424710424710425 0.10309278350515463
1 0.7432432432432432 0.4175257731958763 0.10424710424710425 0.08247422680412371
1 0.7142857142857143 0.34536082474226804 0.0694980694980695 0.1134020618556701
1 0.6602316602316602 0.36855670103092786 0.06177606177606178 0.06701030927835051
1 0.6756756756756757 0.4175257731958763 0.0694980694980695 0.061855670103092786
1 0.6332046332046332 0.4587628865979381 0.10810810810810811 0.14432989690721648
1 0.7123552123552124 0.5180412371134021 0.07335907335907337 0.13917525773195877
1 0.5868725868725869 0.48711340206185566 0.10038610038610038 0.08762886597938144
1 0.5617760617760618 0.538659793814433 0.07335907335907337 0.06701030927835051
1 0.5096525096525096 0.49742268041237114 0.10038610038610038 0.14948453608247422
1 0.5328185328185329 0.3917525773195876 0.11583011583011583 0.1134020618556701
1 0.555984555984556 0.31958762886597936 0.08494208494208494 0.12371134020618557
1 0.5868725868725869 0.2551546391752577 0.05405405405405406 0.06701030927835051
1 0.4806949806949807 0.36597938144329895 0.05791505791505792 0.09278350515463918
1 0.8223938223938224 0.17525773195876287 0.12355212355212356 0.10309278350515463
1 0.8397683397683398 0.28865979381443296 0.15057915057915058 0.1958762886597938
1 0.021235521235521235 0.327319587628866 0.04247104247104247 0.10824742268041238
1 0.06177606177606178 0.35309278350515466 0.10038610038610038 0.10824742268041238
1 0.06756756756756757 0.46649484536082475 0.09652509652509653 0.11855670103092783
1 0.017374517374517374 0.4587628865979381 0.03474903474903475 0.15463917525773196
1 0.11196911196911197 0.615979381443299 0.22393822393822393 0.19072164948453607
1 0.0888030888030888 0.6907216494845361 0.1776061776061776 0.20618556701030927
1 0.052123552123552123 0.770618556701031 0.07335907335907337 0.0979381443298969
1 0.11969111969111969 0.8041237113402062 0.08494208494208494 0.061855670103092786
1 0.18146718146718147 0.8118556701030928 0.08494208494208494 0.10824742268041238
1 0.23552123552123552 0.7422680412371134 0.08494208494208494 0.12371134020618557
1 0.3185328185328185 0.7783505154639175 0.09652509652509653 0.1134020618556701
1 0.25868725868725867 0.8170103092783505 0.0694980694980695 0.04639175257731959
1 0.26640926640926643 0.8994845360824743 0.09266409266409266 0.11855670103092783
1 0.1718146718146718 0.904639175257732 0.0888030888030888 0.12886597938144329
1 0.11196911196911197 0.8737113402061856 0.07722007722007722 0.0979381443298969
1 0.05405405405405406 0.9175257731958762 0.08494208494208494 0.10309278350515463
1 0.04054054054054054 0.8505154639175257 0.05791505791505792 0.05154639175257732
1 0.015444015444015444 0.8530927835051546 0.03088803088803089 0.10824742268041238
1 0.6795366795366795 0.18814432989690721 0.18532818532818532 0.37628865979381443
1 0.4691119691119691 0.17525773195876287 0.2972972972972973 0.31958762886597936
1 0.4092664092664093 0.327319587628866 0.07722007722007722 0.10824742268041238
1 0.3938223938223938 0.3865979381443299 0.06177606177606178 0.061855670103092786
1 0.4517374517374517 0.40463917525773196 0.03088803088803089 0.05670103092783505
1 0.3783783783783784 0.46649484536082475 0.09266409266409266 0.0979381443298969
1 0.4498069498069498 0.520618556701031 0.09652509652509653 0.08247422680412371
1 0.44787644787644787 0.45618556701030927 0.06177606177606178 0.07731958762886598
1 0.3185328185328185 0.3865979381443299 0.09652509652509653 0.13402061855670103
1 0.16602316602316602 0.3788659793814433 0.11583011583011583 0.13917525773195877
1 0.20463320463320464 0.4690721649484536 0.1776061776061776 0.09278350515463918
1 0.31467181467181465 0.47680412371134023 0.06563706563706563 0.05670103092783505
1 0.22007722007722008 0.5438144329896907 0.2084942084942085 0.07731958762886598
1 0.22586872586872586 0.6005154639175257 0.08108108108108109 0.06701030927835051
1 0.28378378378378377 0.6082474226804123 0.0888030888030888 0.08247422680412371
1 0.3745173745173745 0.5644329896907216 0.11583011583011583 0.10824742268041238
1 0.39575289575289574 0.6211340206185567 0.25868725868725867 0.14948453608247422
1 0.39768339768339767 0.6701030927835051 0.30115830115830117 0.14432989690721648
1 0.40733590733590735 0.7577319587628866 0.11196911196911197 0.061855670103092786
1 0.42277992277992277 0.7757731958762887 0.11196911196911197 0.14948453608247422