1 0.7153846153846154 0.6572164948453608 0.13076923076923078 0.15979381443298968
1 0.8269230769230769 0.6597938144329897 0.1076923076923077 0.13402061855670103
1 0.8961538461538462 0.7809278350515464 0.16153846153846155 0.17010309278350516
1 0.8711538461538462 0.8530927835051546 0.15 0.15979381443298968
1 0.7826923076923077 0.7654639175257731 0.10384615384615385 0.0979381443298969
1 0.6884615384615385 0.8195876288659794 0.13846153846153847 0.20618556701030927
1 0.6057692307692307 0.8891752577319587 0.16538461538461538 0.14948453608247422
1 0.5653846153846154 0.7474226804123711 0.1 0.16494845360824742
1 0.6153846153846154 0.6778350515463918 0.09230769230769231 0.10824742268041238
1 0.5230769230769231 0.729381443298969 0.07692307692307693 0.11855670103092783
1 0.47115384615384615 0.5567010309278351 0.25 0.17525773195876287
1 0.4596153846153846 0.5824742268041238 0.21153846153846154 0.16494845360824742
1 0.38461538461538464 0.5695876288659794 0.08461538461538462 0.07731958762886598
1 0.36153846153846153 0.5902061855670103 0.08461538461538462 0.07731958762886598
1 0.34615384615384615 0.6237113402061856 0.07692307692307693 0.08247422680412371
1 0.32884615384615384 0.654639175257732 0.05 0.061855670103092786
1 0.3057692307692308 0.7809278350515464 0.31153846153846154 0.3556701030927835
1 0.3730769230769231 0.8865979381443299 0.1 0.14432989690721648
1 0.38076923076923075 0.8170103092783505 0.23076923076923078 0.19072164948453607
1 0.17884615384615385 0.7422680412371134 0.12692307692307692 0.1958762886597938
1 0.27692307692307694 0.6443298969072165 0.09230769230769231 0.1958762886597938
1 0.07692307692307693 0.7628865979381443 0.08461538461538462 0.13402061855670103
1 0.11538461538461539 0.8969072164948454 0.1 0.16494845360824742
1 0.08461538461538462 0.8634020618556701 0.11538461538461539 0.17010309278350516
1 0.6673076923076923 0.3247422680412371 0.38076923076923075 0.6288659793814433