1 0.32280701754385965 0.615819209039548 0.6175438596491228 0.5988700564971752
1 0.25087719298245614 0.5988700564971752 0.24210526315789474 0.327683615819209
1 0.5263157894736842 0.3954802259887006 0.5684210526315789 0.5875706214689266
1 0.7666666666666667 0.7909604519774012 0.23508771929824562 0.4067796610169492
1 0.9403508771929825 0.6807909604519774 0.11228070175438597 0.20903954802259886
1 0.7070175438596491 0.2570621468926554 0.2771929824561403 0.3220338983050847
1 0.8210526315789474 0.3474576271186441 0.3508771929824561 0.5819209039548022
1 0.8298245614035088 0.14689265536723164 0.3333333333333333 0.2824858757062147
1 0.45964912280701753 0.06779661016949153 0.21754385964912282 0.1016949152542373
1 0.11754385964912281 0.3107344632768362 0.23508771929824562 0.4406779661016949
1 0.20350877192982456 0.1384180790960452 0.14035087719298245 0.15254237288135594