1 0.6709090909090909 0.3743169398907104 0.3381818181818182 0.2459016393442623
1 0.6436363636363637 0.6120218579234973 0.6181818181818182 0.31693989071038253
1 0.3981818181818182 0.4180327868852459 0.11272727272727273 0.20218579234972678
1 0.32545454545454544 0.4453551912568306 0.10545454545454545 0.18032786885245902
1 0.3381818181818182 0.7131147540983607 0.11636363636363636 0.21311475409836064
1 0.41454545454545455 0.73224043715847 0.04363636363636364 0.12021857923497267
1 0.3181818181818182 0.587431693989071 0.07636363636363637 0.08196721311475409
1 0.23454545454545456 0.7103825136612022 0.13454545454545455 0.19672131147540983
1 0.21454545454545454 0.7103825136612022 0.13818181818181818 0.24043715846994534
1 0.15636363636363637 0.5191256830601093 0.2690909090909091 0.41530054644808745
1 0.4690909090909091 0.3005464480874317 0.32 0.40437158469945356