1 0.8661971830985915 0.3634020618556701 0.25821596244131456 0.2422680412371134
1 0.5915492957746479 0.29381443298969073 0.24413145539906103 0.16494845360824742
1 0.647887323943662 0.16237113402061856 0.1784037558685446 0.13917525773195877
1 0.8708920187793427 0.6881443298969072 0.24882629107981222 0.22164948453608246
1 0.8591549295774648 0.7963917525773195 0.27230046948356806 0.08762886597938144
1 0.8450704225352113 0.8814432989690721 0.3004694835680751 0.07216494845360824
1 0.5704225352112676 0.8324742268041238 0.24882629107981222 0.15979381443298968
1 0.528169014084507 0.7319587628865979 0.107981220657277 0.10309278350515463
1 0.6009389671361502 0.7345360824742269 0.20657276995305165 0.19072164948453607
1 0.8075117370892019 0.4175257731958763 0.16901408450704225 0.15463917525773196
1 0.5727699530516432 0.5592783505154639 0.40375586854460094 0.4484536082474227
1 0.34976525821596244 0.788659793814433 0.23943661971830985 0.25773195876288657
1 0.1596244131455399 0.8634020618556701 0.26291079812206575 0.0979381443298969
1 0.07746478873239436 0.7139175257731959 0.15492957746478872 0.3247422680412371
1 0.20187793427230047 0.7396907216494846 0.12206572769953052 0.211340206185567
1 0.284037558685446 0.7139175257731959 0.07981220657276995 0.07731958762886598
1 0.27230046948356806 0.5618556701030928 0.5352112676056338 0.1958762886597938
1 0.10093896713615023 0.44072164948453607 0.20187793427230047 0.15979381443298968
1 0.2605633802816901 0.38402061855670105 0.24882629107981222 0.23195876288659795
1 0.3544600938967136 0.4639175257731959 0.29577464788732394 0.21649484536082475
1 0.12441314553990611 0.30412371134020616 0.1267605633802817 0.13402061855670103
1 0.3215962441314554 0.26288659793814434 0.2863849765258216 0.14432989690721648
1 0.4694835680751174 0.13917525773195877 0.1784037558685446 0.13402061855670103
1 0.6690140845070423 0.07474226804123711 0.20187793427230047 0.08762886597938144
1 0.8873239436619719 0.15463917525773196 0.215962441314554 0.17525773195876287
1 0.8661971830985915 0.14948453608247422 0.14553990610328638 0.09278350515463918
1 0.8028169014084507 0.22164948453608246 0.27230046948356806 0.12371134020618557
1 0.7582159624413145 0.14432989690721648 0.09859154929577464 0.061855670103092786
1 0.9671361502347418 0.28865979381443296 0.056338028169014086 0.09278350515463918
1 0.34507042253521125 0.13659793814432988 0.13615023474178403 0.12886597938144329
1 0.49765258215962443 0.4742268041237113 0.9953051643192489 0.8762886597938144