1 0.6202290076335878 0.4192708333333333 0.3549618320610687 0.3489583333333333
1 0.6412213740458015 0.671875 0.4351145038167939 0.3854166666666667
1 0.7690839694656488 0.7291666666666666 0.1183206106870229 0.125
1 0.8416030534351145 0.6380208333333334 0.05725190839694656 0.09895833333333333
1 0.8148854961832062 0.7760416666666666 0.08015267175572519 0.041666666666666664
1 0.7519083969465649 0.8020833333333334 0.08396946564885496 0.0625
1 0.7061068702290076 0.4765625 0.022900763358778626 0.036458333333333336
1 0.6622137404580153 0.4348958333333333 0.04961832061068702 0.036458333333333336
1 0.601145038167939 0.19270833333333334 0.09541984732824428 0.07291666666666667
1 0.37213740458015265 0.8411458333333334 0.08015267175572519 0.09895833333333333
1 0.23282442748091603 0.7786458333333334 0.15267175572519084 0.13020833333333334
1 0.20229007633587787 0.6640625 0.03816793893129771 0.078125
1 0.1297709923664122 0.6666666666666666 0.0916030534351145 0.14583333333333334
1 0.11450381679389313 0.4244791666666667 0.0916030534351145 0.109375
1 0.21755725190839695 0.1796875 0.1450381679389313 0.18229166666666666
1 0.3568702290076336 0.17708333333333334 0.08778625954198473 0.09375
1 0.15076335877862596 0.2864583333333333 0.14885496183206107 0.0625
1 0.21564885496183206 0.4036458333333333 0.2862595419847328 0.24479166666666666
1 0.22519083969465647 0.4375 0.22137404580152673 0.4270833333333333
1 0.32061068702290074 0.5026041666666666 0.2595419847328244 0.4427083333333333
1 0.4198473282442748 0.5338541666666666 0.1297709923664122 0.328125
1 0.49809160305343514 0.5520833333333334 0.07251908396946564 0.041666666666666664
1 0.3931297709923664 0.4921875 0.10687022900763359 0.296875
1 0.2958015267175573 0.5494791666666666 0.12595419847328243 0.18229166666666666
1 0.2919847328244275 0.4453125 0.07251908396946564 0.078125
1 0.3301526717557252 0.4036458333333333 0.04961832061068702 0.11979166666666667
1 0.41412213740458015 0.21614583333333334 0.08778625954198473 0.09895833333333333