1 0.8311111111111111 0.7098214285714286 0.19111111111111112 0.5625
1 0.8788888888888889 0.5133928571428571 0.1622222222222222 0.5446428571428571
1 0.8511111111111112 0.125 0.057777777777777775 0.25
1 0.7622222222222222 0.07589285714285714 0.1288888888888889 0.15178571428571427
1 0.7922222222222223 0.23214285714285715 0.06444444444444444 0.25
1 0.7077777777777777 0.26339285714285715 0.10888888888888888 0.25892857142857145
1 0.6633333333333333 0.10714285714285714 0.1 0.17857142857142858
1 0.6422222222222222 0.04017857142857143 0.08 0.08035714285714286
1 0.5733333333333334 0.049107142857142856 0.07111111111111111 0.09821428571428571
1 0.5455555555555556 0.12053571428571429 0.09111111111111111 0.16964285714285715
1 0.5788888888888889 0.19642857142857142 0.07333333333333333 0.25
1 0.5911111111111111 0.34375 0.12 0.3125
1 0.6466666666666666 0.2767857142857143 0.06222222222222222 0.14285714285714285
1 0.5477777777777778 0.5758928571428571 0.14888888888888888 0.41964285714285715
1 0.6711111111111111 0.7366071428571429 0.21777777777777776 0.5089285714285714
1 0.5255555555555556 0.9508928571428571 0.051111111111111114 0.08035714285714286
1 0.4311111111111111 0.8571428571428571 0.1111111111111111 0.26785714285714285
1 0.43333333333333335 0.6607142857142857 0.1688888888888889 0.375
1 0.3988888888888889 0.45089285714285715 0.06444444444444444 0.09821428571428571
1 0.37222222222222223 0.24107142857142858 0.07333333333333333 0.42857142857142855
1 0.44555555555555554 0.3705357142857143 0.05555555555555555 0.29464285714285715
1 0.48777777777777775 0.27232142857142855 0.09111111111111111 0.24107142857142858
1 0.46 0.09375 0.12 0.1875
1 0.5066666666666667 0.04017857142857143 0.05333333333333334 0.08035714285714286
1 0.4077777777777778 0.049107142857142856 0.051111111111111114 0.09821428571428571
1 0.3488888888888889 0.10267857142857142 0.09333333333333334 0.13392857142857142
1 0.3088888888888889 0.27232142857142855 0.057777777777777775 0.22321428571428573
1 0.4011111111111111 0.22321428571428573 0.08222222222222222 0.17857142857142858
1 0.2477777777777778 0.19196428571428573 0.12222222222222222 0.25892857142857145
1 0.24222222222222223 0.08482142857142858 0.06222222222222222 0.16964285714285715
1 0.3022222222222222 0.05357142857142857 0.05333333333333334 0.10714285714285714
1 0.1988888888888889 0.34375 0.13555555555555557 0.1875
1 0.31 0.44642857142857145 0.11333333333333333 0.21428571428571427
1 0.32666666666666666 0.5669642857142857 0.12444444444444444 0.25892857142857145
1 0.31666666666666665 0.6741071428571429 0.1711111111111111 0.22321428571428573
1 0.3088888888888889 0.7991071428571429 0.16444444444444445 0.1875
1 0.3277777777777778 0.9241071428571429 0.15333333333333332 0.13392857142857142
1 0.19444444444444445 0.9241071428571429 0.18444444444444444 0.13392857142857142
1 0.17444444444444446 0.8303571428571429 0.20666666666666667 0.32142857142857145
1 0.18888888888888888 0.6741071428571429 0.12444444444444444 0.24107142857142858
1 0.08777777777777777 0.65625 0.17555555555555555 0.3125
1 0.07222222222222222 0.8258928571428571 0.14444444444444443 0.24107142857142858
1 0.012222222222222223 0.26339285714285715 0.024444444444444446 0.15178571428571427
1 0.06111111111111111 0.34375 0.03777777777777778 0.08035714285714286
1 0.028888888888888888 0.4330357142857143 0.035555555555555556 0.0625
1 0.08222222222222222 0.4330357142857143 0.02666666666666667 0.09821428571428571
1 0.16333333333333333 0.09375 0.024444444444444446 0.0625
1 0.1322222222222222 0.026785714285714284 0.12222222222222222 0.05357142857142857
1 0.14777777777777779 0.017857142857142856 0.02 0.03571428571428571
1 0.12111111111111111 0.05357142857142857 0.03333333333333333 0.10714285714285714
1 0.14333333333333334 0.125 0.015555555555555555 0.07142857142857142
1 0.12111111111111111 0.16517857142857142 0.028888888888888888 0.11607142857142858
1 0.10444444444444445 0.23660714285714285 0.022222222222222223 0.16964285714285715
1 0.06444444444444444 0.22321428571428573 0.03111111111111111 0.07142857142857142
1 0.06444444444444444 0.12053571428571429 0.035555555555555556 0.08035714285714286
1 0.016666666666666666 0.09821428571428571 0.02 0.10714285714285714
1 0.011111111111111112 0.03571428571428571 0.022222222222222223 0.05357142857142857
1 0.08333333333333333 0.25 0.16666666666666666 0.5