1 0.09636363636363636 0.8387978142076503 0.19272727272727272 0.3114754098360656
1 0.36727272727272725 0.8879781420765027 0.22545454545454546 0.21311475409836064
1 0.5854545454545454 0.8961748633879781 0.2109090909090909 0.19672131147540983
1 0.7909090909090909 0.9617486338797814 0.19272727272727272 0.06557377049180328
1 0.9436363636363636 0.9617486338797814 0.10545454545454545 0.06557377049180328
1 0.1509090909090909 0.4644808743169399 0.2581818181818182 0.3825136612021858
1 0.38545454545454544 0.592896174863388 0.24 0.366120218579235
1 0.22363636363636363 0.76775956284153 0.1781818181818182 0.21311475409836064
1 0.20909090909090908 0.9426229508196722 0.12727272727272726 0.10382513661202186
1 0.54 0.6229508196721312 0.14181818181818182 0.39344262295081966
1 0.6927272727272727 0.7103825136612022 0.16363636363636364 0.31693989071038253
1 0.8618181818181818 0.8333333333333334 0.20363636363636364 0.2568306010928962
1 0.9818181818181818 0.8415300546448088 0.02909090909090909 0.25136612021857924
1 0.8836363636363637 0.5846994535519126 0.2109090909090909 0.32786885245901637
1 0.9672727272727273 0.5191256830601093 0.05818181818181818 0.24043715846994534
1 0.7854545454545454 0.4890710382513661 0.08727272727272728 0.12568306010928962
1 0.7018181818181818 0.5710382513661202 0.16 0.20218579234972678
1 0.6309090909090909 0.40710382513661203 0.21454545454545454 0.2677595628415301
1 0.5054545454545455 0.4180327868852459 0.02909090909090909 0.08196721311475409
1 0.37272727272727274 0.3633879781420765 0.23636363636363636 0.22404371584699453
1 0.038181818181818185 0.43169398907103823 0.07636363636363637 0.34972677595628415
1 0.08 0.11748633879781421 0.16 0.23497267759562843
1 0.038181818181818185 0.226775956284153 0.07636363636363637 0.07103825136612021
1 0.2018181818181818 0.22404371584699453 0.23636363636363636 0.273224043715847
1 0.37454545454545457 0.2185792349726776 0.10909090909090909 0.08743169398907104
1 0.6581818181818182 0.20765027322404372 0.10181818181818182 0.1092896174863388
1 0.8309090909090909 0.2650273224043716 0.24363636363636362 0.3442622950819672
1 0.9781818181818182 0.3224043715846995 0.03636363636363636 0.30601092896174864
1 0.9345454545454546 0.1092896174863388 0.10909090909090909 0.16393442622950818
1 0.9818181818181818 0.05191256830601093 0.02909090909090909 0.10382513661202186
1 0.850909090909091 0.04918032786885246 0.08727272727272728 0.09836065573770492
1 0.7018181818181818 0.07377049180327869 0.21818181818181817 0.14754098360655737
1 0.5309090909090909 0.14754098360655737 0.2109090909090909 0.29508196721311475
1 0.33090909090909093 0.06830601092896176 0.2109090909090909 0.1366120218579235
1 0.19454545454545455 0.05191256830601093 0.09818181818181818 0.10382513661202186
1 0.49818181818181817 0.4972677595628415 0.9963636363636363 0.994535519125683