1 0.8909090909090909 0.7158469945355191 0.18181818181818182 0.28415300546448086
1 0.8727272727272727 0.4016393442622951 0.10909090909090909 0.3114754098360656
1 0.9181818181818182 0.27049180327868855 0.09818181818181818 0.08196721311475409
1 0.7727272727272727 0.10109289617486339 0.15636363636363637 0.20218579234972678
1 0.6945454545454546 0.24316939890710382 0.13090909090909092 0.20218579234972678
1 0.7018181818181818 0.505464480874317 0.21818181818181817 0.3770491803278688
1 0.8090909090909091 0.2540983606557377 0.12727272727272726 0.11475409836065574
1 0.5545454545454546 0.8442622950819673 0.28 0.3005464480874317
1 0.7072727272727273 0.7213114754098361 0.1709090909090909 0.29508196721311475
1 0.8381818181818181 0.855191256830601 0.14909090909090908 0.12568306010928962
1 0.3472727272727273 0.8032786885245902 0.21454545454545454 0.30601092896174864
1 0.11454545454545455 0.21584699453551912 0.19272727272727272 0.3551912568306011
1 0.12727272727272726 0.5327868852459017 0.21818181818181817 0.3005464480874317
1 0.2672727272727273 0.73224043715847 0.2727272727272727 0.19672131147540983
1 0.4218181818181818 0.5136612021857924 0.3781818181818182 0.40437158469945356
1 0.2727272727272727 0.21311475409836064 0.13818181818181818 0.32786885245901637
1 0.3654545454545455 0.07103825136612021 0.28 0.14207650273224043
1 0.49454545454545457 0.1885245901639344 0.3054545454545455 0.2677595628415301
1 0.6054545454545455 0.07650273224043716 0.19272727272727272 0.15300546448087432
1 0.49818181818181817 0.4972677595628415 0.9527272727272728 0.994535519125683