1 0.9666666666666667 0.7708333333333334 0.06 0.24404761904761904
1 0.9833333333333333 0.8898809523809523 0.02666666666666667 0.041666666666666664
1 0.9733333333333334 0.9494047619047619 0.04666666666666667 0.08928571428571429
1 0.9166666666666666 0.8809523809523809 0.08666666666666667 0.15476190476190477
1 0.865 0.9226190476190477 0.14333333333333334 0.14285714285714285
1 0.905 0.6964285714285714 0.12333333333333334 0.21428571428571427
1 0.82 0.8303571428571429 0.08666666666666667 0.22023809523809523
1 0.09166666666666666 0.9226190476190477 0.13 0.14285714285714285
1 0.4066666666666667 0.6041666666666666 0.13333333333333333 0.17261904761904762
1 0.49333333333333335 0.6815476190476191 0.09333333333333334 0.125
1 0.585 0.8184523809523809 0.10333333333333333 0.22023809523809523
1 0.63 0.9285714285714286 0.10666666666666667 0.13095238095238096
1 0.665 0.8541666666666666 0.07 0.10119047619047619
1 0.66 0.7440476190476191 0.14 0.17857142857142858
1 0.54 0.9523809523809523 0.06666666666666667 0.08333333333333333
1 0.49666666666666665 0.8928571428571429 0.07333333333333333 0.14285714285714285
1 0.39666666666666667 0.8333333333333334 0.07333333333333333 0.17857142857142858
1 0.4666666666666667 0.7886904761904762 0.08 0.13690476190476192
1 0.20333333333333334 0.5952380952380952 0.14666666666666667 0.17857142857142858
1 0.165 0.6726190476190477 0.07 0.09523809523809523
1 0.305 0.6279761904761905 0.07 0.16071428571428573
1 0.3333333333333333 0.7142857142857143 0.04666666666666667 0.07142857142857142
1 0.23833333333333334 0.4494047619047619 0.07666666666666666 0.1130952380952381
1 0.32166666666666666 0.46726190476190477 0.09666666666666666 0.18452380952380953
1 0.4116666666666667 0.4226190476190476 0.10333333333333333 0.17857142857142858
1 0.45666666666666667 0.45535714285714285 0.12 0.20833333333333334
1 0.5316666666666666 0.6220238095238095 0.08333333333333333 0.125
1 0.5716666666666667 0.5565476190476191 0.09 0.13690476190476192
1 0.6066666666666667 0.6220238095238095 0.08666666666666667 0.125
1 0.71 0.6488095238095238 0.08 0.13095238095238096
1 0.7433333333333333 0.5267857142857143 0.08666666666666667 0.1488095238095238
1 0.7533333333333333 0.4226190476190476 0.07333333333333333 0.09523809523809523
1 0.7833333333333333 0.3869047619047619 0.05333333333333334 0.10714285714285714
1 0.79 0.2976190476190476 0.05333333333333334 0.13095238095238096
1 0.7983333333333333 0.22321428571428573 0.09 0.1488095238095238
1 0.7316666666666667 0.2976190476190476 0.07666666666666666 0.15476190476190477
1 0.7266666666666667 0.1875 0.04666666666666667 0.08928571428571429
1 0.6716666666666666 0.16071428571428573 0.07666666666666666 0.13095238095238096
1 0.6416666666666667 0.28273809523809523 0.09666666666666666 0.17261904761904762
1 0.655 0.39880952380952384 0.10333333333333333 0.16666666666666666
1 0.3233333333333333 0.3125 0.09333333333333334 0.16071428571428573
1 0.275 0.36904761904761907 0.043333333333333335 0.10714285714285714
1 0.4083333333333333 0.2976190476190476 0.07666666666666666 0.09523809523809523
1 0.4716666666666667 0.2976190476190476 0.07 0.17857142857142858
1 0.5383333333333333 0.30654761904761907 0.10333333333333333 0.16071428571428573
1 0.56 0.18154761904761904 0.08666666666666667 0.125
1 0.605 0.11904761904761904 0.07 0.14285714285714285
1 0.5516666666666666 0.06845238095238096 0.07 0.1130952380952381
1 0.485 0.13095238095238096 0.06333333333333334 0.09523809523809523
1 0.49833333333333335 0.19047619047619047 0.043333333333333335 0.05952380952380952
1 0.43 0.19642857142857142 0.07333333333333333 0.11904761904761904
1 0.38333333333333336 0.13690476190476192 0.07333333333333333 0.10714285714285714
1 0.43666666666666665 0.08333333333333333 0.11333333333333333 0.10714285714285714
1 0.35833333333333334 0.23214285714285715 0.07 0.08333333333333333