1 0.22321428571428573 0.6888888888888889 0.44642857142857145 0.35555555555555557
1 0.5607142857142857 0.7861111111111111 0.6 0.18333333333333332
1 0.5785714285714286 0.675 0.5571428571428572 0.2722222222222222
1 0.5357142857142857 0.5416666666666666 0.5214285714285715 0.2388888888888889
1 0.24107142857142858 0.6444444444444445 0.18214285714285713 0.17777777777777778
1 0.14107142857142857 0.4722222222222222 0.28214285714285714 0.18888888888888888
1 0.2517857142857143 0.3111111111111111 0.3821428571428571 0.24444444444444444
1 0.175 0.10555555555555556 0.06428571428571428 0.2111111111111111
1 0.35535714285714287 0.10555555555555556 0.3107142857142857 0.2111111111111111
1 0.46964285714285714 0.13055555555555556 0.3821428571428571 0.22777777777777777
1 0.5714285714285714 0.22777777777777777 0.4785714285714286 0.28888888888888886
1 0.6535714285714286 0.4166666666666667 0.4714285714285714 0.3888888888888889