1 0.4899665551839465 0.5773809523809523 0.22408026755852842 0.3333333333333333
1 0.6722408026755853 0.4880952380952381 0.16722408026755853 0.35714285714285715
1 0.7842809364548495 0.5476190476190477 0.06354515050167224 0.10714285714285714
1 0.8177257525083612 0.44047619047619047 0.06354515050167224 0.13095238095238096
1 0.8478260869565217 0.5148809523809523 0.056856187290969896 0.125
1 0.8612040133779264 0.43452380952380953 0.030100334448160536 0.05952380952380952
1 0.8946488294314381 0.49404761904761907 0.043478260869565216 0.11904761904761904
1 0.7575250836120402 0.35119047619047616 0.13712374581939799 0.32142857142857145
1 0.6521739130434783 0.15178571428571427 0.2408026755852843 0.30357142857142855
1 0.5301003344481605 0.36904761904761907 0.2040133779264214 0.2976190476190476
1 0.3879598662207358 0.44642857142857145 0.05351170568561873 0.08333333333333333
1 0.41304347826086957 0.30654761904761907 0.0903010033444816 0.17261904761904762
1 0.44648829431438125 0.13392857142857142 0.21070234113712374 0.25595238095238093
1 0.3528428093645485 0.18452380952380953 0.07692307692307693 0.14285714285714285
1 0.32441471571906355 0.31547619047619047 0.0802675585284281 0.13095238095238096
1 0.32274247491638797 0.4226190476190476 0.06354515050167224 0.08333333333333333
1 0.3110367892976589 0.48214285714285715 0.033444816053511704 0.047619047619047616
1 0.34615384615384615 0.5297619047619048 0.05016722408026756 0.10714285714285714
1 0.3076923076923077 0.5625 0.04013377926421405 0.06547619047619048
1 0.35618729096989965 0.6160714285714286 0.03678929765886288 0.06547619047619048
1 0.2809364548494983 0.5059523809523809 0.046822742474916385 0.14285714285714285
1 0.205685618729097 0.23511904761904762 0.15719063545150502 0.3869047619047619
1 0.2591973244147157 0.37202380952380953 0.056856187290969896 0.10119047619047619
1 0.2157190635451505 0.4017857142857143 0.06354515050167224 0.07738095238095238
1 0.18227424749163879 0.4523809523809524 0.05016722408026756 0.07142857142857142
1 0.19899665551839466 0.49107142857142855 0.056856187290969896 0.08928571428571429
1 0.23578595317725753 0.49404761904761907 0.03678929765886288 0.08333333333333333
1 0.18394648829431437 0.5892857142857143 0.04013377926421405 0.11904761904761904
1 0.15384615384615385 0.5922619047619048 0.026755852842809364 0.10119047619047619
1 0.14046822742474915 0.5059523809523809 0.06020066889632107 0.05952380952380952
1 0.27424749163879597 0.09226190476190477 0.04013377926421405 0.06547619047619048
1 0.2959866220735786 0.05357142857142857 0.030100334448160536 0.047619047619047616
1 0.30267558528428096 0.1488095238095238 0.043478260869565216 0.08333333333333333
1 0.25585284280936454 0.1636904761904762 0.03678929765886288 0.07738095238095238
1 0.23745819397993312 0.08630952380952381 0.04013377926421405 0.06547619047619048
1 0.14046822742474915 0.19345238095238096 0.15384615384615385 0.3869047619047619
1 0.36789297658862874 0.05654761904761905 0.12040133779264214 0.1130952380952381
1 0.3528428093645485 0.06845238095238096 0.030100334448160536 0.10119047619047619