1 0.859073359073359 0.6881443298969072 0.1274131274131274 0.17010309278350516
1 0.8938223938223938 0.48195876288659795 0.13513513513513514 0.14948453608247422
1 0.7818532818532818 0.07989690721649484 0.16602316602316602 0.15979381443298968
1 0.8648648648648649 0.13917525773195877 0.11583011583011583 0.10309278350515463
1 0.8359073359073359 0.2345360824742268 0.15057915057915058 0.18041237113402062
1 0.7857142857142857 0.4020618556701031 0.15057915057915058 0.17525773195876287
1 0.8745173745173745 0.36082474226804123 0.05019305019305019 0.08247422680412371
1 0.7953667953667953 0.5798969072164949 0.08494208494208494 0.18041237113402062
1 0.7374517374517374 0.5876288659793815 0.138996138996139 0.16494845360824742
1 0.6698841698841699 0.6881443298969072 0.14285714285714285 0.15979381443298968
1 0.640926640926641 0.5231958762886598 0.13127413127413126 0.15979381443298968
1 0.581081081081081 0.45103092783505155 0.08108108108108109 0.0979381443298969
1 0.7277992277992278 0.4742268041237113 0.08108108108108109 0.08247422680412371
1 0.7258687258687259 0.28350515463917525 0.09266409266409266 0.09278350515463918
1 0.6505791505791506 0.35309278350515466 0.14285714285714285 0.19072164948453607
1 0.5521235521235521 0.20103092783505155 0.14671814671814673 0.23711340206185566
1 0.47297297297297297 0.38144329896907214 0.15057915057915058 0.25773195876288657
1 0.5328185328185329 0.6056701030927835 0.16216216216216217 0.211340206185567
1 0.3783783783783784 0.5747422680412371 0.14671814671814673 0.27319587628865977
1 0.3861003861003861 0.7448453608247423 0.138996138996139 0.12886597938144329
1 0.4922779922779923 0.8195876288659794 0.11969111969111969 0.1958762886597938
1 0.832046332046332 0.8221649484536082 0.2277992277992278 0.34536082474226804
1 0.693050193050193 0.9716494845360825 0.11969111969111969 0.04639175257731959
1 0.7818532818532818 0.9484536082474226 0.06563706563706563 0.09278350515463918
1 0.5965250965250966 0.8788659793814433 0.38223938223938225 0.23195876288659795
1 0.3687258687258687 0.8969072164948454 0.13513513513513514 0.13402061855670103
1 0.3281853281853282 0.8479381443298969 0.12355212355212356 0.07731958762886598
1 0.25675675675675674 0.6237113402061856 0.0888030888030888 0.13402061855670103
1 0.2915057915057915 0.6778350515463918 0.07335907335907337 0.07731958762886598
1 0.20270270270270271 0.7757731958762887 0.14285714285714285 0.22164948453608246
1 0.305019305019305 0.7628865979381443 0.06177606177606178 0.10309278350515463
1 0.25675675675675674 0.9072164948453608 0.07335907335907337 0.10309278350515463
1 0.16795366795366795 0.904639175257732 0.11196911196911197 0.11855670103092783
1 0.12934362934362933 0.7731958762886598 0.05791505791505792 0.14432989690721648
1 0.18146718146718147 0.6185567010309279 0.0694980694980695 0.10309278350515463
1 0.21621621621621623 0.5231958762886598 0.10810810810810811 0.13917525773195877
1 0.14864864864864866 0.5103092783505154 0.08108108108108109 0.1134020618556701
1 0.09845559845559845 0.4020618556701031 0.11196911196911197 0.10309278350515463
1 0.059845559845559844 0.48195876288659795 0.11196911196911197 0.11855670103092783
1 0.09652509652509653 0.6005154639175257 0.11583011583011583 0.11855670103092783
1 0.12162162162162163 0.6881443298969072 0.05791505791505792 0.05670103092783505
1 0.052123552123552123 0.7396907216494846 0.10424710424710425 0.15979381443298968
1 0.06563706563706563 0.8530927835051546 0.11583011583011583 0.11855670103092783
1 0.03667953667953668 0.6005154639175257 0.04247104247104247 0.11855670103092783
1 0.3996138996138996 0.13659793814432988 0.24324324324324326 0.25257731958762886
1 0.6525096525096525 0.14690721649484537 0.23166023166023167 0.20103092783505155
1 0.3204633204633205 0.14948453608247422 0.23166023166023167 0.29896907216494845
1 0.3088803088803089 0.1958762886597938 0.19305019305019305 0.27835051546391754
1 0.23938223938223938 0.13402061855670103 0.12355212355212356 0.17525773195876287
1 0.25675675675675674 0.2036082474226804 0.28957528957528955 0.3865979381443299
1 0.222007722007722 0.22938144329896906 0.25868725868725867 0.36597938144329895
1 0.38223938223938225 0.4175257731958763 0.06177606177606178 0.061855670103092786
1 0.09652509652509653 0.12371134020618557 0.10810810810810811 0.16494845360824742
1 0.22586872586872586 0.29381443298969073 0.20463320463320464 0.36082474226804123
1 0.16795366795366795 0.30670103092783507 0.28957528957528955 0.4484536082474227
1 0.10617760617760617 0.2706185567010309 0.1274131274131274 0.15979381443298968
1 0.15057915057915058 0.35309278350515466 0.16216216216216217 0.20103092783505155