1 0.6862745098039216 0.10121457489878542 0.2647058823529412 0.19433198380566802
1 0.8700980392156863 0.14979757085020243 0.1323529411764706 0.09716599190283401
1 0.9558823529411765 0.1214574898785425 0.0784313725490196 0.145748987854251
1 0.16911764705882354 0.20040485829959515 0.3382352941176471 0.2631578947368421
1 0.4534313725490196 0.23684210526315788 0.29901960784313725 0.20647773279352227
1 0.7230392156862745 0.2793522267206478 0.25 0.21862348178137653
1 0.9215686274509803 0.2611336032388664 0.14705882352941177 0.1659919028340081
1 0.5318627450980392 0.4230769230769231 0.3382352941176471 0.1902834008097166
1 0.2696078431372549 0.3319838056680162 0.3235294117647059 0.17813765182186234
1 0.24019607843137256 0.4898785425101215 0.3137254901960784 0.17813765182186234
1 0.0661764705882353 0.3967611336032389 0.1323529411764706 0.17813765182186234
1 0.0196078431372549 0.5101214574898786 0.0392156862745098 0.05668016194331984
1 0.049019607843137254 0.5344129554655871 0.06862745098039216 0.06477732793522267
1 0.09558823529411764 0.5607287449392713 0.04411764705882353 0.03643724696356275
1 0.0392156862745098 0.582995951417004 0.0784313725490196 0.04048582995951417
1 0.03676470588235294 0.6437246963562753 0.07352941176470588 0.0728744939271255
1 0.09068627450980392 0.6133603238866396 0.06372549019607843 0.06072874493927125
1 0.11274509803921569 0.6680161943319838 0.0784313725490196 0.05668016194331984
1 0.04411764705882353 0.7125506072874493 0.08823529411764706 0.0728744939271255
1 0.20098039215686275 0.659919028340081 0.09803921568627451 0.09716599190283401
1 0.1642156862745098 0.5991902834008097 0.11274509803921569 0.08906882591093117
1 0.2916666666666667 0.6214574898785425 0.1323529411764706 0.0931174089068826
1 0.21323529411764705 0.8987854251012146 0.4264705882352941 0.19433198380566802
1 0.2818627450980392 0.7004048582995951 0.07352941176470588 0.06477732793522267
1 0.37254901960784315 0.7064777327935222 0.12745098039215685 0.10121457489878542
1 0.4068627450980392 0.6295546558704453 0.09803921568627451 0.06882591093117409
1 0.37745098039215685 0.582995951417004 0.06862745098039216 0.032388663967611336
1 0.4950980392156863 0.597165991902834 0.10784313725490197 0.10121457489878542
1 0.46568627450980393 0.5425101214574899 0.10784313725490197 0.08097165991902834
1 0.47549019607843135 0.4898785425101215 0.11764705882352941 0.048582995951417005
1 0.5073529411764706 0.6700404858299596 0.1323529411764706 0.0931174089068826
1 0.5857843137254902 0.7267206477732794 0.12254901960784313 0.10931174089068826
1 0.49754901960784315 0.7732793522267206 0.11274509803921569 0.09716599190283401
1 0.6004901960784313 0.8036437246963563 0.10294117647058823 0.06072874493927125
1 0.47549019607843135 0.8623481781376519 0.16666666666666666 0.10526315789473684
1 0.38480392156862747 0.7955465587044535 0.10294117647058823 0.08502024291497975
1 0.39705882352941174 0.8663967611336032 0.06862745098039216 0.05668016194331984
1 0.28921568627450983 0.7834008097165992 0.09803921568627451 0.08502024291497975
1 0.0661764705882353 0.7631578947368421 0.07352941176470588 0.044534412955465584
1 0.821078431372549 0.4008097165991903 0.09313725490196079 0.09716599190283401
1 0.9068627450980392 0.39271255060728744 0.08823529411764706 0.08906882591093117
1 0.946078431372549 0.35020242914979755 0.09803921568627451 0.07692307692307693
1 0.7573529411764706 0.39271255060728744 0.06372549019607843 0.08906882591093117
1 0.7794117647058824 0.46356275303643724 0.058823529411764705 0.05263157894736842
1 0.9558823529411765 0.47368421052631576 0.0784313725490196 0.08906882591093117
1 0.9264705882352942 0.5748987854251012 0.08823529411764706 0.08097165991902834
1 0.8799019607843137 0.47368421052631576 0.08333333333333333 0.06477732793522267
1 0.7132352941176471 0.4352226720647773 0.07352941176470588 0.05263157894736842
1 0.6740196078431373 0.4574898785425101 0.07352941176470588 0.06477732793522267
1 0.6029411764705882 0.4534412955465587 0.06862745098039216 0.05668016194331984
1 0.6151960784313726 0.49190283400809715 0.07352941176470588 0.05263157894736842
1 0.6862745098039216 0.52834008097166 0.0784313725490196 0.06072874493927125
1 0.7401960784313726 0.4959514170040486 0.049019607843137254 0.05263157894736842
1 0.5612745098039216 0.5141700404858299 0.04411764705882353 0.048582995951417005
1 0.6127450980392157 0.5344129554655871 0.058823529411764705 0.032388663967611336
1 0.5833333333333334 0.5769230769230769 0.0784313725490196 0.05263157894736842
1 0.6593137254901961 0.5850202429149798 0.06372549019607843 0.06882591093117409
1 0.7377450980392157 0.5910931174089069 0.09313725490196079 0.08097165991902834
1 0.7622549019607843 0.5465587044534413 0.05392156862745098 0.048582995951417005
1 0.8259803921568627 0.5546558704453441 0.06372549019607843 0.06477732793522267
1 0.8406862745098039 0.6012145748987854 0.08333333333333333 0.05263157894736842
1 0.7818627450980392 0.631578947368421 0.06372549019607843 0.048582995951417005
1 0.7132352941176471 0.6740890688259109 0.06372549019607843 0.07692307692307693
1 0.6764705882352942 0.6174089068825911 0.058823529411764705 0.03643724696356275
1 0.6372549019607843 0.659919028340081 0.09803921568627451 0.06477732793522267
1 0.5857843137254902 0.6295546558704453 0.05392156862745098 0.05263157894736842
1 0.803921568627451 0.6963562753036437 0.09803921568627451 0.0728744939271255
1 0.8848039215686274 0.6619433198380567 0.10294117647058823 0.05263157894736842
1 0.9117647058823529 0.631578947368421 0.049019607843137254 0.032388663967611336
1 0.9509803921568627 0.6882591093117408 0.08823529411764706 0.06477732793522267
1 0.9583333333333334 0.7449392712550608 0.07352941176470588 0.048582995951417005
1 0.9534313725490197 0.7975708502024291 0.08333333333333333 0.05668016194331984
1 0.6764705882352942 0.7145748987854251 0.058823529411764705 0.044534412955465584
1 0.7156862745098039 0.728744939271255 0.0392156862745098 0.032388663967611336
1 0.7843137254901961 0.7348178137651822 0.0784313725490196 0.06072874493927125
1 0.7524509803921569 0.7753036437246964 0.08333333333333333 0.06882591093117409
1 0.6887254901960784 0.7651821862348178 0.08333333333333333 0.05668016194331984
1 0.7009803921568627 0.8137651821862348 0.0784313725490196 0.06477732793522267
1 0.8259803921568627 0.7753036437246964 0.07352941176470588 0.03643724696356275
1 0.8357843137254902 0.8218623481781376 0.08333333333333333 0.048582995951417005
1 0.8627450980392157 0.8704453441295547 0.0784313725490196 0.0728744939271255
1 0.9117647058823529 0.9149797570850202 0.0784313725490196 0.06477732793522267
1 0.9485294117647058 0.9311740890688259 0.09313725490196079 0.12955465587044535
1 0.8112745098039216 0.9149797570850202 0.09313725490196079 0.08097165991902834
1 0.7867647058823529 0.8582995951417004 0.08333333333333333 0.05668016194331984
1 0.7254901960784313 0.8805668016194332 0.08823529411764706 0.06882591093117409
1 0.6813725490196079 0.9149797570850202 0.08823529411764706 0.06477732793522267
1 0.7549019607843137 0.9534412955465587 0.058823529411764705 0.06882591093117409
1 0.7034313725490197 0.9635627530364372 0.07352941176470588 0.05668016194331984
1 0.6151960784313726 0.8704453441295547 0.09313725490196079 0.0728744939271255
1 0.5833333333333334 0.9271255060728745 0.09803921568627451 0.0728744939271255
1 0.5318627450980392 0.8906882591093117 0.06372549019607843 0.048582995951417005
1 0.4803921568627451 0.9473684210526315 0.10784313725490197 0.06477732793522267
1 0.5784313725490197 0.9736842105263158 0.0784313725490196 0.044534412955465584
1 0.6495098039215687 0.9777327935222672 0.06372549019607843 0.03643724696356275
1 0.49754901960784315 0.9858299595141701 0.07352941176470588 0.020242914979757085
1 0.4264705882352941 0.9777327935222672 0.058823529411764705 0.03643724696356275
1 0.125 0.8623481781376519 0.25 0.26720647773279355