1 0.888030888030888 0.9329896907216495 0.11583011583011583 0.12371134020618557
1 0.9671814671814671 0.9407216494845361 0.05791505791505792 0.10824742268041238
1 0.9613899613899614 0.8427835051546392 0.0694980694980695 0.12886597938144329
1 0.9073359073359073 0.8221649484536082 0.08494208494208494 0.10824742268041238
1 0.8262548262548263 0.9097938144329897 0.09266409266409266 0.12886597938144329
1 0.8185328185328186 0.7731958762886598 0.10038610038610038 0.17525773195876287
1 0.7934362934362934 0.6391752577319587 0.15057915057915058 0.17525773195876287
1 0.8957528957528957 0.615979381443299 0.05405405405405406 0.0979381443298969
1 0.8861003861003861 0.7061855670103093 0.06563706563706563 0.12371134020618557
1 0.9305019305019305 0.7268041237113402 0.03861003861003861 0.10309278350515463
1 0.7606177606177607 0.5335051546391752 0.09266409266409266 0.10824742268041238
1 0.7876447876447876 0.43556701030927836 0.15444015444015444 0.15979381443298968
1 0.9054054054054054 0.43041237113402064 0.18146718146718147 0.27319587628865977
1 0.9594594594594594 0.6082474226804123 0.07335907335907337 0.1134020618556701
1 0.9652509652509652 0.7164948453608248 0.06177606177606178 0.13402061855670103
1 0.805019305019305 0.23711340206185566 0.11196911196911197 0.14432989690721648
1 0.8976833976833977 0.2654639175257732 0.11196911196911197 0.13917525773195877
1 0.9613899613899614 0.25 0.0694980694980695 0.10824742268041238
1 0.6776061776061776 0.5180412371134021 0.06563706563706563 0.13917525773195877
1 0.8513513513513513 0.1056701030927835 0.28957528957528955 0.211340206185567
1 0.9652509652509652 0.08762886597938144 0.06177606177606178 0.16494845360824742
1 0.5965250965250966 0.3479381443298969 0.1274131274131274 0.17010309278350516
1 0.6351351351351351 0.43041237113402064 0.05791505791505792 0.08762886597938144
1 0.637065637065637 0.48195876288659795 0.04633204633204633 0.06701030927835051
1 0.581081081081081 0.4484536082474227 0.05791505791505792 0.12371134020618557
1 0.640926640926641 0.5309278350515464 0.03861003861003861 0.041237113402061855
1 0.5154440154440154 0.36597938144329895 0.0888030888030888 0.14432989690721648
1 0.5019305019305019 0.4896907216494845 0.10810810810810811 0.17525773195876287
1 0.5868725868725869 0.5670103092783505 0.11583011583011583 0.13402061855670103
1 0.6602316602316602 0.6443298969072165 0.08494208494208494 0.12371134020618557
1 0.5386100386100386 0.6572164948453608 0.10424710424710425 0.15979381443298968
1 0.5965250965250966 0.6907216494845361 0.05019305019305019 0.1134020618556701
1 0.7162162162162162 0.8762886597938144 0.13513513513513514 0.17525773195876287
1 0.7625482625482626 0.9639175257731959 0.09652509652509653 0.061855670103092786
1 0.7084942084942085 0.770618556701031 0.14285714285714285 0.15979381443298968
1 0.7084942084942085 0.5618556701030928 0.10424710424710425 0.23711340206185566
1 0.5772200772200772 0.7809278350515464 0.10424710424710425 0.10824742268041238
1 0.5907335907335908 0.8943298969072165 0.22393822393822393 0.20103092783505155
1 0.42277992277992277 0.9355670103092784 0.1274131274131274 0.11855670103092783
1 0.43243243243243246 0.8092783505154639 0.09266409266409266 0.12371134020618557
1 0.4806949806949807 0.7396907216494846 0.11969111969111969 0.10824742268041238
1 0.4362934362934363 0.6314432989690721 0.138996138996139 0.13917525773195877
1 0.3861003861003861 0.5180412371134021 0.13127413127413126 0.12886597938144329
1 0.28957528957528955 0.4690721649484536 0.07722007722007722 0.09278350515463918
1 0.2644787644787645 0.5567010309278351 0.10424710424710425 0.15463917525773196
1 0.305019305019305 0.6262886597938144 0.11583011583011583 0.18041237113402062
1 0.3590733590733591 0.7087628865979382 0.138996138996139 0.19072164948453607
1 0.3030888030888031 0.8479381443298969 0.14285714285714285 0.15979381443298968
1 0.36293436293436293 0.9149484536082474 0.0694980694980695 0.13917525773195877
1 0.26833976833976836 0.9458762886597938 0.14285714285714285 0.0979381443298969
1 0.22972972972972974 0.7448453608247423 0.09652509652509653 0.14948453608247422
1 0.22586872586872586 0.6082474226804123 0.05019305019305019 0.12371134020618557
1 0.1640926640926641 0.6752577319587629 0.07335907335907337 0.13402061855670103
1 0.5115830115830116 0.07216494845360824 0.1583011583011583 0.14432989690721648
1 0.5424710424710425 0.2190721649484536 0.13513513513513514 0.14948453608247422
1 0.24517374517374518 0.041237113402061855 0.09652509652509653 0.08247422680412371
1 0.3918918918918919 0.04381443298969072 0.10424710424710425 0.08762886597938144
1 0.36293436293436293 0.07989690721649484 0.06177606177606178 0.08762886597938144
1 0.42277992277992277 0.14690721649484537 0.07335907335907337 0.10824742268041238
1 0.43243243243243246 0.2422680412371134 0.08494208494208494 0.14432989690721648
1 0.3532818532818533 0.21649484536082475 0.07335907335907337 0.18556701030927836
1 0.30694980694980695 0.12371134020618557 0.06563706563706563 0.10309278350515463
1 0.3127413127413127 0.22938144329896906 0.03861003861003861 0.08762886597938144
1 0.4594594594594595 0.327319587628866 0.03861003861003861 0.13917525773195877
1 0.5984555984555985 0.030927835051546393 0.03088803088803089 0.030927835051546393
1 0.6274131274131274 0.04381443298969072 0.03474903474903475 0.03608247422680412
1 0.6274131274131274 0.09536082474226804 0.02702702702702703 0.03608247422680412
1 0.6061776061776062 0.09278350515463918 0.023166023166023165 0.041237113402061855
1 0.6621621621621622 0.11597938144329897 0.03474903474903475 0.04639175257731959
1 0.693050193050193 0.1056701030927835 0.02702702702702703 0.03608247422680412
1 0.6988416988416989 0.14432989690721648 0.03088803088803089 0.05154639175257732
1 0.6602316602316602 0.16494845360824742 0.04633204633204633 0.05154639175257732
1 0.6254826254826255 0.12628865979381443 0.03088803088803089 0.03608247422680412
1 0.6023166023166023 0.13144329896907217 0.023166023166023165 0.03608247422680412
1 0.6158301158301158 0.17268041237113402 0.03474903474903475 0.04639175257731959
1 0.6505791505791506 0.21649484536082475 0.04247104247104247 0.061855670103092786
1 0.6216216216216216 0.21391752577319587 0.023166023166023165 0.03608247422680412
1 0.696911196911197 0.20103092783505155 0.03474903474903475 0.05154639175257732
1 0.7335907335907336 0.18814432989690721 0.03861003861003861 0.05670103092783505
1 0.6988416988416989 0.25257731958762886 0.03861003861003861 0.041237113402061855
1 0.7297297297297297 0.24484536082474226 0.03088803088803089 0.05670103092783505
1 0.6602316602316602 0.2809278350515464 0.03861003861003861 0.04639175257731959
1 0.6274131274131274 0.2706185567010309 0.03474903474903475 0.04639175257731959
1 0.6814671814671814 0.33505154639175255 0.05019305019305019 0.07216494845360824
1 0.7258687258687259 0.3015463917525773 0.04633204633204633 0.04639175257731959
1 0.7586872586872587 0.3015463917525773 0.03474903474903475 0.04639175257731959
1 0.7683397683397684 0.33505154639175255 0.03861003861003861 0.041237113402061855
1 0.7239382239382239 0.35051546391752575 0.06563706563706563 0.05154639175257732
1 0.6795366795366795 0.38144329896907214 0.03088803088803089 0.030927835051546393
1 0.21428571428571427 0.1211340206185567 0.11969111969111969 0.05670103092783505
1 0.1833976833976834 0.15979381443298968 0.11969111969111969 0.08247422680412371
1 0.25868725868725867 0.18298969072164947 0.03861003861003861 0.06701030927835051
1 0.2413127413127413 0.2422680412371134 0.05791505791505792 0.07216494845360824
1 0.2972972972972973 0.2809278350515464 0.06177606177606178 0.08762886597938144
1 0.17567567567567569 0.20103092783505155 0.07335907335907337 0.07216494845360824
1 0.14285714285714285 0.25 0.11583011583011583 0.19072164948453607
1 0.22393822393822393 0.34536082474226804 0.06177606177606178 0.061855670103092786
1 0.2471042471042471 0.3170103092783505 0.0694980694980695 0.0979381443298969
1 0.26640926640926643 0.37628865979381443 0.13127413127413126 0.061855670103092786
1 0.09845559845559845 0.22164948453608246 0.11969111969111969 0.20618556701030927
1 0.13320463320463322 0.5128865979381443 0.11196911196911197 0.08762886597938144
1 0.019305019305019305 0.25773195876288657 0.03861003861003861 0.05154639175257732
1 0.2413127413127413 0.44587628865979384 0.15057915057915058 0.12886597938144329
1 0.0888030888030888 0.30927835051546393 0.11583011583011583 0.25773195876288657
1 0.1718146718146718 0.42010309278350516 0.11196911196911197 0.11855670103092783
1 0.12162162162162163 0.43556701030927836 0.04247104247104247 0.04639175257731959
1 0.09073359073359073 0.44587628865979384 0.03474903474903475 0.04639175257731959
1 0.0694980694980695 0.42010309278350516 0.03861003861003861 0.04639175257731959
1 0.05791505791505792 0.37628865979381443 0.04633204633204633 0.041237113402061855
1 0.0637065637065637 0.5438144329896907 0.04247104247104247 0.04639175257731959
1 0.21235521235521235 0.8711340206185567 0.05405405405405406 0.061855670103092786
1 0.18532818532818532 0.9123711340206185 0.05405405405405406 0.061855670103092786
1 0.16795366795366795 0.8479381443298969 0.04247104247104247 0.05670103092783505
1 0.138996138996139 0.8324742268041238 0.0694980694980695 0.07731958762886598
1 0.10231660231660232 0.7912371134020618 0.04247104247104247 0.06701030927835051
1 0.14092664092664092 0.7680412371134021 0.05019305019305019 0.061855670103092786
1 0.10424710424710425 0.9097938144329897 0.05405405405405406 0.05670103092783505
1 0.05791505791505792 0.8737113402061856 0.06177606177606178 0.06701030927835051
1 0.0945945945945946 0.865979381443299 0.02702702702702703 0.020618556701030927
1 0.013513513513513514 0.8530927835051546 0.02702702702702703 0.07731958762886598
1 0.052123552123552123 0.8273195876288659 0.05019305019305019 0.02577319587628866
1 0.03088803088803089 0.788659793814433 0.06177606177606178 0.05154639175257732
1 0.06563706563706563 0.7603092783505154 0.05405405405405406 0.06701030927835051
1 0.07528957528957529 0.7216494845360825 0.04247104247104247 0.05154639175257732
1 0.1138996138996139 0.7087628865979382 0.04247104247104247 0.07731958762886598
1 0.02702702702702703 0.7242268041237113 0.05405405405405406 0.07731958762886598
1 0.0444015444015444 0.6649484536082474 0.04247104247104247 0.061855670103092786
1 0.059845559845559844 0.6365979381443299 0.03474903474903475 0.04639175257731959
1 0.09845559845559845 0.654639175257732 0.04247104247104247 0.05154639175257732
1 0.013513513513513514 0.6572164948453608 0.02702702702702703 0.07731958762886598
1 0.059845559845559844 0.5902061855670103 0.03474903474903475 0.04639175257731959
1 0.025096525096525095 0.520618556701031 0.05019305019305019 0.061855670103092786
1 0.007722007722007722 0.5438144329896907 0.015444015444015444 0.06701030927835051
1 0.05791505791505792 0.5077319587628866 0.03088803088803089 0.02577319587628866