1 0.3814713896457766 0.49635036496350365 0.5776566757493188 0.9927007299270073
1 0.6403269754768393 0.8211678832116789 0.01634877384196185 0.06569343065693431
1 0.6607629427792916 0.791970802919708 0.013623978201634877 0.051094890510948905
1 0.6839237057220708 0.8284671532846716 0.0326975476839237 0.051094890510948905
1 0.8365122615803815 0.058394160583941604 0.043596730245231606 0.072992700729927
1 0.8147138964577657 0.7554744525547445 0.027247956403269755 0.051094890510948905
1 0.9632152588555858 0.9452554744525548 0.01907356948228883 0.051094890510948905
1 0.027247956403269755 0.1678832116788321 0.05449591280653951 0.20437956204379562
1 0.9155313351498637 0.4124087591240876 0.16348773841961853 0.3284671532846715
1 0.9209809264305178 0.5693430656934306 0.15258855585831063 0.30656934306569344
1 0.8010899182561307 0.22627737226277372 0.2779291553133515 0.3795620437956204
1 0.04632152588555858 0.6313868613138686 0.09264305177111716 0.44525547445255476
1 0.051771117166212535 0.3357664233576642 0.10354223433242507 0.1897810218978102
1 0.0776566757493188 0.051094890510948905 0.1553133514986376 0.10218978102189781
1 0.07493188010899182 0.12773722627737227 0.11171662125340599 0.12408759124087591
1 0.8351498637602179 0.6788321167883211 0.1553133514986376 0.17518248175182483