1 0.6327272727272727 0.45901639344262296 0.14545454545454545 0.28415300546448086
1 0.74 0.5683060109289617 0.13454545454545455 0.22950819672131148
1 0.76 0.7595628415300546 0.18181818181818182 0.17486338797814208
1 0.6890909090909091 0.8743169398907104 0.12 0.09836065573770492
1 0.5763636363636364 0.7185792349726776 0.26545454545454544 0.3442622950819672
1 0.5 0.8879781420765027 0.16363636363636364 0.08196721311475409
1 0.3563636363636364 0.8633879781420765 0.20363636363636364 0.14207650273224043
1 0.35454545454545455 0.6530054644808743 0.21454545454545454 0.3551912568306011
1 0.4672727272727273 0.4781420765027322 0.21454545454545454 0.2677595628415301
1 0.5218181818181818 0.4972677595628415 0.8472727272727273 0.994535519125683
1 0.9236363636363636 0.505464480874317 0.14545454545454545 0.6174863387978142
1 0.12545454545454546 0.5846994535519126 0.2509090909090909 0.6557377049180327