1 0.25697211155378485 0.9129353233830846 0.38645418326693226 0.15422885572139303
1 0.5637450199203188 0.8855721393034826 0.28286852589641437 0.21890547263681592
1 0.2749003984063745 0.7263681592039801 0.1752988047808765 0.26865671641791045
1 0.11155378486055777 0.7835820895522388 0.22310756972111553 0.4228855721393035
1 0.2749003984063745 0.5870646766169154 0.1752988047808765 0.1791044776119403
1 0.04183266932270916 0.6069651741293532 0.08366533864541832 0.14925373134328357
1 0.10159362549800798 0.43034825870646765 0.11553784860557768 0.2835820895522388
1 0.08964143426294821 0.3482587064676617 0.027888446215139442 0.09950248756218906
1 0.06772908366533864 0.4527363184079602 0.03187250996015936 0.11940298507462686
1 0.1892430278884462 0.5 0.13147410358565736 0.17412935323383086
1 0.5517928286852589 0.7860696517412935 0.4262948207171315 0.10945273631840796
1 0.7450199203187251 0.9378109452736318 0.0398406374501992 0.05472636815920398
1 0.7729083665338645 0.9079601990049752 0.03187250996015936 0.04477611940298507
1 0.8067729083665338 0.8980099502487562 0.027888446215139442 0.03482587064676617
1 0.8386454183266933 0.8681592039800995 0.0199203187250996 0.024875621890547265
1 0.7330677290836654 0.8781094527363185 0.0398406374501992 0.06467661691542288
1 0.7191235059760956 0.9154228855721394 0.035856573705179286 0.03980099502487562
1 0.6992031872509961 0.9303482587064676 0.0199203187250996 0.04975124378109453
1 0.6852589641434262 0.8781094527363185 0.02390438247011952 0.04477611940298507
1 0.952191235059761 0.6716417910447762 0.08764940239043825 0.27860696517412936
1 0.8844621513944223 0.44776119402985076 0.22310756972111553 0.527363184079602
1 0.896414342629482 0.8084577114427861 0.10358565737051793 0.14427860696517414
1 0.8625498007968128 0.7139303482587065 0.05179282868525897 0.05472636815920398
1 0.7908366533864541 0.7935323383084577 0.10756972111553785 0.16417910447761194
1 0.848605577689243 0.9577114427860697 0.08764940239043825 0.07462686567164178
1 0.8286852589641435 0.9228855721393034 0.14342629482071714 0.14427860696517414
1 0.7888446215139442 0.9253731343283582 0.1593625498007968 0.13930348258706468
1 0.7091633466135459 0.6393034825870647 0.12749003984063745 0.21393034825870647
1 0.5278884462151394 0.6791044776119403 0.3386454183266932 0.12437810945273632
1 0.5597609561752988 0.527363184079602 0.1952191235059761 0.26865671641791045
1 0.4043824701195219 0.5845771144278606 0.17928286852589642 0.17412935323383086
1 0.701195219123506 0.4527363184079602 0.23904382470119523 0.24875621890547264
1 0.8366533864541833 0.373134328358209 0.07171314741035857 0.09950248756218906
1 0.8207171314741036 0.34328358208955223 0.1593625498007968 0.10945273631840796
1 0.8824701195219123 0.30845771144278605 0.08366533864541832 0.07960199004975124
1 0.9123505976095617 0.09950248756218906 0.16733067729083664 0.19900497512437812
1 0.8745019920318725 0.12189054726368159 0.05179282868525897 0.06467661691542288
1 0.8007968127490039 0.19402985074626866 0.20717131474103587 0.208955223880597
1 0.7370517928286853 0.2512437810945274 0.08764940239043825 0.07462686567164178
1 0.7250996015936255 0.29850746268656714 0.06374501992031872 0.08955223880597014
1 0.6553784860557769 0.27860696517412936 0.07569721115537849 0.10945273631840796
1 0.5737051792828686 0.32587064676616917 0.0796812749003984 0.11442786069651742
1 0.5737051792828686 0.15920398009950248 0.26294820717131473 0.29850746268656714
1 0.7250996015936255 0.06218905472636816 0.22310756972111553 0.12437810945273632
1 0.5717131474103586 0.017412935323383085 0.10756972111553785 0.03482587064676617
1 0.3904382470119522 0.3308457711442786 0.2948207171314741 0.32338308457711445
1 0.4243027888446215 0.5422885572139303 0.099601593625498 0.06965174129353234
1 0.21912350597609562 0.10199004975124377 0.3187250996015936 0.20398009950248755
1 0.39243027888446214 0.03731343283582089 0.21912350597609562 0.07462686567164178
1 0.2908366533864542 0.12437810945273632 0.02390438247011952 0.03980099502487562
1 0.28286852589641437 0.14427860696517414 0.03187250996015936 0.03980099502487562
1 0.2729083665338645 0.16169154228855723 0.035856573705179286 0.03482587064676617
1 0.2649402390438247 0.1890547263681592 0.027888446215139442 0.029850746268656716
1 0.2549800796812749 0.208955223880597 0.03187250996015936 0.029850746268656716
1 0.2410358565737052 0.23383084577114427 0.035856573705179286 0.03980099502487562
1 0.22709163346613545 0.26119402985074625 0.0398406374501992 0.03482587064676617
1 0.21314741035856574 0.291044776119403 0.043824701195219126 0.03482587064676617
1 0.20318725099601595 0.31840796019900497 0.03187250996015936 0.029850746268656716
1 0.2450199203187251 0.23383084577114427 0.1394422310756972 0.2885572139303483
1 0.18127490039840638 0.3034825870646766 0.16334661354581673 0.3880597014925373
1 0.16733067729083664 0.31343283582089554 0.13545816733067728 0.3681592039800995
1 0.08764940239043825 0.1517412935323383 0.10358565737051793 0.20398009950248755
1 0.049800796812749 0.14676616915422885 0.08366533864541832 0.13432835820895522
1 0.09561752988047809 0.2835820895522388 0.19123505976095617 0.2885572139303483
1 0.09760956175298804 0.31094527363184077 0.17928286852589642 0.24378109452736318
1 0.037848605577689244 0.2537313432835821 0.07569721115537849 0.06965174129353234