1 0.08196721311475409 0.8436363636363636 0.16393442622950818 0.13090909090909092
1 0.04644808743169399 0.7454545454545455 0.09289617486338798 0.11636363636363636
1 0.19398907103825136 0.6363636363636364 0.15846994535519127 0.10909090909090909
1 0.09016393442622951 0.5636363636363636 0.14754098360655737 0.09454545454545454
1 0.04644808743169399 0.6254545454545455 0.09289617486338798 0.10909090909090909
1 0.03551912568306011 0.52 0.07103825136612021 0.08727272727272728
1 0.1557377049180328 0.35454545454545455 0.14754098360655737 0.09818181818181818
1 0.31693989071038253 0.38545454545454544 0.13114754098360656 0.09454545454545454
1 0.4098360655737705 0.7381818181818182 0.1092896174863388 0.08
1 0.5382513661202186 0.7872727272727272 0.09289617486338798 0.07636363636363637
1 0.5983606557377049 0.8472727272727273 0.10382513661202186 0.08
1 0.6475409836065574 0.7781818181818182 0.09289617486338798 0.08727272727272728
1 0.5683060109289617 0.7054545454545454 0.09836065573770492 0.08
1 0.412568306010929 0.6745454545454546 0.1912568306010929 0.09818181818181818
1 0.7595628415300546 0.43272727272727274 0.16393442622950818 0.12363636363636364
1 0.7923497267759563 0.49454545454545457 0.07650273224043716 0.05090909090909091
1 0.8469945355191257 0.5327272727272727 0.08743169398907104 0.06909090909090909
1 0.8879781420765027 0.56 0.03825136612021858 0.02909090909090909
1 0.9562841530054644 0.5018181818181818 0.06557377049180328 0.03636363636363636
1 0.7950819672131147 0.5436363636363636 0.03825136612021858 0.04
1 0.7513661202185792 0.5545454545454546 0.04918032786885246 0.03272727272727273
1 0.7513661202185792 0.5145454545454545 0.060109289617486336 0.025454545454545455
1 0.7595628415300546 0.3418181818181818 0.09836065573770492 0.05818181818181818
1 0.6557377049180327 0.46 0.04371584699453552 0.01818181818181818
1 0.6612021857923497 0.49272727272727274 0.04371584699453552 0.04727272727272727
1 0.6256830601092896 0.4890909090909091 0.0273224043715847 0.025454545454545455
1 0.6202185792349727 0.56 0.1912568306010929 0.08
1 0.6038251366120219 0.6 0.23497267759562843 0.07272727272727272
1 0.6666666666666666 0.6163636363636363 0.2185792349726776 0.10545454545454545
1 0.8497267759562842 0.6581818181818182 0.21311475409836064 0.16727272727272727
1 0.9508196721311475 0.5581818181818182 0.08743169398907104 0.06909090909090909
1 0.8005464480874317 0.7509090909090909 0.14754098360655737 0.19272727272727272
1 0.41530054644808745 0.5381818181818182 0.24043715846994534 0.08727272727272728
1 0.47540983606557374 0.48727272727272725 0.28415300546448086 0.08
1 0.5819672131147541 0.4018181818181818 0.3005464480874317 0.11272727272727273
1 0.9508196721311475 0.38727272727272727 0.08743169398907104 0.05454545454545454
1 0.9617486338797814 0.42363636363636364 0.06557377049180328 0.03272727272727273
1 0.8770491803278688 0.47454545454545455 0.060109289617486336 0.04727272727272727
1 0.8907103825136612 0.42 0.06557377049180328 0.04
1 0.8579234972677595 0.39090909090909093 0.07650273224043716 0.04727272727272727
1 0.9153005464480874 0.33636363636363636 0.09289617486338798 0.06181818181818182
1 0.9781420765027322 0.3327272727272727 0.03278688524590164 0.04
1 0.8387978142076503 0.34363636363636363 0.060109289617486336 0.05454545454545454
1 0.8224043715846995 0.2927272727272727 0.10382513661202186 0.06909090909090909
1 0.9398907103825137 0.2690909090909091 0.1092896174863388 0.08727272727272728
1 0.9426229508196722 0.2018181818181818 0.10382513661202186 0.06181818181818182
1 0.8661202185792349 0.22181818181818183 0.08196721311475409 0.05818181818181818
1 0.7185792349726776 0.25636363636363635 0.1366120218579235 0.06909090909090909
1 0.7513661202185792 0.2963636363636364 0.04918032786885246 0.03272727272727273
1 0.8142076502732241 0.14909090909090908 0.15300546448087432 0.10181818181818182
1 0.8579234972677595 0.08181818181818182 0.1092896174863388 0.04727272727272727
1 0.8442622950819673 0.02909090909090909 0.20218579234972678 0.05818181818181818
1 0.7431693989071039 0.08 0.1092896174863388 0.06545454545454546
1 0.6994535519125683 0.13818181818181818 0.09836065573770492 0.06545454545454546
1 0.6065573770491803 0.10363636363636364 0.08743169398907104 0.05454545454545454
1 0.6229508196721312 0.04 0.06557377049180328 0.05090909090909091
1 0.5846994535519126 0.025454545454545455 0.16393442622950818 0.05090909090909091
1 0.46174863387978143 0.016363636363636365 0.11475409836065574 0.03272727272727273
1 0.4808743169398907 0.06 0.19672131147540983 0.04
1 0.5409836065573771 0.13090909090909092 0.22950819672131148 0.08727272727272728
1 0.6147540983606558 0.24181818181818182 0.2786885245901639 0.13454545454545455
1 0.9344262295081968 0.14363636363636365 0.12021857923497267 0.08363636363636363
1 0.9453551912568307 0.06363636363636363 0.09836065573770492 0.07636363636363637