1 0.8108108108108109 0.7216494845360825 0.04633204633204633 0.061855670103092786
1 0.8281853281853282 0.7809278350515464 0.05791505791505792 0.05670103092783505
1 0.7837837837837838 0.8067010309278351 0.04633204633204633 0.06701030927835051
1 0.777992277992278 0.7474226804123711 0.02702702702702703 0.041237113402061855
1 0.749034749034749 0.7448453608247423 0.03861003861003861 0.05670103092783505
1 0.7374517374517374 0.8144329896907216 0.04633204633204633 0.08247422680412371
1 0.694980694980695 0.8015463917525774 0.04633204633204633 0.05670103092783505
1 0.7084942084942085 0.7422680412371134 0.05019305019305019 0.061855670103092786
1 0.722007722007722 0.6881443298969072 0.03088803088803089 0.04639175257731959
1 0.6795366795366795 0.6881443298969072 0.04633204633204633 0.05670103092783505
1 0.6505791505791506 0.654639175257732 0.04247104247104247 0.041237113402061855
1 0.6428571428571429 0.7010309278350515 0.02702702702702703 0.041237113402061855
1 0.6351351351351351 0.6082474226804123 0.04247104247104247 0.041237113402061855
1 0.6158301158301158 0.654639175257732 0.03474903474903475 0.05154639175257732
1 0.5888030888030888 0.6185567010309279 0.03474903474903475 0.030927835051546393
1 0.5733590733590733 0.5902061855670103 0.03474903474903475 0.02577319587628866
1 0.555984555984556 0.6288659793814433 0.04633204633204633 0.041237113402061855
1 0.584942084942085 0.654639175257732 0.03474903474903475 0.020618556701030927
1 0.5366795366795367 0.5979381443298969 0.03861003861003861 0.041237113402061855
1 0.5096525096525096 0.5824742268041238 0.03861003861003861 0.030927835051546393
1 0.4806949806949807 0.5670103092783505 0.04247104247104247 0.030927835051546393
1 0.4806949806949807 0.5335051546391752 0.02702702702702703 0.03608247422680412
1 0.43822393822393824 0.5309278350515464 0.05019305019305019 0.041237113402061855
1 0.34942084942084944 0.7680412371134021 0.06563706563706563 0.1134020618556701
1 0.3030888030888031 0.4587628865979381 0.03474903474903475 0.030927835051546393
1 0.29922779922779924 0.49226804123711343 0.03474903474903475 0.02577319587628866
1 0.333976833976834 0.5103092783505154 0.05019305019305019 0.05154639175257732
1 0.34942084942084944 0.46649484536082475 0.03474903474903475 0.02577319587628866
1 0.2625482625482625 0.4845360824742268 0.04633204633204633 0.061855670103092786
1 0.6081081081081081 0.7603092783505154 0.13513513513513514 0.14948453608247422
1 0.6061776061776062 0.8917525773195877 0.13127413127413126 0.14432989690721648
1 0.44787644787644787 0.9432989690721649 0.16216216216216217 0.10309278350515463
1 0.49034749034749037 0.8221649484536082 0.1776061776061776 0.17010309278350516
1 0.34942084942084944 0.8994845360824743 0.11196911196911197 0.12886597938144329
1 0.4111969111969112 0.6365979381443299 0.09652509652509653 0.15979381443298968
1 0.3359073359073359 0.6314432989690721 0.13127413127413126 0.15979381443298968
1 0.2413127413127413 0.6675257731958762 0.06563706563706563 0.07731958762886598
1 0.25675675675675674 0.7654639175257731 0.11196911196911197 0.0979381443298969
1 0.2876447876447876 0.8144329896907216 0.05791505791505792 0.041237113402061855
1 0.7162162162162162 0.5567010309278351 0.05791505791505792 0.041237113402061855
1 0.777992277992278 0.5824742268041238 0.06563706563706563 0.041237113402061855
1 0.6544401544401545 0.5438144329896907 0.05019305019305019 0.02577319587628866
1 0.696911196911197 0.5798969072164949 0.07335907335907337 0.02577319587628866
1 0.7335907335907336 0.6237113402061856 0.03088803088803089 0.05154639175257732
1 0.8532818532818532 0.6030927835051546 0.05405405405405406 0.08247422680412371
1 0.9362934362934363 0.6365979381443299 0.11969111969111969 0.06701030927835051
1 0.9362934362934363 0.6855670103092784 0.11969111969111969 0.020618556701030927
1 0.9054054054054054 0.7036082474226805 0.11969111969111969 0.14948453608247422
1 0.7992277992277992 0.6494845360824743 0.08494208494208494 0.08247422680412371
1 0.7625482625482626 0.6675257731958762 0.05019305019305019 0.10824742268041238
1 0.1891891891891892 0.6932989690721649 0.05405405405405406 0.10824742268041238
1 0.23552123552123552 0.5927835051546392 0.0694980694980695 0.08247422680412371
1 0.2876447876447876 0.5541237113402062 0.06563706563706563 0.04639175257731959
1 0.1525096525096525 0.6030927835051546 0.09652509652509653 0.09278350515463918
1 0.20077220077220076 0.5360824742268041 0.0694980694980695 0.041237113402061855
1 0.23552123552123552 0.5618556701030928 0.06177606177606178 0.08247422680412371
1 0.5482625482625483 0.5309278350515464 0.06177606177606178 0.061855670103092786
1 0.5521235521235521 0.5592783505154639 0.06177606177606178 0.03608247422680412
1 0.5926640926640927 0.48711340206185566 0.0888030888030888 0.08762886597938144
1 0.6061776061776062 0.5231958762886598 0.05405405405405406 0.03608247422680412
1 0.61003861003861 0.5515463917525774 0.03088803088803089 0.041237113402061855
1 0.525096525096525 0.48711340206185566 0.07722007722007722 0.03608247422680412
1 0.6563706563706564 0.49226804123711343 0.04633204633204633 0.05670103092783505
1 0.6814671814671814 0.4948453608247423 0.04247104247104247 0.041237113402061855
1 0.7335907335907336 0.5 0.03088803088803089 0.030927835051546393
1 0.7451737451737451 0.5077319587628866 0.03861003861003861 0.04639175257731959
1 0.7606177606177607 0.520618556701031 0.03861003861003861 0.05154639175257732
1 0.7876447876447876 0.520618556701031 0.03088803088803089 0.041237113402061855
1 0.8166023166023166 0.5257731958762887 0.02702702702702703 0.030927835051546393
1 0.7992277992277992 0.5567010309278351 0.10038610038610038 0.030927835051546393
1 0.9054054054054054 0.5077319587628866 0.05019305019305019 0.10824742268041238
1 0.9266409266409267 0.5360824742268041 0.04633204633204633 0.05154639175257732
1 0.9111969111969112 0.44072164948453607 0.06177606177606178 0.04639175257731959
1 0.9613899613899614 0.4072164948453608 0.0694980694980695 0.05154639175257732
1 0.971042471042471 0.3788659793814433 0.04247104247104247 0.03608247422680412
1 0.9671814671814671 0.5077319587628866 0.05791505791505792 0.11855670103092783
1 0.22972972972972974 0.42783505154639173 0.0888030888030888 0.1134020618556701
1 0.30115830115830117 0.3917525773195876 0.09266409266409266 0.10309278350515463
1 0.059845559845559844 0.5850515463917526 0.05791505791505792 0.04639175257731959
1 0.09266409266409266 0.538659793814433 0.023166023166023165 0.015463917525773196
1 0.04054054054054054 0.5231958762886598 0.019305019305019305 0.015463917525773196
1 0.02702702702702703 0.5541237113402062 0.03861003861003861 0.03608247422680412
1 0.19305019305019305 0.4690721649484536 0.03861003861003861 0.041237113402061855
1 0.16023166023166024 0.47164948453608246 0.02702702702702703 0.03608247422680412
1 0.15444015444015444 0.43556701030927836 0.06177606177606178 0.03608247422680412
1 0.12355212355212356 0.46134020618556704 0.03088803088803089 0.03608247422680412
1 0.12162162162162163 0.49742268041237114 0.019305019305019305 0.03608247422680412
1 0.10617760617760617 0.49226804123711343 0.02702702702702703 0.02577319587628866
1 0.1583011583011583 0.5025773195876289 0.03861003861003861 0.015463917525773196
1 0.04633204633204633 0.4536082474226804 0.03861003861003861 0.030927835051546393
1 0.07142857142857142 0.46134020618556704 0.04247104247104247 0.03608247422680412
1 0.03667953667953668 0.43041237113402064 0.03474903474903475 0.02577319587628866
1 0.05405405405405406 0.40463917525773196 0.03861003861003861 0.03608247422680412
1 0.08301158301158301 0.42010309278350516 0.04247104247104247 0.04639175257731959
1 0.138996138996139 0.41494845360824745 0.09266409266409266 0.03608247422680412
1 0.015444015444015444 0.45618556701030927 0.03088803088803089 0.06701030927835051
1 0.20270270270270271 0.31958762886597936 0.02702702702702703 0.030927835051546393
1 0.17567567567567569 0.32989690721649484 0.019305019305019305 0.05154639175257732
1 0.15637065637065636 0.3634020618556701 0.03474903474903475 0.05670103092783505
1 0.11969111969111969 0.37371134020618557 0.03861003861003861 0.04639175257731959
1 0.11196911196911197 0.3402061855670103 0.06177606177606178 0.05154639175257732
1 0.07335907335907337 0.31958762886597936 0.10038610038610038 0.07216494845360824
1 0.011583011583011582 0.3556701030927835 0.023166023166023165 0.041237113402061855
1 0.8223938223938224 0.4690721649484536 0.03861003861003861 0.05154639175257732
1 0.8513513513513513 0.49742268041237114 0.02702702702702703 0.04639175257731959
1 0.7837837837837838 0.4793814432989691 0.03861003861003861 0.030927835051546393
1 0.7837837837837838 0.44072164948453607 0.03088803088803089 0.03608247422680412
1 0.8243243243243243 0.43041237113402064 0.04247104247104247 0.02577319587628866
1 0.862934362934363 0.4742268041237113 0.04247104247104247 0.061855670103092786
1 0.752895752895753 0.4793814432989691 0.03088803088803089 0.030927835051546393
1 0.7181467181467182 0.47164948453608246 0.03088803088803089 0.04639175257731959
1 0.7413127413127413 0.45103092783505155 0.03861003861003861 0.03608247422680412
1 0.7316602316602316 0.41494845360824745 0.02702702702702703 0.02577319587628866
1 0.7548262548262549 0.422680412371134 0.019305019305019305 0.020618556701030927
1 0.7644787644787645 0.41237113402061853 0.03088803088803089 0.030927835051546393
1 0.7818532818532818 0.3865979381443299 0.03474903474903475 0.030927835051546393
1 0.7934362934362934 0.41494845360824745 0.019305019305019305 0.02577319587628866
1 0.8166023166023166 0.38917525773195877 0.02702702702702703 0.05670103092783505
1 0.8397683397683398 0.3943298969072165 0.02702702702702703 0.04639175257731959
1 0.8687258687258688 0.4175257731958763 0.03861003861003861 0.061855670103092786
1 0.9498069498069498 0.35051546391752575 0.06177606177606178 0.030927835051546393
1 0.9594594594594594 0.3118556701030928 0.04247104247104247 0.03608247422680412
1 0.9555984555984556 0.26804123711340205 0.04247104247104247 0.030927835051546393
1 0.9208494208494209 0.30670103092783507 0.03474903474903475 0.02577319587628866
1 0.9034749034749034 0.3402061855670103 0.023166023166023165 0.030927835051546393
1 0.8552123552123552 0.3427835051546392 0.03474903474903475 0.03608247422680412
1 0.8204633204633205 0.35309278350515466 0.03474903474903475 0.015463917525773196
1 0.7876447876447876 0.3556701030927835 0.03088803088803089 0.030927835051546393
1 0.528957528957529 0.4381443298969072 0.08494208494208494 0.061855670103092786
1 0.4826254826254826 0.46649484536082475 0.04633204633204633 0.07731958762886598
1 0.4517374517374517 0.4896907216494845 0.07722007722007722 0.041237113402061855
1 0.37065637065637064 0.49226804123711343 0.03088803088803089 0.04639175257731959
1 0.3996138996138996 0.5077319587628866 0.019305019305019305 0.015463917525773196
1 0.39768339768339767 0.4587628865979381 0.0694980694980695 0.061855670103092786
1 0.4343629343629344 0.4381443298969072 0.05019305019305019 0.061855670103092786
1 0.46332046332046334 0.40463917525773196 0.0694980694980695 0.04639175257731959
1 0.2084942084942085 0.3582474226804124 0.03088803088803089 0.03608247422680412
1 0.23938223938223938 0.3479381443298969 0.03088803088803089 0.04639175257731959
1 0.25868725868725867 0.3170103092783505 0.03088803088803089 0.04639175257731959
1 0.2876447876447876 0.3170103092783505 0.02702702702702703 0.04639175257731959
1 0.31467181467181465 0.30670103092783507 0.03474903474903475 0.04639175257731959
1 0.333976833976834 0.2963917525773196 0.02702702702702703 0.05670103092783505
1 0.3745173745173745 0.29896907216494845 0.015444015444015444 0.05154639175257732
1 0.3764478764478765 0.2551546391752577 0.011583011583011582 0.015463917525773196
1 0.4015444015444015 0.28350515463917525 0.04633204633204633 0.061855670103092786
1 0.2548262548262548 0.27835051546391754 0.0694980694980695 0.08247422680412371
1 0.20077220077220076 0.2654639175257732 0.03088803088803089 0.04639175257731959
1 0.5366795366795367 0.17783505154639176 0.10810810810810811 0.12886597938144329
1 0.7335907335907336 0.20103092783505155 0.07722007722007722 0.08247422680412371
1 0.7277992277992278 0.25773195876288657 0.0888030888030888 0.07216494845360824
1 0.6853281853281853 0.2963917525773196 0.07335907335907337 0.06701030927835051
1 0.7625482625482626 0.31443298969072164 0.019305019305019305 0.030927835051546393
1 0.7876447876447876 0.31443298969072164 0.023166023166023165 0.041237113402061855
1 0.8166023166023166 0.30927835051546393 0.03474903474903475 0.030927835051546393
1 0.749034749034749 0.33762886597938147 0.03861003861003861 0.015463917525773196
1 0.7934362934362934 0.27319587628865977 0.03474903474903475 0.041237113402061855
1 0.8301158301158301 0.2706185567010309 0.03861003861003861 0.03608247422680412
1 0.8455598455598455 0.23195876288659795 0.03861003861003861 0.041237113402061855
1 0.6042471042471043 0.3865979381443299 0.06563706563706563 0.1134020618556701
1 0.6698841698841699 0.422680412371134 0.09652509652509653 0.09278350515463918
1 0.666023166023166 0.3582474226804124 0.11196911196911197 0.04639175257731959
1 0.7451737451737451 0.36597938144329895 0.05405405405405406 0.07216494845360824
1 0.38996138996138996 0.4020618556701031 0.03861003861003861 0.041237113402061855
1 0.4343629343629344 0.3582474226804124 0.05791505791505792 0.04639175257731959
1 0.44787644787644787 0.30670103092783507 0.023166023166023165 0.05670103092783505
1 0.4749034749034749 0.3170103092783505 0.023166023166023165 0.03608247422680412
1 0.4980694980694981 0.35051546391752575 0.03861003861003861 0.061855670103092786
1 0.525096525096525 0.30412371134020616 0.023166023166023165 0.020618556701030927
1 0.5521235521235521 0.30927835051546393 0.03088803088803089 0.030927835051546393
1 0.5752895752895753 0.31958762886597936 0.023166023166023165 0.041237113402061855
1 0.528957528957529 0.3324742268041237 0.015444015444015444 0.015463917525773196
1 0.5347490347490348 0.3582474226804124 0.02702702702702703 0.02577319587628866
1 0.555984555984556 0.3479381443298969 0.03088803088803089 0.03608247422680412
1 0.4980694980694981 0.25773195876288657 0.03088803088803089 0.041237113402061855
1 0.5231660231660231 0.24742268041237114 0.019305019305019305 0.030927835051546393
1 0.5444015444015444 0.22938144329896906 0.023166023166023165 0.02577319587628866
1 0.555984555984556 0.24742268041237114 0.03088803088803089 0.041237113402061855
1 0.528957528957529 0.2757731958762887 0.03861003861003861 0.03608247422680412
1 0.6274131274131274 0.23969072164948454 0.08108108108108109 0.08762886597938144
1 0.42084942084942084 0.21649484536082475 0.10810810810810811 0.07216494845360824
1 0.3166023166023166 0.211340206185567 0.05405405405405406 0.07216494845360824
1 0.017374517374517374 0.6958762886597938 0.03474903474903475 0.061855670103092786
1 0.25096525096525096 0.11082474226804123 0.015444015444015444 0.07731958762886598
1 0.2335907335907336 0.1134020618556701 0.019305019305019305 0.08247422680412371
1 0.21428571428571427 0.10824742268041238 0.019305019305019305 0.07216494845360824
1 0.19305019305019305 0.11597938144329897 0.023166023166023165 0.04639175257731959