1 0.8552123552123552 0.5927835051546392 0.28185328185328185 0.5257731958762887
1 0.9826254826254827 0.6958762886597938 0.02702702702702703 0.26804123711340205
1 0.9285714285714286 0.9175257731958762 0.13513513513513514 0.15463917525773196
1 0.7567567567567568 0.9123711340206185 0.3861003861003861 0.16494845360824742
1 0.9536679536679536 0.23195876288659795 0.08494208494208494 0.3917525773195876
1 0.7316602316602316 0.18814432989690721 0.42857142857142855 0.37628865979381443
1 0.5405405405405406 0.5489690721649485 0.4864864864864865 0.654639175257732
1 0.27606177606177607 0.8711340206185567 0.4749034749034749 0.24742268041237114
1 0.5694980694980695 0.9329896907216495 0.16602316602316602 0.12371134020618557
1 0.08301158301158301 0.884020618556701 0.11196911196911197 0.22164948453608246
1 0.16023166023166024 0.45103092783505155 0.3204633204633205 0.6134020618556701
1 0.1776061776061776 0.13144329896907217 0.3552123552123552 0.26288659793814434
1 0.46332046332046334 0.14175257731958762 0.18532818532818532 0.28350515463917525