1 0.6054545454545455 0.5956284153005464 0.3090909090909091 0.45901639344262296
1 0.7527272727272727 0.7513661202185792 0.15272727272727274 0.15846994535519127
1 0.9472727272727273 0.8442622950819673 0.09818181818181818 0.14754098360655737
1 0.4254545454545455 0.9098360655737705 0.36363636363636365 0.16939890710382513
1 0.8927272727272727 0.19398907103825136 0.20727272727272728 0.2677595628415301
1 0.6363636363636364 0.12021857923497267 0.27636363636363637 0.24043715846994534
1 0.7981818181818182 0.03551912568306011 0.14909090909090908 0.07103825136612021
1 0.5745454545454546 0.2650273224043716 0.11636363636363636 0.11475409836065574
1 0.2818181818181818 0.5546448087431693 0.4618181818181818 0.6830601092896175
1 0.0890909090909091 0.8114754098360656 0.12727272727272726 0.1366120218579235
1 0.08181818181818182 0.07377049180327869 0.16363636363636364 0.14754098360655737
1 0.34545454545454546 0.16120218579234974 0.41454545454545455 0.3224043715846995
1 0.49818181818181817 0.4972677595628415 0.9963636363636363 0.994535519125683