1 0.944043321299639 0.9148351648351648 0.10469314079422383 0.15934065934065933
1 0.9494584837545126 0.7692307692307693 0.09386281588447654 0.13186813186813187
1 0.9566787003610109 0.5989010989010989 0.07942238267148015 0.12087912087912088
1 0.9386281588447654 0.6401098901098901 0.04332129963898917 0.06043956043956044
1 0.9584837545126353 0.4368131868131868 0.07581227436823104 0.17032967032967034
1 0.927797833935018 0.5521978021978022 0.036101083032490974 0.07142857142857142
1 0.9025270758122743 0.6208791208791209 0.02888086642599278 0.06593406593406594
1 0.9169675090252708 0.6813186813186813 0.05054151624548736 0.04395604395604396
1 0.9097472924187726 0.728021978021978 0.02888086642599278 0.027472527472527472
1 0.8592057761732852 0.7005494505494505 0.036101083032490974 0.04945054945054945
1 0.8501805054151624 0.804945054945055 0.09747292418772563 0.1813186813186813
1 0.7815884476534296 0.8461538461538461 0.11913357400722022 0.17582417582417584
1 0.9765342960288809 0.31868131868131866 0.039711191335740074 0.06593406593406594
1 0.9386281588447654 0.17032967032967034 0.11552346570397112 0.31868131868131866
1 0.9187725631768953 0.33791208791208793 0.06859205776173286 0.08241758241758242
1 0.9025270758122743 0.40384615384615385 0.05776173285198556 0.08241758241758242
1 0.8736462093862816 0.3516483516483517 0.04332129963898917 0.07692307692307693
1 0.8267148014440433 0.40384615384615385 0.10108303249097472 0.07142857142857142
1 0.8122743682310469 0.42032967032967034 0.036101083032490974 0.038461538461538464
1 0.7833935018050542 0.49175824175824173 0.12274368231046931 0.15934065934065933
1 0.8664259927797834 0.5604395604395604 0.06498194945848375 0.07692307692307693
1 0.8935018050541517 0.48626373626373626 0.061371841155234655 0.07142857142857142
1 0.8574007220216606 0.6071428571428571 0.05415162454873646 0.08241758241758242
1 0.8104693140794224 0.5989010989010989 0.04693140794223827 0.06593406593406594
1 0.8429602888086642 0.6758241758241759 0.11191335740072202 0.07692307692307693
1 0.8194945848375451 0.2802197802197802 0.1588447653429603 0.23076923076923078
1 0.8429602888086642 0.1510989010989011 0.07581227436823104 0.08241758241758242
1 0.8447653429602888 0.09615384615384616 0.1299638989169675 0.11538461538461539
1 0.7490974729241877 0.12362637362637363 0.07581227436823104 0.09340659340659341
1 0.7527075812274369 0.0521978021978022 0.039711191335740074 0.04945054945054945
1 0.7436823104693141 0.03571428571428571 0.036101083032490974 0.07142857142857142
1 0.779783393501805 0.005494505494505495 0.036101083032490974 0.01098901098901099
1 0.8826714801444043 0.07142857142857142 0.22743682310469315 0.14285714285714285
1 0.7364620938628159 0.25274725274725274 0.05054151624548736 0.06593406593406594
1 0.7653429602888087 0.2032967032967033 0.036101083032490974 0.054945054945054944
1 0.7256317689530686 0.2774725274725275 0.09386281588447654 0.15934065934065933
1 0.740072202166065 0.3901098901098901 0.05054151624548736 0.07692307692307693
1 0.6750902527075813 0.4230769230769231 0.10108303249097472 0.2087912087912088
1 0.6462093862815884 0.33791208791208793 0.04332129963898917 0.06043956043956044
1 0.6552346570397112 0.4478021978021978 0.039711191335740074 0.04945054945054945
1 0.5992779783393501 0.43956043956043955 0.07220216606498195 0.0989010989010989
1 0.5938628158844765 0.5247252747252747 0.06859205776173286 0.1043956043956044
1 0.6624548736462094 0.5796703296703297 0.09025270758122744 0.12637362637362637
1 0.7003610108303249 0.6346153846153846 0.036101083032490974 0.06043956043956044
1 0.628158844765343 0.6428571428571429 0.04332129963898917 0.06593406593406594
1 0.6606498194945848 0.6785714285714286 0.04332129963898917 0.07142857142857142
1 0.5884476534296029 0.6016483516483516 0.05776173285198556 0.11538461538461539
1 0.6534296028880866 0.771978021978022 0.07942238267148015 0.1043956043956044
1 0.5992779783393501 0.2445054945054945 0.1444043321299639 0.11538461538461539
1 0.5144404332129964 0.2967032967032967 0.039711191335740074 0.04395604395604396
1 0.5108303249097473 0.26373626373626374 0.032490974729241874 0.02197802197802198
1 0.4891696750902527 0.2774725274725275 0.02527075812274368 0.027472527472527472
1 0.6064981949458483 0.12912087912087913 0.1299638989169675 0.2032967032967033
1 0.6985559566787004 0.21153846153846154 0.07581227436823104 0.13736263736263737
1 0.5018050541516246 0.17032967032967034 0.10108303249097472 0.16483516483516483
1 0.36101083032490977 0.2032967032967033 0.2527075812274368 0.3516483516483517
1 0.4314079422382672 0.04945054945054945 0.09747292418772563 0.07692307692307693
1 0.4927797833935018 0.04395604395604396 0.08303249097472924 0.08791208791208792
1 0.5451263537906137 0.04120879120879121 0.036101083032490974 0.08241758241758242
1 0.5992779783393501 0.019230769230769232 0.07942238267148015 0.038461538461538464
1 0.703971119133574 0.06318681318681318 0.12274368231046931 0.12637362637362637
1 0.38086642599277976 0.016483516483516484 0.09025270758122744 0.03296703296703297
1 0.22382671480144403 0.06593406593406594 0.23826714801444043 0.13186813186813187
1 0.11010830324909747 0.1401098901098901 0.22021660649819494 0.2802197802197802
1 0.0776173285198556 0.23076923076923078 0.1552346570397112 0.2087912087912088
1 0.01263537906137184 0.260989010989011 0.02527075812274368 0.17032967032967034
1 0.03429602888086643 0.4725274725274725 0.06859205776173286 0.24175824175824176
1 0.10108303249097472 0.35714285714285715 0.1299638989169675 0.2857142857142857
1 0.10649819494584838 0.20054945054945056 0.11191335740072202 0.14835164835164835
1 0.22563176895306858 0.4065934065934066 0.10469314079422383 0.12087912087912088
1 0.17328519855595667 0.4642857142857143 0.05776173285198556 0.13736263736263737
1 0.27256317689530685 0.5274725274725275 0.1407942238267148 0.12087912087912088
1 0.3104693140794224 0.46703296703296704 0.1299638989169675 0.17582417582417584
1 0.22382671480144403 0.33516483516483514 0.1371841155234657 0.12087912087912088
1 0.2148014440433213 0.25274725274725274 0.08303249097472924 0.0989010989010989
1 0.24368231046931407 0.7115384615384616 0.2996389891696751 0.3791208791208791
1 0.2833935018050541 0.8653846153846154 0.13357400722021662 0.15934065934065933
1 0.21299638989169675 0.7307692307692307 0.05776173285198556 0.08791208791208792
1 0.1299638989169675 0.7362637362637363 0.18050541516245489 0.25274725274725274
1 0.14620938628158844 0.9505494505494505 0.09025270758122744 0.08791208791208792
1 0.3104693140794224 0.978021978021978 0.09386281588447654 0.03296703296703297
1 0.4223826714801444 0.8571428571428571 0.07220216606498195 0.0989010989010989
1 0.7436823104693141 0.6071428571428571 0.09386281588447654 0.22527472527472528
1 0.6516245487364621 0.8461538461538461 0.5090252707581228 0.2967032967032967
1 0.4404332129963899 0.9505494505494505 0.19494584837545126 0.08791208791208792
1 0.01263537906137184 0.5521978021978022 0.02527075812274368 0.07142857142857142
1 0.02888086642599278 0.8131868131868132 0.05776173285198556 0.3626373626373626
1 0.09566787003610108 0.8818681318681318 0.11913357400722022 0.22527472527472528