1 0.5992779783393501 0.8846153846153846 0.04332129963898917 0.08791208791208792
1 0.628158844765343 0.8131868131868132 0.04332129963898917 0.06593406593406594
1 0.5361010830324909 0.8351648351648352 0.06859205776173286 0.10989010989010989
1 0.5036101083032491 0.7582417582417582 0.061371841155234655 0.08791208791208792
1 0.5108303249097473 0.6510989010989011 0.05415162454873646 0.07142857142857142
1 0.44223826714801445 0.6593406593406593 0.061371841155234655 0.10989010989010989
1 0.644404332129964 0.6236263736263736 0.06859205776173286 0.11538461538461539
1 0.6660649819494585 0.5357142857142857 0.061371841155234655 0.08241758241758242
1 0.5848375451263538 0.5274725274725275 0.05054151624548736 0.0989010989010989
1 0.6299638989169675 0.45879120879120877 0.06859205776173286 0.08241758241758242
1 0.5812274368231047 0.32967032967032966 0.05054151624548736 0.12087912087912088
1 0.4891696750902527 0.5082417582417582 0.05415162454873646 0.09340659340659341
1 0.4296028880866426 0.49725274725274726 0.05776173285198556 0.08241758241758242
1 0.4584837545126354 0.44505494505494503 0.05776173285198556 0.07692307692307693
1 0.427797833935018 0.19230769230769232 0.06859205776173286 0.08791208791208792
1 0.5974729241877257 0.054945054945054944 0.061371841155234655 0.10989010989010989
1 0.5108303249097473 0.04120879120879121 0.07581227436823104 0.08241758241758242
1 0.5595667870036101 0.11538461538461539 0.06498194945848375 0.10989010989010989
1 0.5992779783393501 0.1978021978021978 0.05054151624548736 0.12087912087912088
1 0.6931407942238267 0.2445054945054945 0.09386281588447654 0.11538461538461539
1 0.6949458483754513 0.3021978021978022 0.09025270758122744 0.12087912087912088
1 0.7472924187725631 0.2445054945054945 0.04332129963898917 0.1043956043956044
1 0.6335740072202166 0.33516483516483514 0.05415162454873646 0.10989010989010989
1 0.7003610108303249 0.42857142857142855 0.02888086642599278 0.08791208791208792
1 0.6534296028880866 0.4230769230769231 0.07220216606498195 0.0989010989010989
1 0.7184115523465704 0.5906593406593407 0.04332129963898917 0.1043956043956044
1 0.6768953068592057 0.6318681318681318 0.05415162454873646 0.0989010989010989
1 0.6768953068592057 0.7692307692307693 0.08303249097472924 0.12087912087912088
1 0.6425992779783394 0.8351648351648352 0.05776173285198556 0.0989010989010989
1 0.6624548736462094 0.8901098901098901 0.07581227436823104 0.0989010989010989
1 0.6101083032490975 0.739010989010989 0.05776173285198556 0.11538461538461539
1 0.575812274368231 0.6373626373626373 0.04693140794223827 0.07692307692307693
1 0.5884476534296029 0.6648351648351648 0.08664259927797834 0.15384615384615385
1 0.4620938628158845 0.7417582417582418 0.06498194945848375 0.0989010989010989
1 0.3953068592057762 0.7802197802197802 0.08303249097472924 0.14285714285714285
1 0.45126353790613716 0.8516483516483516 0.07942238267148015 0.12087912087912088
1 0.5090252707581228 0.9395604395604396 0.07942238267148015 0.10989010989010989
1 0.5451263537906137 0.9862637362637363 0.02888086642599278 0.016483516483516484
1 0.42418772563176893 0.9175824175824175 0.09025270758122744 0.12087912087912088
1 0.44765342960288806 0.9697802197802198 0.07220216606498195 0.04945054945054945
1 0.3916967509025271 0.6648351648351648 0.04693140794223827 0.10989010989010989
1 0.4314079422382672 0.5824175824175825 0.06859205776173286 0.07692307692307693
1 0.37364620938628157 0.5027472527472527 0.09025270758122744 0.12637362637362637
1 0.3574007220216607 0.5494505494505495 0.07942238267148015 0.10989010989010989
1 0.4891696750902527 0.3983516483516483 0.06859205776173286 0.1043956043956044
1 0.5126353790613718 0.33516483516483514 0.036101083032490974 0.07692307692307693
1 0.5342960288808665 0.23076923076923078 0.08664259927797834 0.14285714285714285
1 0.4747292418772563 0.2087912087912088 0.039711191335740074 0.054945054945054944
1 0.47653429602888087 0.2967032967032967 0.05776173285198556 0.12087912087912088
1 0.44584837545126355 0.3434065934065934 0.061371841155234655 0.11538461538461539
1 0.40794223826714804 0.36538461538461536 0.08664259927797834 0.11538461538461539
1 0.37545126353790614 0.42032967032967034 0.07220216606498195 0.04945054945054945