1 0.8382838283828383 0.9246987951807228 0.13861386138613863 0.13855421686746988
1 0.9554455445544554 0.9216867469879518 0.08250825082508251 0.14457831325301204
1 0.9323432343234324 0.7560240963855421 0.12871287128712872 0.1746987951807229
1 0.735973597359736 0.7891566265060241 0.10561056105610561 0.2891566265060241
1 0.8168316831683168 0.7710843373493976 0.056105610561056105 0.1566265060240964
1 0.8448844884488449 0.5662650602409639 0.15841584158415842 0.2289156626506024
1 0.9405940594059405 0.3825301204819277 0.11221122112211221 0.1746987951807229
1 0.9587458745874587 0.2891566265060241 0.07590759075907591 0.10843373493975904
1 0.42574257425742573 0.2469879518072289 0.21782178217821782 0.27710843373493976
1 0.5808580858085809 0.4246987951807229 0.11221122112211221 0.29518072289156627
1 0.6072607260726073 0.7831325301204819 0.1782178217821782 0.42168674698795183
1 0.7095709570957096 0.9457831325301205 0.132013201320132 0.0963855421686747
1 0.45874587458745875 0.9427710843373494 0.0924092409240924 0.10240963855421686
1 0.5033003300330033 0.8945783132530121 0.06930693069306931 0.12650602409638553
1 0.36468646864686466 0.9397590361445783 0.08250825082508251 0.10843373493975904
1 0.24587458745874588 0.9487951807228916 0.09570957095709572 0.09036144578313253
1 0.2986798679867987 0.9578313253012049 0.04950495049504951 0.07228915662650602
1 0.3696369636963696 0.8343373493975904 0.16501650165016502 0.2710843373493976
1 0.47029702970297027 0.7771084337349398 0.09570957095709572 0.2289156626506024
1 0.4933993399339934 0.5963855421686747 0.09570957095709572 0.1686746987951807
1 0.4471947194719472 0.4126506024096386 0.1551155115511551 0.22289156626506024
1 0.6105610561056105 0.46686746987951805 0.15841584158415842 0.15060240963855423
1 0.7260726072607261 0.4759036144578313 0.264026402640264 0.27710843373493976
1 0.7953795379537953 0.31626506024096385 0.09900990099009901 0.19879518072289157
1 0.8399339933993399 0.21084337349397592 0.09570957095709572 0.1566265060240964
1 0.7541254125412541 0.1897590361445783 0.11551155115511551 0.1746987951807229
1 0.66996699669967 0.21385542168674698 0.0924092409240924 0.19879518072289157
1 0.6155115511551155 0.2469879518072289 0.1617161716171617 0.2289156626506024
1 0.21122112211221122 0.6897590361445783 0.27722772277227725 0.1746987951807229
1 0.14686468646864687 0.858433734939759 0.11551155115511551 0.15060240963855423
1 0.2524752475247525 0.8493975903614458 0.08250825082508251 0.0963855421686747
1 0.09405940594059406 0.9126506024096386 0.18811881188118812 0.16265060240963855
1 0.1848184818481848 0.4608433734939759 0.09900990099009901 0.23493975903614459
1 0.3118811881188119 0.47289156626506024 0.1353135313531353 0.28313253012048195
1 0.08085808580858085 0.3072289156626506 0.12211221122112212 0.2891566265060241
1 0.30198019801980197 0.20180722891566266 0.1353135313531353 0.19879518072289157
1 0.47194719471947194 0.15963855421686746 0.15181518151815182 0.3192771084337349
1 0.6006600660066007 0.09337349397590361 0.16501650165016502 0.13855421686746988
1 0.20957095709570958 0.2319277108433735 0.24092409240924093 0.18674698795180722
1 0.06105610561056106 0.608433734939759 0.12211221122112212 0.4939759036144578
1 0.5759075907590759 0.9698795180722891 0.0297029702970297 0.04819277108433735
1 0.6056105610561056 0.9457831325301205 0.0297029702970297 0.060240963855421686
1 0.6221122112211221 0.9246987951807228 0.0297029702970297 0.06626506024096386
1 0.6435643564356436 0.8524096385542169 0.026402640264026403 0.06626506024096386
1 0.6105610561056105 0.8554216867469879 0.019801980198019802 0.060240963855421686
1 0.5841584158415841 0.927710843373494 0.039603960396039604 0.0963855421686747
1 0.5561056105610561 0.9006024096385542 0.0165016501650165 0.06626506024096386
1 0.5858085808580858 0.8524096385542169 0.0297029702970297 0.06626506024096386
1 0.5445544554455446 0.8012048192771084 0.019801980198019802 0.07228915662650602
1 0.570957095709571 0.8373493975903614 0.026402640264026403 0.07228915662650602
1 0.594059405940594 0.7981927710843374 0.026402640264026403 0.0783132530120482
1 0.6122112211221122 0.7349397590361446 0.0165016501650165 0.04819277108433735
1 0.6254125412541254 0.7951807228915663 0.0297029702970297 0.060240963855421686
1 0.6534653465346535 0.7379518072289156 0.033003300330033 0.0783132530120482
1 0.6831683168316832 0.7439759036144579 0.026402640264026403 0.06626506024096386
1 0.5792079207920792 0.7319277108433735 0.0297029702970297 0.05421686746987952
1 0.5445544554455446 0.7168674698795181 0.033003300330033 0.04819277108433735
1 0.5792079207920792 0.6656626506024096 0.0429042904290429 0.09036144578313253
1 0.6171617161716172 0.6686746987951807 0.033003300330033 0.07228915662650602
1 0.641914191419142 0.6385542168674698 0.0297029702970297 0.07228915662650602
1 0.6683168316831684 0.677710843373494 0.0231023102310231 0.05421686746987952
1 0.49834983498349833 0.5692771084337349 0.9966996699669967 0.8493975903614458