1 0.49245283018867925 0.46578947368421053 0.2679245283018868 0.3736842105263158
1 0.7528301886792453 0.48947368421052634 0.26037735849056604 0.3684210526315789
1 0.9433962264150944 0.4868421052631579 0.10566037735849057 0.3631578947368421
1 0.8641509433962264 0.7684210526315789 0.2641509433962264 0.30526315789473685
1 0.6056603773584905 0.7631578947368421 0.2528301886792453 0.3157894736842105
1 0.3452830188679245 0.7552631578947369 0.27547169811320754 0.33157894736842103
1 0.10754716981132076 0.7578947368421053 0.21509433962264152 0.3263157894736842
1 0.21320754716981133 0.44473684210526315 0.29056603773584905 0.39473684210526316
1 0.03773584905660377 0.45263157894736844 0.07547169811320754 0.30526315789473685
1 0.09622641509433963 0.15263157894736842 0.19245283018867926 0.30526315789473685
1 0.3660377358490566 0.16578947368421051 0.27169811320754716 0.33157894736842103
1 0.6377358490566037 0.1736842105263158 0.28679245283018867 0.3473684210526316
1 0.8811320754716981 0.20526315789473684 0.23018867924528302 0.3368421052631579
1 0.8169811320754717 0.031578947368421054 0.18490566037735848 0.06315789473684211