1 0.6795366795366795 0.8865979381443299 0.6332046332046332 0.21649484536082475
1 0.22393822393822393 0.8634020618556701 0.44787644787644787 0.25257731958762886
1 0.09073359073359073 0.9381443298969072 0.18146718146718147 0.1134020618556701
1 0.44015444015444016 0.7319587628865979 0.7104247104247104 0.36082474226804123
1 0.888030888030888 0.729381443298969 0.21621621621621623 0.25257731958762886
1 0.8011583011583011 0.5798969072164949 0.38996138996138996 0.3865979381443299
1 0.696911196911197 0.6391752577319587 0.38223938223938225 0.26804123711340205
1 0.6698841698841699 0.520618556701031 0.17374517374517376 0.13402061855670103
1 0.694980694980695 0.36082474226804123 0.18532818532818532 0.21649484536082475
1 0.6718146718146718 0.14690721649484537 0.10038610038610038 0.211340206185567
1 0.8281853281853282 0.2422680412371134 0.3204633204633205 0.4845360824742268
1 0.9208494208494209 0.11855670103092783 0.15057915057915058 0.23711340206185566
1 0.696911196911197 0.02577319587628866 0.09652509652509653 0.05154639175257732
1 0.6138996138996139 0.04639175257731959 0.07722007722007722 0.09278350515463918
1 0.5714285714285714 0.17268041237113402 0.10810810810810811 0.23195876288659795
1 0.527027027027027 0.028350515463917526 0.0888030888030888 0.05670103092783505
1 0.4942084942084942 0.25257731958762886 0.23166023166023167 0.5051546391752577
1 0.35135135135135137 0.211340206185567 0.21621621621621623 0.422680412371134
1 0.33976833976833976 0.3943298969072165 0.277992277992278 0.5618556701030928
1 0.4768339768339768 0.5438144329896907 0.25868725868725867 0.3556701030927835
1 0.22007722007722008 0.42783505154639173 0.12355212355212356 0.29896907216494845
1 0.527027027027027 0.9149484536082474 0.25868725868725867 0.08762886597938144
1 0.04826254826254826 0.711340206185567 0.09652509652509653 0.10309278350515463
1 0.055984555984555984 0.5695876288659794 0.11196911196911197 0.18041237113402062
1 0.11969111969111969 0.4252577319587629 0.23938223938223938 0.31443298969072164
1 0.06756756756756757 0.19072164948453607 0.13513513513513514 0.24742268041237114
1 0.08108108108108109 0.05412371134020619 0.16216216216216217 0.10824742268041238
1 0.13513513513513514 0.36082474226804123 0.2702702702702703 0.7216494845360825
1 0.4980694980694981 0.49742268041237114 0.9961389961389961 0.9948453608247423