1 0.882258064516129 0.8796296296296297 0.22903225806451613 0.22839506172839505
1 0.9387096774193548 0.6697530864197531 0.11612903225806452 0.42592592592592593
1 0.9354838709677419 0.33641975308641975 0.12258064516129032 0.3395061728395062
1 0.8629032258064516 0.13271604938271606 0.24838709677419354 0.2654320987654321
1 0.7741935483870968 0.4506172839506173 0.2 0.38271604938271603
1 0.532258064516129 0.4783950617283951 0.23225806451612904 0.4506172839506173
1 0.6838709677419355 0.75 0.23225806451612904 0.41358024691358025
1 0.6661290322580645 0.9753086419753086 0.12580645161290321 0.037037037037037035
1 0.6193548387096774 0.37037037037037035 0.11612903225806452 0.3333333333333333
1 0.6758064516129032 0.14814814814814814 0.16451612903225807 0.2962962962962963
1 0.5032258064516129 0.17592592592592593 0.1870967741935484 0.2654320987654321
1 0.532258064516129 0.05555555555555555 0.16129032258064516 0.1111111111111111
1 0.4032258064516129 0.040123456790123455 0.10967741935483871 0.08024691358024691
1 0.3951612903225806 0.1388888888888889 0.11290322580645161 0.24074074074074073
1 0.33064516129032256 0.3487654320987654 0.08709677419354839 0.21604938271604937
1 0.39838709677419354 0.404320987654321 0.16451612903225807 0.30246913580246915
1 0.2967741935483871 0.7283950617283951 0.27741935483870966 0.5185185185185185
1 0.4612903225806452 0.8148148148148148 0.23870967741935484 0.35802469135802467
1 0.1693548387096774 0.9382716049382716 0.1774193548387097 0.1111111111111111
1 0.043548387096774194 0.9228395061728395 0.08709677419354839 0.1419753086419753
1 0.08709677419354839 0.6790123456790124 0.16774193548387098 0.32098765432098764
1 0.1774193548387097 0.4074074074074074 0.23870967741935484 0.41975308641975306
1 0.2693548387096774 0.1574074074074074 0.15806451612903225 0.30246913580246915
1 0.18548387096774194 0.10185185185185185 0.054838709677419356 0.2037037037037037
1 0.08064516129032258 0.09567901234567901 0.16129032258064516 0.19135802469135801
1 0.0967741935483871 0.27469135802469136 0.15483870967741936 0.25308641975308643
1 0.00967741935483871 0.2932098765432099 0.01935483870967742 0.25308641975308643