1 0.9163636363636364 0.953551912568306 0.16 0.08196721311475409
1 0.9709090909090909 0.8633879781420765 0.05090909090909091 0.26229508196721313
1 0.84 0.8715846994535519 0.23272727272727273 0.18032786885245902
1 0.8709090909090909 0.9344262295081968 0.20727272727272728 0.12021857923497267
1 0.7054545454545454 0.76775956284153 0.28363636363636363 0.23497267759562843
1 0.84 0.5765027322404371 0.31272727272727274 0.4426229508196721
1 0.8581818181818182 0.28688524590163933 0.17454545454545456 0.2459016393442623
1 0.9527272727272728 0.4098360655737705 0.08727272727272728 0.16393442622950818
1 0.9490909090909091 0.2568306010928962 0.09454545454545454 0.17486338797814208
1 0.9490909090909091 0.09016393442622951 0.09454545454545454 0.18032786885245902
1 0.7745454545454545 0.1912568306010929 0.16 0.19672131147540983
1 0.84 0.13387978142076504 0.13818181818181818 0.09289617486338798
1 0.8109090909090909 0.04371584699453552 0.2909090909090909 0.08743169398907104
1 0.6672727272727272 0.0546448087431694 0.07636363636363637 0.1092896174863388
1 0.6309090909090909 0.24043715846994534 0.24363636363636362 0.29508196721311475
1 0.6690909090909091 0.40710382513661203 0.26181818181818184 0.2896174863387978
1 0.4672727272727273 0.8142076502732241 0.2290909090909091 0.36065573770491804
1 0.5527272727272727 0.9289617486338798 0.05818181818181818 0.13114754098360656
1 0.6090909090909091 0.9398907103825137 0.10545454545454545 0.1092896174863388
1 0.6981818181818182 0.9398907103825137 0.10181818181818182 0.1092896174863388
1 0.29818181818181816 0.8306010928961749 0.20363636363636364 0.32786885245901637
1 0.19636363636363635 0.9590163934426229 0.1890909090909091 0.07103825136612021
1 0.14181818181818182 0.76775956284153 0.14545454545454545 0.3770491803278688
1 0.20545454545454545 0.7650273224043715 0.09818181818181818 0.32786885245901637
1 0.3563636363636364 0.6475409836065574 0.22545454545454546 0.2896174863387978
1 0.4690909090909091 0.5519125683060109 0.13090909090909092 0.39344262295081966
1 0.35818181818181816 0.5273224043715847 0.14181818181818182 0.2459016393442623
1 0.22545454545454546 0.4972677595628415 0.14545454545454545 0.22950819672131148
1 0.2927272727272727 0.2786885245901639 0.14909090909090908 0.40437158469945356
1 0.49454545454545457 0.20491803278688525 0.2690909090909091 0.3989071038251366
1 0.4218181818181818 0.14207650273224043 0.15272727272727274 0.273224043715847
1 0.3654545454545455 0.10655737704918032 0.1709090909090909 0.21311475409836064
1 0.2381818181818182 0.05737704918032787 0.1709090909090909 0.11475409836065574
1 0.16545454545454547 0.2459016393442623 0.12727272727272726 0.4918032786885246
1 0.11090909090909092 0.4453551912568306 0.11272727272727273 0.10382513661202186
1 0.05090909090909091 0.7704918032786885 0.10181818181818182 0.44808743169398907
1 0.11090909090909092 0.9508196721311475 0.04 0.08743169398907104
1 0.05454545454545454 0.592896174863388 0.10909090909090909 0.2459016393442623
1 0.06909090909090909 0.6530054644808743 0.04363636363636364 0.07103825136612021
1 0.06363636363636363 0.3825136612021858 0.08363636363636363 0.24043715846994534
1 0.012727272727272728 0.4344262295081967 0.025454545454545455 0.18032786885245902
1 0.04181818181818182 0.30327868852459017 0.08363636363636363 0.11475409836065574
1 0.06181818181818182 0.13934426229508196 0.12363636363636364 0.2786885245901639
1 0.01818181818181818 0.14754098360655737 0.03636363636363636 0.29508196721311475