1 0.4212707182320442 0.49640287769784175 0.7486187845303868 0.9928057553956835
1 0.42679558011049723 0.6546762589928058 0.3729281767955801 0.6330935251798561
1 0.425414364640884 0.1618705035971223 0.17679558011049723 0.3237410071942446
1 0.4281767955801105 0.2949640287769784 0.287292817679558 0.2589928057553957
1 0.755524861878453 0.5323741007194245 0.058011049723756904 0.17266187050359713
1 0.6975138121546961 0.7589928057553957 0.058011049723756904 0.1079136690647482
1 0.7734806629834254 0.8165467625899281 0.0718232044198895 0.17985611510791366
1 0.8093922651933702 0.5827338129496403 0.03867403314917127 0.12949640287769784
1 0.8232044198895028 0.24820143884892087 0.11049723756906077 0.30935251798561153
1 0.893646408839779 0.03597122302158273 0.1298342541436464 0.07194244604316546
1 0.05939226519337017 0.2697841726618705 0.06353591160220995 0.07913669064748201
1 0.020718232044198894 0.10071942446043165 0.04143646408839779 0.2014388489208633
1 0.45027624309392267 0.8165467625899281 0.13259668508287292 0.2949640287769784
1 0.5580110497237569 0.7050359712230215 0.07734806629834254 0.18705035971223022
1 0.5842541436464088 0.5143884892086331 0.058011049723756904 0.26618705035971224
1 0.5428176795580111 0.42805755395683454 0.04696132596685083 0.1079136690647482
1 0.5179558011049724 0.539568345323741 0.09116022099447514 0.12949640287769784
1 0.47790055248618785 0.4316546762589928 0.055248618784530384 0.08633093525179857
1 0.45027624309392267 0.5467625899280576 0.06629834254143646 0.18705035971223022
1 0.3867403314917127 0.4028776978417266 0.07734806629834254 0.17266187050359713
1 0.35911602209944754 0.5539568345323741 0.09944751381215469 0.31654676258992803
1 0.31215469613259667 0.6510791366906474 0.13812154696132597 0.35251798561151076
1 0.4129834254143646 0.17985611510791366 0.10220994475138122 0.2733812949640288
1 0.47651933701657456 0.08273381294964029 0.0856353591160221 0.16546762589928057
1 0.494475138121547 0.3129496402877698 0.1270718232044199 0.2805755395683453
1 0.3494475138121547 0.25539568345323743 0.08011049723756906 0.16546762589928057