1 0.4777777777777778 0.6111111111111112 0.31555555555555553 0.29777777777777775
1 0.5355555555555556 0.7088888888888889 0.2088888888888889 0.1111111111111111
1 0.7577777777777778 0.6488888888888888 0.27111111111111114 0.18666666666666668
1 0.9088888888888889 0.5888888888888889 0.14666666666666667 0.15555555555555556
1 0.9288888888888889 0.5022222222222222 0.13333333333333333 0.2577777777777778
1 0.7422222222222222 0.5066666666666667 0.2577777777777778 0.12444444444444444
1 0.6 0.43777777777777777 0.26666666666666666 0.19111111111111112
1 0.6088888888888889 0.4066666666666667 0.08 0.1111111111111111
1 0.8022222222222222 0.37777777777777777 0.17333333333333334 0.17777777777777778
1 0.9422222222222222 0.27555555555555555 0.10666666666666667 0.2311111111111111
1 0.7311111111111112 0.24888888888888888 0.08444444444444445 0.1511111111111111
1 0.6422222222222222 0.24888888888888888 0.1111111111111111 0.18666666666666668
1 0.7577777777777778 0.19555555555555557 0.24444444444444444 0.17777777777777778
1 0.7666666666666667 0.08888888888888889 0.07555555555555556 0.08
1 0.56 0.18 0.09777777777777778 0.08444444444444445
1 0.5466666666666666 0.3022222222222222 0.21333333333333335 0.19555555555555557
1 0.43555555555555553 0.36 0.08888888888888889 0.08
1 0.44666666666666666 0.4222222222222222 0.06666666666666667 0.05333333333333334
1 0.36 0.5044444444444445 0.21333333333333335 0.16444444444444445
1 0.3244444444444444 0.35333333333333333 0.28444444444444444 0.25333333333333335
1 0.20666666666666667 0.31555555555555553 0.09333333333333334 0.16
1 0.13555555555555557 0.28444444444444444 0.1111111111111111 0.17777777777777778
1 0.26222222222222225 0.16 0.2222222222222222 0.1688888888888889
1 0.4266666666666667 0.16 0.12444444444444444 0.16
1 0.5488888888888889 0.14 0.13777777777777778 0.17333333333333334
1 0.6777777777777778 0.10222222222222223 0.1288888888888889 0.11555555555555555
1 0.7044444444444444 0.03777777777777778 0.057777777777777775 0.06666666666666667
1 0.6288888888888889 0.02666666666666667 0.08444444444444445 0.05333333333333334
1 0.5111111111111111 0.03777777777777778 0.1511111111111111 0.07555555555555556
1 0.36666666666666664 0.013333333333333334 0.13777777777777778 0.02666666666666667
1 0.39555555555555555 0.05333333333333334 0.17777777777777778 0.08888888888888889
1 0.21555555555555556 0.035555555555555556 0.10222222222222223 0.07111111111111111
1 0.3422222222222222 0.05555555555555555 0.19555555555555557 0.10222222222222223
1 0.08444444444444445 0.06222222222222222 0.09777777777777778 0.044444444444444446
1 0.07777777777777778 0.15555555555555556 0.057777777777777775 0.10666666666666667
1 0.15777777777777777 0.14444444444444443 0.13777777777777778 0.1111111111111111
1 0.5111111111111111 0.38 0.9688888888888889 0.76