1 0.8448905109489051 0.7472826086956522 0.3029197080291971 0.4945652173913043
1 0.968978102189781 0.9619565217391305 0.05474452554744526 0.06521739130434782
1 0.656934306569343 0.8885869565217391 0.2773722627737226 0.21195652173913043
1 0.7062043795620438 0.5978260869565217 0.22992700729927007 0.391304347826087
1 0.8996350364963503 0.391304347826087 0.19343065693430658 0.34782608695652173
1 0.9288321167883211 0.11956521739130435 0.13503649635036497 0.2391304347826087
1 0.6806569343065694 0.25 0.2591240875912409 0.3695652173913043
1 0.7299270072992701 0.04891304347826087 0.26277372262773724 0.09782608695652174
1 0.5072992700729927 0.059782608695652176 0.23357664233576642 0.11956521739130435
1 0.32116788321167883 0.21467391304347827 0.291970802919708 0.3532608695652174
1 0.4981751824817518 0.6820652173913043 0.3613138686131387 0.5597826086956522
1 0.36313868613138683 0.595108695652174 0.20802919708029197 0.4076086956521739
1 0.354014598540146 0.9130434782608695 0.3357664233576642 0.16304347826086957
1 0.1843065693430657 0.5081521739130435 0.3175182481751825 0.45108695652173914
1 0.11313868613138686 0.8179347826086957 0.22627737226277372 0.3532608695652174
1 0.03467153284671533 0.48097826086956524 0.06934306569343066 0.3532608695652174
1 0.025547445255474453 0.04076086956521739 0.051094890510948905 0.08152173913043478