1 0.8155737704918032 0.7233009708737864 0.09836065573770492 0.1553398058252427
1 0.875 0.7330097087378641 0.14344262295081966 0.2524271844660194
1 0.9487704918032787 0.5898058252427184 0.028688524590163935 0.024271844660194174
1 0.9774590163934426 0.5436893203883495 0.020491803278688523 0.019417475728155338
1 0.9262295081967213 0.3762135922330097 0.11475409836065574 0.09223300970873786
1 0.8401639344262295 0.5121359223300971 0.21311475409836064 0.21844660194174756
1 0.8319672131147541 0.4830097087378641 0.09836065573770492 0.13106796116504854
1 0.7663934426229508 0.5800970873786407 0.12295081967213115 0.15048543689320387
1 0.6004098360655737 0.7597087378640777 0.21721311475409835 0.23786407766990292
1 0.3442622950819672 0.7669902912621359 0.09836065573770492 0.18446601941747573
1 0.4057377049180328 0.6941747572815534 0.1557377049180328 0.20388349514563106
1 0.5778688524590164 0.49271844660194175 0.27049180327868855 0.33495145631067963
1 0.6926229508196722 0.279126213592233 0.23770491803278687 0.23786407766990292
1 0.8155737704918032 0.35436893203883496 0.09016393442622951 0.08737864077669903
1 0.8524590163934426 0.25485436893203883 0.09016393442622951 0.06310679611650485
1 0.8504098360655737 0.3058252427184466 0.06967213114754098 0.02912621359223301
1 0.6372950819672131 0.1262135922330097 0.0942622950819672 0.08737864077669903
1 0.5573770491803278 0.14805825242718446 0.08196721311475409 0.13106796116504854
1 0.319672131147541 0.09223300970873786 0.45081967213114754 0.18446601941747573
1 0.430327868852459 0.20388349514563106 0.28688524590163933 0.2621359223300971
1 0.2889344262295082 0.49514563106796117 0.35655737704918034 0.39805825242718446
1 0.21311475409836064 0.7864077669902912 0.22131147540983606 0.23300970873786409
1 0.040983606557377046 0.5339805825242718 0.08196721311475409 0.24271844660194175
1 0.09631147540983606 0.5024271844660194 0.05327868852459016 0.07281553398058252
1 0.07172131147540983 0.6771844660194175 0.14344262295081966 0.10194174757281553
1 0.14549180327868852 0.24029126213592233 0.29098360655737704 0.2961165048543689
1 0.045081967213114756 0.4077669902912621 0.09016393442622951 0.038834951456310676
1 0.12090163934426229 0.4029126213592233 0.06967213114754098 0.14563106796116504