1 0.1693548387096774 0.22392638036809817 0.20967741935483872 0.17791411042944785
1 0.4790322580645161 0.2116564417177914 0.267741935483871 0.12883435582822086
1 0.6241935483870967 0.3282208588957055 0.4032258064516129 0.10429447852760736
1 0.8451612903225807 0.4294478527607362 0.1870967741935484 0.26993865030674846
1 0.785483870967742 0.24846625766871167 0.13225806451612904 0.10429447852760736
1 0.6758064516129032 0.21779141104294478 0.08064516129032258 0.15337423312883436
1 0.7112903225806452 0.13190184049079753 0.08064516129032258 0.26380368098159507
1 0.2467741935483871 0.6319018404907976 0.1774193548387097 0.2822085889570552
1 0.5483870967741935 0.745398773006135 0.15483870967741936 0.25153374233128833
1 0.8048387096774193 0.7116564417177914 0.1064516129032258 0.18404907975460122
1 0.8741935483870967 0.6595092024539877 0.04516129032258064 0.06748466257668712
1 0.7596774193548387 0.598159509202454 0.14516129032258066 0.2392638036809816
1 0.667741935483871 0.6656441717791411 0.10967741935483871 0.12883435582822086
1 0.5967741935483871 0.5766871165644172 0.14838709677419354 0.2085889570552147
1 0.3919354838709677 0.8251533742331288 0.11290322580645161 0.20245398773006135
1 0.4129032258064516 0.7300613496932515 0.08387096774193549 0.09815950920245399
1 0.45483870967741935 0.6748466257668712 0.0967741935483871 0.2085889570552147
1 0.4790322580645161 0.5736196319018405 0.1 0.10429447852760736
1 0.5370967741935484 0.5214723926380368 0.041935483870967745 0.06134969325153374
1 0.6080645161290322 0.5 0.06129032258064516 0.10429447852760736
1 0.36612903225806454 0.5306748466257669 0.11290322580645161 0.20245398773006135
1 0.34838709677419355 0.6503067484662577 0.07741935483870968 0.15950920245398773
1 0.45645161290322583 0.48466257668711654 0.08064516129032258 0.11042944785276074
1 0.5032258064516129 0.4386503067484663 0.14838709677419354 0.15337423312883436
1 0.5838709677419355 0.4294478527607362 0.03870967741935484 0.09815950920245399
1 0.6596774193548387 0.4447852760736196 0.17096774193548386 0.1901840490797546
1 0.36612903225806454 0.4171779141104294 0.07419354838709677 0.09815950920245399
1 0.4080645161290323 0.3312883435582822 0.054838709677419356 0.09815950920245399
1 0.3564516129032258 0.3220858895705521 0.04838709677419355 0.09202453987730061
1 0.36612903225806454 0.2668711656441718 0.06129032258064516 0.06748466257668712
1 0.2870967741935484 0.4601226993865031 0.09032258064516129 0.147239263803681
1 0.18387096774193548 0.5061349693251533 0.15483870967741936 0.2392638036809816
1 0.1596774193548387 0.3619631901840491 0.11935483870967742 0.18404907975460122
1 0.09193548387096774 0.4754601226993865 0.1 0.15337423312883436
1 0.2467741935483871 0.3067484662576687 0.07419354838709677 0.08588957055214724