1 0.4420849420849421 0.9561855670103093 0.1274131274131274 0.07731958762886598
1 0.5926640926640927 0.9149484536082474 0.15057915057915058 0.15979381443298968
1 0.722007722007722 0.8376288659793815 0.13127413127413126 0.15979381443298968
1 0.7953667953667953 0.6675257731958762 0.1776061776061776 0.22164948453608246
1 0.88996138996139 0.5309278350515464 0.13513513513513514 0.18556701030927836
1 0.8687258687258688 0.5077319587628866 0.07722007722007722 0.10824742268041238
1 0.806949806949807 0.5489690721649485 0.07722007722007722 0.08762886597938144
1 0.7413127413127413 0.45618556701030927 0.14671814671814673 0.17010309278350516
1 0.7123552123552124 0.5412371134020618 0.09652509652509653 0.12371134020618557
1 0.6853281853281853 0.5773195876288659 0.11969111969111969 0.10309278350515463
1 0.6447876447876448 0.46649484536082475 0.10038610038610038 0.14948453608247422
1 0.696911196911197 0.32216494845360827 0.17374517374517376 0.2422680412371134
1 0.7567567567567568 0.38402061855670105 0.05405405405405406 0.10824742268041238
1 0.8397683397683398 0.2809278350515464 0.16602316602316602 0.27319587628865977
1 0.8416988416988417 0.41494845360824745 0.12355212355212356 0.12886597938144329
1 0.6718146718146718 0.1958762886597938 0.20077220077220076 0.15463917525773196
1 0.7104247104247104 0.10309278350515463 0.07722007722007722 0.061855670103092786
1 0.5733590733590733 0.07474226804123711 0.09652509652509653 0.13917525773195877
1 0.6235521235521235 0.02577319587628866 0.07335907335907337 0.05154639175257732
1 0.4942084942084942 0.030927835051546393 0.14671814671814673 0.061855670103092786
1 0.4864864864864865 0.041237113402061855 0.10038610038610038 0.08247422680412371
1 0.527027027027027 0.08247422680412371 0.05019305019305019 0.05154639175257732
1 0.5212355212355212 0.1134020618556701 0.05405405405405406 0.061855670103092786
1 0.5579150579150579 0.16237113402061856 0.07335907335907337 0.10824742268041238
1 0.4826254826254826 0.22938144329896906 0.14671814671814673 0.11855670103092783
1 0.583011583011583 0.25257731958762886 0.06177606177606178 0.08247422680412371
1 0.5424710424710425 0.3943298969072165 0.16602316602316602 0.25257731958762886
1 0.5714285714285714 0.5876288659793815 0.14671814671814673 0.1958762886597938
1 0.5328185328185329 0.75 0.16988416988416988 0.25257731958762886
1 0.39768339768339767 0.8247422680412371 0.2471042471042471 0.23711340206185566
1 0.3803088803088803 0.8582474226804123 0.05791505791505792 0.03608247422680412
1 0.35135135135135137 0.8814432989690721 0.07722007722007722 0.061855670103092786
1 0.3938223938223938 0.6520618556701031 0.13127413127413126 0.18041237113402062
1 0.38996138996138996 0.6701030927835051 0.05405405405405406 0.07216494845360824
1 0.4594594594594595 0.6005154639175257 0.15444015444015444 0.14948453608247422
1 0.4575289575289575 0.49226804123711343 0.11196911196911197 0.10824742268041238
1 0.32432432432432434 0.5077319587628866 0.18532818532818532 0.22164948453608246
1 0.39575289575289574 0.3556701030927835 0.1274131274131274 0.16494845360824742
1 0.361003861003861 0.31443298969072164 0.11196911196911197 0.15463917525773196
1 0.3590733590733591 0.211340206185567 0.08494208494208494 0.08247422680412371
1 0.2799227799227799 0.7396907216494846 0.11969111969111969 0.18041237113402062
1 0.24324324324324326 0.6829896907216495 0.023166023166023165 0.04639175257731959
1 0.2625482625482625 0.6649484536082474 0.03861003861003861 0.020618556701030927
1 0.2972972972972973 0.6829896907216495 0.03088803088803089 0.04639175257731959
1 0.24517374517374518 0.6056701030927835 0.03474903474903475 0.05670103092783505
1 0.23938223938223938 0.5747422680412371 0.06177606177606178 0.17010309278350516
1 0.2335907335907336 0.4742268041237113 0.05019305019305019 0.09278350515463918
1 0.2548262548262548 0.38917525773195877 0.03088803088803089 0.06701030927835051
1 0.29343629343629346 0.36082474226804123 0.0694980694980695 0.14432989690721648
1 0.2625482625482625 0.2706185567010309 0.11583011583011583 0.10824742268041238
1 0.28378378378378377 0.19845360824742267 0.0888030888030888 0.07731958762886598
1 0.30694980694980695 0.14432989690721648 0.22007722007722008 0.13402061855670103
1 0.3841698841698842 0.10824742268041238 0.11196911196911197 0.16494845360824742
1 0.44015444015444016 0.0979381443298969 0.10038610038610038 0.12371134020618557
1 0.3687258687258687 0.03608247422680412 0.10424710424710425 0.07216494845360824
1 0.2277992277992278 0.028350515463917526 0.0694980694980695 0.05670103092783505
1 0.2799227799227799 0.02577319587628866 0.09652509652509653 0.05154639175257732
1 0.28378378378378377 0.04896907216494845 0.06563706563706563 0.05670103092783505
1 0.16602316602316602 0.03865979381443299 0.09266409266409266 0.07731958762886598
1 0.22007722007722008 0.06701030927835051 0.05405405405405406 0.05154639175257732
1 0.059845559845559844 0.09020618556701031 0.11969111969111969 0.18041237113402062
1 0.10231660231660232 0.02577319587628866 0.08108108108108109 0.05154639175257732
1 0.11969111969111969 0.08247422680412371 0.20077220077220076 0.16494845360824742
1 0.16023166023166024 0.13402061855670103 0.1583011583011583 0.14432989690721648
1 0.07722007722007722 0.22422680412371135 0.10038610038610038 0.14948453608247422
1 0.15637065637065636 0.2422680412371134 0.1274131274131274 0.13402061855670103
1 0.18146718146718147 0.38144329896907214 0.16216216216216217 0.15463917525773196
1 0.16023166023166024 0.4845360824742268 0.1274131274131274 0.09278350515463918
1 0.14092664092664092 0.5773195876288659 0.14285714285714285 0.20618556701030927
1 0.18725868725868725 0.7319587628865979 0.05791505791505792 0.14432989690721648
1 0.23745173745173745 0.8814432989690721 0.0888030888030888 0.14432989690721648
1 0.28378378378378377 0.9432989690721649 0.08108108108108109 0.10309278350515463
1 0.28957528957528955 0.961340206185567 0.18532818532818532 0.06701030927835051
1 0.16216216216216217 0.9536082474226805 0.09266409266409266 0.08247422680412371
1 0.08494208494208494 0.8969072164948454 0.09266409266409266 0.14432989690721648
1 0.12934362934362933 0.8118556701030928 0.14285714285714285 0.25257731958762886
1 0.09845559845559845 0.8144329896907216 0.02702702702702703 0.07216494845360824
1 0.11969111969111969 0.5515463917525774 0.03861003861003861 0.05154639175257732
1 0.1138996138996139 0.6262886597938144 0.02702702702702703 0.04639175257731959
1 0.13706563706563707 0.6649484536082474 0.02702702702702703 0.030927835051546393
1 0.09845559845559845 0.6649484536082474 0.05791505791505792 0.08247422680412371
1 0.06177606177606178 0.7242268041237113 0.12355212355212356 0.19072164948453607
1 0.017374517374517374 0.8195876288659794 0.03474903474903475 0.26804123711340205
1 0.03667953667953668 0.9664948453608248 0.07335907335907337 0.05670103092783505
1 0.06563706563706563 0.6314432989690721 0.13127413127413126 0.12886597938144329
1 0.059845559845559844 0.4845360824742268 0.11969111969111969 0.16494845360824742
1 0.02702702702702703 0.43041237113402064 0.05405405405405406 0.17010309278350516
1 0.07142857142857142 0.3479381443298969 0.08108108108108109 0.08762886597938144
1 0.03474903474903475 0.28865979381443296 0.0694980694980695 0.12371134020618557
1 0.05019305019305019 0.2422680412371134 0.0694980694980695 0.10309278350515463
1 0.4768339768339768 0.49742268041237114 0.9536679536679536 0.9948453608247423