1 0.5163636363636364 0.587431693989071 0.41454545454545455 0.5846994535519126
1 0.7490909090909091 0.7868852459016393 0.19636363636363635 0.26229508196721313
1 0.7181818181818181 0.5655737704918032 0.41818181818181815 0.21311475409836064
1 0.6509090909090909 0.4562841530054645 0.32727272727272727 0.04918032786885246
1 0.649090909090909 0.39617486338797814 0.41818181818181815 0.09289617486338798
1 0.49818181818181817 0.7540983606557377 0.16727272727272727 0.36065573770491804
1 0.33636363636363636 0.48633879781420764 0.22181818181818183 0.9508196721311475
1 0.7236363636363636 0.17486338797814208 0.5454545454545454 0.34972677595628415
1 0.9272727272727272 0.4262295081967213 0.13818181818181818 0.13114754098360656
1 0.96 0.7431693989071039 0.07272727272727272 0.5027322404371585
1 0.8836363636363637 0.8306010928961749 0.08727272727272728 0.32786885245901637
1 0.6545454545454545 0.9590163934426229 0.3709090909090909 0.07103825136612021
1 0.6127272727272727 0.8770491803278688 0.05454545454545454 0.09289617486338798
1 0.6854545454545454 0.8989071038251366 0.07636363636363637 0.03825136612021858
1 0.4018181818181818 0.8688524590163934 0.07636363636363637 0.25136612021857924
1 0.4036363636363636 0.6721311475409836 0.03636363636363636 0.15300546448087432
1 0.2309090909090909 0.9726775956284153 0.26545454545454544 0.04371584699453552
1 0.11090909090909092 0.47540983606557374 0.22181818181818183 0.9508196721311475