1 0.6812977099236641 0.6062176165803109 0.2862595419847328 0.43523316062176165
1 0.666030534351145 0.7564766839378239 0.14885496183206107 0.16580310880829016
1 0.5 0.6269430051813472 0.12213740458015267 0.16580310880829016
1 0.3950381679389313 0.6191709844559585 0.2862595419847328 0.43005181347150256
1 0.20229007633587787 0.7927461139896373 0.07633587786259542 0.11398963730569948
1 0.12213740458015267 0.7461139896373057 0.1297709923664122 0.14507772020725387
1 0.10305343511450382 0.8082901554404145 0.08396946564885496 0.10362694300518134
1 0.21374045801526717 0.6088082901554405 0.22137404580152673 0.2849740932642487
1 0.8492366412213741 0.7694300518134715 0.11068702290076336 0.10880829015544041
1 0.8225190839694656 0.8316062176165803 0.05725190839694656 0.06735751295336788
1 0.8874045801526718 0.8186528497409327 0.05725190839694656 0.08290155440414508
1 0.9465648854961832 0.8419689119170984 0.061068702290076333 0.07772020725388601
1 0.9561068702290076 0.7953367875647669 0.08015267175572519 0.11917098445595854
1 0.9274809160305344 0.7176165803108808 0.08396946564885496 0.12953367875647667
1 0.9522900763358778 0.5544041450777202 0.08778625954198473 0.20725388601036268
1 0.982824427480916 0.694300518134715 0.026717557251908396 0.10362694300518134
1 0.04198473282442748 0.6968911917098446 0.08396946564885496 0.15025906735751296
1 0.04961832061068702 0.5958549222797928 0.09923664122137404 0.14507772020725387
1 0.06870229007633588 0.4792746113989637 0.13740458015267176 0.17098445595854922
1 0.12213740458015267 0.3626943005181347 0.21374045801526717 0.24870466321243523
1 0.6240458015267175 0.24093264248704663 0.1717557251908397 0.20207253886010362
1 0.7251908396946565 0.15025906735751296 0.3053435114503817 0.29015544041450775
1 0.8301526717557252 0.18652849740932642 0.14122137404580154 0.22797927461139897
1 0.9312977099236641 0.24352331606217617 0.1297709923664122 0.43523316062176165
1 0.4026717557251908 0.17098445595854922 0.3320610687022901 0.34196891191709844
1 0.5763358778625954 0.05181347150259067 0.15267175572519084 0.10362694300518134
1 0.8129770992366412 0.031088082901554404 0.12213740458015267 0.06217616580310881
1 0.9370229007633588 0.03626943005181347 0.1183206106870229 0.07253886010362694
1 0.9751908396946565 0.11917098445595854 0.04198473282442748 0.07253886010362694
1 0.7041984732824428 0.0051813471502590676 0.09541984732824428 0.010362694300518135
1 0.20610687022900764 0.13212435233160622 0.05343511450381679 0.07772020725388601
1 0.2480916030534351 0.09844559585492228 0.022900763358778626 0.06217616580310881
1 0.24427480916030533 0.04922279792746114 0.04580152671755725 0.07772020725388601
1 0.1946564885496183 0.054404145077720206 0.04580152671755725 0.07772020725388601
1 0.16793893129770993 0.023316062176165803 0.06870229007633588 0.046632124352331605
1 0.1297709923664122 0.06735751295336788 0.05343511450381679 0.07253886010362694
1 0.16793893129770993 0.10880829015544041 0.03816793893129771 0.06217616580310881
1 0.1431297709923664 0.13471502590673576 0.04961832061068702 0.05181347150259067
1 0.1965648854961832 0.19689119170984457 0.0648854961832061 0.09326424870466321
1 0.13358778625954199 0.19430051813471502 0.05343511450381679 0.06735751295336788
1 0.08206106870229007 0.19948186528497408 0.05725190839694656 0.07772020725388601
1 0.08206106870229007 0.12176165803108809 0.0648854961832061 0.08808290155440414
1 0.09732824427480916 0.06735751295336788 0.026717557251908396 0.04145077720207254
1 0.04198473282442748 0.16321243523316062 0.03816793893129771 0.07772020725388601
1 0.04007633587786259 0.24093264248704663 0.04198473282442748 0.06735751295336788
1 0.0648854961832061 0.13471502590673576 0.1297709923664122 0.2694300518134715
1 0.8473282442748091 0.5984455958549223 0.12213740458015267 0.27461139896373055
1 0.8129770992366412 0.5077720207253886 0.2824427480916031 0.43523316062176165