1 0.9417670682730924 0.8688118811881188 0.10843373493975904 0.20297029702970298
1 0.9357429718875502 0.9579207920792079 0.12048192771084337 0.07425742574257425
1 0.8152610441767069 0.8935643564356436 0.1927710843373494 0.20297029702970298
1 0.7409638554216867 0.5891089108910891 0.11646586345381527 0.1782178217821782
1 0.9196787148594378 0.7425742574257426 0.11244979919678715 0.12871287128712872
1 0.9678714859437751 0.6212871287128713 0.05622489959839357 0.2722772277227723
1 0.8534136546184738 0.6534653465346535 0.21285140562248997 0.3465346534653465
1 0.929718875502008 0.49504950495049505 0.10040160642570281 0.10891089108910891
1 0.8634538152610441 0.4282178217821782 0.07228915662650602 0.08415841584158416
1 0.8433734939759037 0.45544554455445546 0.08032128514056225 0.07920792079207921
1 0.9397590361445783 0.3341584158415842 0.11244979919678715 0.28217821782178215
1 0.8995983935742972 0.11138613861386139 0.1927710843373494 0.22277227722772278
1 0.8132530120481928 0.2722772277227723 0.14056224899598393 0.2376237623762376
1 0.6987951807228916 0.3688118811881188 0.23293172690763053 0.2722772277227723
1 0.6927710843373494 0.1707920792079208 0.06827309236947791 0.13366336633663367
1 0.6967871485943775 0.09900990099009901 0.21285140562248997 0.19801980198019803
1 0.5100401606425703 0.04702970297029703 0.10441767068273092 0.09405940594059406
1 0.5803212851405622 0.1188118811881188 0.19678714859437751 0.2376237623762376
1 0.4979919678714859 0.31683168316831684 0.21686746987951808 0.32673267326732675
1 0.6104417670682731 0.5544554455445545 0.1686746987951807 0.21782178217821782
1 0.6726907630522089 0.7623762376237624 0.1646586345381526 0.2376237623762376
1 0.6265060240963856 0.9034653465346535 0.0963855421686747 0.13366336633663367
1 0.7128514056224899 0.9628712871287128 0.24497991967871485 0.06435643564356436
1 0.4799196787148594 0.900990099009901 0.20481927710843373 0.18811881188118812
1 0.5 0.7301980198019802 0.10040160642570281 0.19306930693069307
1 0.5662650602409639 0.745049504950495 0.0642570281124498 0.16336633663366337
1 0.42971887550200805 0.6089108910891089 0.1927710843373494 0.21782178217821782
1 0.39759036144578314 0.4900990099009901 0.11244979919678715 0.06930693069306931
1 0.3373493975903614 0.6188118811881188 0.04819277108433735 0.15841584158415842
1 0.25100401606425704 0.6955445544554455 0.09236947791164658 0.12376237623762376
1 0.23694779116465864 0.9108910891089109 0.07228915662650602 0.16831683168316833
1 0.321285140562249 0.9579207920792079 0.1606425702811245 0.07425742574257425
1 0.3333333333333333 0.8044554455445545 0.20883534136546184 0.24257425742574257
1 0.142570281124498 0.849009900990099 0.22088353413654618 0.29207920792079206
1 0.02610441767068273 0.9356435643564357 0.05220883534136546 0.1188118811881188
1 0.0642570281124498 0.6782178217821783 0.1285140562248996 0.3069306930693069
1 0.24096385542168675 0.5470297029702971 0.2248995983935743 0.2623762376237624
1 0.321285140562249 0.349009900990099 0.18473895582329317 0.24257425742574257
1 0.36947791164658633 0.20544554455445543 0.10441767068273092 0.07425742574257425
1 0.357429718875502 0.11633663366336634 0.20883534136546184 0.23267326732673269
1 0.22289156626506024 0.22772277227722773 0.10843373493975904 0.10891089108910891
1 0.24096385542168675 0.13861386138613863 0.05622489959839357 0.0891089108910891
1 0.23293172690763053 0.3564356435643564 0.05622489959839357 0.15841584158415842
1 0.1144578313253012 0.35148514851485146 0.19678714859437751 0.2871287128712871
1 0.02610441767068273 0.3712871287128713 0.05220883534136546 0.31683168316831684
1 0.06224899598393574 0.1905940594059406 0.10040160642570281 0.08415841584158416
1 0.1646586345381526 0.1485148514851485 0.14457831325301204 0.21782178217821782
1 0.21887550200803213 0.04950495049504951 0.18875502008032127 0.09900990099009901
1 0.0642570281124498 0.07920792079207921 0.1285140562248996 0.15841584158415842
1 0.014056224899598393 0.2103960396039604 0.028112449799196786 0.09405940594059406
1 0.4979919678714859 0.4975247524752475 0.9959839357429718 0.995049504950495