1 0.8935185185185185 0.6587982832618026 0.16666666666666666 0.23605150214592274
1 0.9328703703703703 0.869098712446352 0.09722222222222222 0.19313304721030042
1 0.7638888888888888 0.8433476394849786 0.25 0.22746781115879827
1 0.5300925925925926 0.8540772532188842 0.20833333333333334 0.1888412017167382
1 0.39351851851851855 0.7060085836909872 0.24074074074074073 0.1759656652360515
1 0.32175925925925924 0.8648068669527897 0.22685185185185186 0.18454935622317598
1 0.1111111111111111 0.8648068669527897 0.19444444444444445 0.18454935622317598
1 0.08101851851851852 0.740343347639485 0.13425925925925927 0.16738197424892703
1 0.10185185185185185 0.6266094420600858 0.17592592592592593 0.24892703862660945
1 0.14814814814814814 0.5278969957081545 0.1388888888888889 0.22317596566523606
1 0.7962962962962963 0.259656652360515 0.24074074074074073 0.19313304721030042
1 0.9166666666666666 0.36909871244635195 0.12037037037037036 0.18025751072961374
1 0.8726851851851852 0.4291845493562232 0.09722222222222222 0.07725321888412018
1 0.9421296296296297 0.24892703862660945 0.06944444444444445 0.08583690987124463
1 0.7754629629629629 0.15665236051502146 0.2361111111111111 0.13304721030042918
1 0.5509259259259259 0.15450643776824036 0.23148148148148148 0.15450643776824036
1 0.6018518518518519 0.2532188841201717 0.14814814814814814 0.12875536480686695
1 0.7546296296296297 0.3111587982832618 0.2037037037037037 0.11587982832618025
1 0.4513888888888889 0.2510729613733906 0.2175925925925926 0.16738197424892703
1 0.18518518518518517 0.41201716738197425 0.2222222222222222 0.1459227467811159
1 0.15046296296296297 0.26609442060085836 0.27314814814814814 0.26609442060085836
1 0.3425925925925926 0.21030042918454936 0.16666666666666666 0.1459227467811159
1 0.3726851851851852 0.3776824034334764 0.27314814814814814 0.20600858369098712
1 0.5462962962962963 0.5965665236051502 0.10185185185185185 0.10300429184549356
1 0.5902777777777778 0.6630901287553648 0.06944444444444445 0.07296137339055794
1 0.6319444444444444 0.6373390557939914 0.09722222222222222 0.09871244635193133
1 0.6527777777777778 0.5772532188841202 0.08333333333333333 0.06437768240343347
1 0.7013888888888888 0.5236051502145923 0.08796296296296297 0.10300429184549356
1 0.6157407407407407 0.5214592274678111 0.08333333333333333 0.09871244635193133
1 0.5138888888888888 0.5085836909871244 0.10185185185185185 0.07296137339055794
1 0.5601851851851852 0.43991416309012876 0.1111111111111111 0.06437768240343347
1 0.6620370370370371 0.44635193133047213 0.07407407407407407 0.07725321888412018
1 0.7337962962962963 0.4270386266094421 0.09722222222222222 0.09871244635193133
1 0.7939814814814815 0.4034334763948498 0.08796296296296297 0.08583690987124463
1 0.7152777777777778 0.3776824034334764 0.06018518518518518 0.04291845493562232
1 0.6481481481481481 0.38626609442060084 0.07407407407407407 0.06866952789699571
1 0.5486111111111112 0.3669527896995708 0.09722222222222222 0.07296137339055794
1 0.6041666666666666 0.3111587982832618 0.08796296296296297 0.07296137339055794