1 0.8858695652173914 0.27197802197802196 0.2210144927536232 0.33516483516483514
1 0.8967391304347826 0.4258241758241758 0.06884057971014493 0.08241758241758242
1 0.8206521739130435 0.46703296703296704 0.09057971014492754 0.16483516483516483
1 0.9094202898550725 0.6071428571428571 0.10869565217391304 0.19230769230769232
1 0.875 0.7225274725274725 0.11231884057971014 0.17032967032967034
1 0.7735507246376812 0.7692307692307693 0.12681159420289856 0.17582417582417584
1 0.8170289855072463 0.6263736263736264 0.11956521739130435 0.17582417582417584
1 0.7101449275362319 0.5879120879120879 0.10869565217391304 0.18681318681318682
1 0.7155797101449275 0.4835164835164835 0.13405797101449277 0.14285714285714285
1 0.6177536231884058 0.5934065934065934 0.07608695652173914 0.14285714285714285
1 0.6376811594202898 0.7554945054945055 0.15942028985507245 0.22527472527472528
1 0.5471014492753623 0.6593406593406593 0.11594202898550725 0.21978021978021978
1 0.6721014492753623 0.22527472527472528 0.3442028985507246 0.3956043956043956
1 0.6086956521739131 0.1043956043956044 0.2391304347826087 0.2087912087912088
1 0.2753623188405797 0.12912087912087913 0.14492753623188406 0.13736263736263737
1 0.4166666666666667 0.14835164835164835 0.14492753623188406 0.16483516483516483
1 0.3695652173913043 0.054945054945054944 0.12318840579710146 0.054945054945054944
1 0.24094202898550723 0.08516483516483517 0.11231884057971014 0.1043956043956044
1 0.16485507246376813 0.21428571428571427 0.10507246376811594 0.10989010989010989
1 0.2644927536231884 0.23901098901098902 0.12318840579710146 0.07142857142857142
1 0.1358695652173913 0.33791208791208793 0.2717391304347826 0.15934065934065933
1 0.21920289855072464 0.3021978021978022 0.39492753623188404 0.3516483516483517
1 0.2246376811594203 0.3626373626373626 0.37681159420289856 0.3956043956043956
1 0.2971014492753623 0.3543956043956044 0.38405797101449274 0.554945054945055
1 0.4166666666666667 0.29395604395604397 0.11594202898550725 0.12637362637362637
1 0.4855072463768116 0.2857142857142857 0.10869565217391304 0.14285714285714285
1 0.427536231884058 0.4532967032967033 0.2608695652173913 0.2032967032967033
1 0.4945652173913043 0.4532967032967033 0.2644927536231884 0.1043956043956044
1 0.25181159420289856 0.5714285714285714 0.09057971014492754 0.15384615384615385
1 0.20108695652173914 0.6401098901098901 0.07608695652173914 0.1043956043956044
1 0.26992753623188404 0.7115384615384616 0.06884057971014493 0.13736263736263737
1 0.33695652173913043 0.7005494505494505 0.07246376811594203 0.11538461538461539
1 0.358695652173913 0.7884615384615384 0.10144927536231885 0.11538461538461539
1 0.4057971014492754 0.6730769230769231 0.14492753623188406 0.33516483516483514
1 0.49818840579710144 0.6538461538461539 0.15579710144927536 0.4065934065934066
1 0.4963768115942029 0.7664835164835165 0.07246376811594203 0.08241758241758242
1 0.5054347826086957 0.8241758241758241 0.09782608695652174 0.07692307692307693
1 0.5905797101449275 0.49175824175824173 0.043478260869565216 0.06043956043956044