1 0.11635220125786164 0.7830188679245284 0.1509433962264151 0.22012578616352202
1 0.07232704402515723 0.5817610062893082 0.10062893081761007 0.23270440251572327
1 0.13679245283018868 0.29874213836477986 0.12264150943396226 0.32075471698113206
1 0.23270440251572327 0.13836477987421383 0.1069182389937107 0.25157232704402516
1 0.31446540880503143 0.4968553459119497 0.06289308176100629 0.27672955974842767
1 0.22641509433962265 0.5314465408805031 0.10062893081761007 0.22012578616352202
1 0.4088050314465409 0.5723270440251572 0.1069182389937107 0.2138364779874214
1 0.5455974842767296 0.42452830188679247 0.11006289308176101 0.24528301886792453
1 0.5330188679245284 0.14779874213836477 0.11006289308176101 0.2578616352201258
1 0.6839622641509434 0.8018867924528302 0.09748427672955975 0.15723270440251572
1 0.5959119496855346 0.6823899371069182 0.09119496855345911 0.16981132075471697
1 0.6525157232704403 0.550314465408805 0.07861635220125786 0.15723270440251572
1 0.6965408805031447 0.5849056603773585 0.09119496855345911 0.22641509433962265
1 0.7767295597484277 0.7484276729559748 0.08176100628930817 0.2138364779874214
1 0.8254716981132075 0.710691823899371 0.09119496855345911 0.1761006289308176
1 0.9088050314465409 0.8553459119496856 0.13836477987421383 0.27672955974842767
1 0.9355345911949685 0.610062893081761 0.12264150943396226 0.3270440251572327
1 0.9056603773584906 0.4968553459119497 0.13836477987421383 0.25157232704402516
1 0.9811320754716981 0.48742138364779874 0.031446540880503145 0.18238993710691823
1 0.9654088050314465 0.279874213836478 0.06289308176100629 0.24528301886792453
1 0.970125786163522 0.06918238993710692 0.05345911949685535 0.13836477987421383
1 0.9355345911949685 0.14465408805031446 0.059748427672955975 0.11320754716981132
1 0.8694968553459119 0.07232704402515723 0.10377358490566038 0.14465408805031446
1 0.7861635220125787 0.1509433962264151 0.10062893081761007 0.25157232704402516
1 0.8679245283018868 0.27672955974842767 0.12578616352201258 0.22641509433962265
1 0.8207547169811321 0.5188679245283019 0.07547169811320754 0.23270440251572327
1 0.7484276729559748 0.389937106918239 0.11949685534591195 0.25157232704402516
1 0.6477987421383647 0.3081761006289308 0.1069182389937107 0.2893081761006289
1 0.7059748427672956 0.16037735849056603 0.10377358490566038 0.20754716981132076
1 0.610062893081761 0.15723270440251572 0.0880503144654088 0.1761006289308176