1 0.8910891089108911 0.688622754491018 0.21122112211221122 0.6107784431137725
1 0.5973597359735974 0.8802395209580839 0.7062706270627063 0.2275449101796407
1 0.7887788778877888 0.9311377245508982 0.33003300330033003 0.12574850299401197
1 0.7970297029702971 0.5 0.22112211221122113 0.592814371257485
1 0.858085808580858 0.3083832335329341 0.27722772277227725 0.49700598802395207
1 0.9240924092409241 0.23652694610778444 0.14521452145214522 0.3652694610778443
1 0.929042904290429 0.08982035928143713 0.056105610561056105 0.17964071856287425
1 0.9702970297029703 0.10778443113772455 0.052805280528052806 0.16766467065868262
1 0.8514851485148515 0.05389221556886228 0.13861386138613863 0.10778443113772455
1 0.7557755775577558 0.038922155688622756 0.0594059405940594 0.07784431137724551
1 0.6864686468646864 0.08383233532934131 0.1254125412541254 0.16766467065868262
1 0.5495049504950495 0.0748502994011976 0.22112211221122113 0.1497005988023952
1 0.6056105610561056 0.12275449101796407 0.1551155115511551 0.07784431137724551
1 0.45874587458745875 0.041916167664670656 0.13861386138613863 0.08383233532934131
1 0.367986798679868 0.05089820359281437 0.10231023102310231 0.08982035928143713
1 0.2986798679867987 0.1407185628742515 0.25412541254125415 0.19760479041916168
1 0.6122112211221122 0.2215568862275449 0.37293729372937295 0.19161676646706588
1 0.5957095709570958 0.4101796407185629 0.3795379537953795 0.32934131736526945
1 0.466996699669967 0.6137724550898204 0.38613861386138615 0.38922155688622756
1 0.7062706270627063 0.655688622754491 0.1254125412541254 0.18562874251497005
1 0.31518151815181517 0.7574850299401198 0.22112211221122113 0.16167664670658682
1 0.1485148514851485 0.811377245508982 0.297029702970297 0.3652694610778443
1 0.04785478547854786 0.5568862275449101 0.09570957095709572 0.1437125748502994
1 0.039603960396039604 0.4221556886227545 0.066006600660066 0.1497005988023952
1 0.019801980198019802 0.3712574850299401 0.039603960396039604 0.10778443113772455
1 0.07920792079207921 0.3473053892215569 0.132013201320132 0.19161676646706588
1 0.13861386138613863 0.40718562874251496 0.1188118811881188 0.5868263473053892
1 0.23102310231023102 0.4880239520958084 0.1782178217821782 0.5568862275449101
1 0.3910891089108911 0.2844311377245509 0.7821782178217822 0.5688622754491018
1 0.49834983498349833 0.49700598802395207 0.9966996699669967 0.9940119760479041