1 0.8561872909698997 0.8461538461538461 0.24749163879598662 0.2958579881656805
1 0.9615384615384616 0.6952662721893491 0.07023411371237458 0.3727810650887574
1 0.919732441471572 0.47337278106508873 0.15384615384615385 0.33136094674556216
1 0.9866220735785953 0.27218934911242604 0.020066889632107024 0.15384615384615385
1 0.9515050167224081 0.1242603550295858 0.0903010033444816 0.22485207100591717
1 0.8846153846153846 0.1893491124260355 0.17725752508361203 0.2485207100591716
1 0.7959866220735786 0.29289940828402367 0.20066889632107024 0.34911242603550297
1 0.7491638795986622 0.6242603550295858 0.20735785953177258 0.38461538461538464
1 0.8896321070234113 0.6686390532544378 0.09364548494983277 0.15384615384615385
1 0.7006688963210702 0.8668639053254438 0.08361204013377926 0.1242603550295858
1 0.6287625418060201 0.908284023668639 0.23411371237458195 0.17159763313609466
1 0.5702341137123745 0.6597633136094675 0.21070234113712374 0.40828402366863903
1 0.697324414715719 0.3668639053254438 0.1705685618729097 0.28402366863905326
1 0.5635451505016722 0.44970414201183434 0.19063545150501673 0.2603550295857988
1 0.6003344481605352 0.16272189349112426 0.1705685618729097 0.3136094674556213
1 0.6906354515050167 0.05917159763313609 0.07692307692307693 0.11834319526627218
1 0.705685618729097 0.1952662721893491 0.0802675585284281 0.16568047337278108
1 0.49665551839464883 0.14201183431952663 0.03678929765886288 0.10650887573964497
1 0.45652173913043476 0.33136094674556216 0.1505016722408027 0.2958579881656805
1 0.3862876254180602 0.591715976331361 0.19063545150501673 0.31952662721893493
1 0.3712374581939799 0.8579881656804734 0.22073578595317725 0.27218934911242604
1 0.5 0.8668639053254438 0.09698996655518395 0.25443786982248523
1 0.29431438127090304 0.7751479289940828 0.06688963210702341 0.15384615384615385
1 0.19230769230769232 0.6301775147928994 0.19732441471571907 0.3609467455621302
1 0.18896321070234115 0.8964497041420119 0.1705685618729097 0.1952662721893491
1 0.13712374581939799 0.42011834319526625 0.17391304347826086 0.28402366863905326
1 0.24414715719063546 0.28106508875739644 0.11371237458193979 0.24260355029585798
1 0.31438127090301005 0.21893491124260356 0.16722408026755853 0.3076923076923077
1 0.4297658862876254 0.1301775147928994 0.12374581939799331 0.1301775147928994
1 0.030100334448160536 0.28994082840236685 0.06020066889632107 0.17751479289940827
1 0.048494983277591976 0.5295857988165681 0.09698996655518395 0.3254437869822485
1 0.07190635451505016 0.7958579881656804 0.14381270903010032 0.30177514792899407
1 0.06521739130434782 0.9644970414201184 0.11036789297658862 0.05917159763313609