1 0.9244604316546763 0.4143646408839779 0.14388489208633093 0.35359116022099446
1 0.9424460431654677 0.4889502762430939 0.1079136690647482 0.27071823204419887
1 0.8183453237410072 0.46408839779005523 0.07553956834532374 0.2983425414364641
1 0.9118705035971223 0.7762430939226519 0.046762589928057555 0.13812154696132597
1 0.9280575539568345 0.8839779005524862 0.02877697841726619 0.08839779005524862
1 0.9730215827338129 0.8839779005524862 0.046762589928057555 0.04419889502762431
1 0.9568345323741008 0.8121546961325967 0.07913669064748201 0.11049723756906077
1 0.8758992805755396 0.9116022099447514 0.07553956834532374 0.16574585635359115
1 0.8615107913669064 0.7790055248618785 0.0539568345323741 0.19889502762430938
1 0.6223021582733813 0.93646408839779 0.07194244604316546 0.11602209944751381
1 0.6744604316546763 0.9640883977900553 0.046762589928057555 0.06077348066298342
1 0.5899280575539568 0.9447513812154696 0.07194244604316546 0.09944751381215469
1 0.5467625899280576 0.9502762430939227 0.06474820143884892 0.08839779005524862
1 0.48741007194244607 0.9337016574585635 0.046762589928057555 0.12154696132596685
1 0.45143884892086333 0.9392265193370166 0.025179856115107913 0.055248618784530384
1 0.43884892086330934 0.9779005524861878 0.03597122302158273 0.03314917127071823
1 0.37410071942446044 0.9779005524861878 0.06474820143884892 0.03314917127071823
1 0.7517985611510791 0.8314917127071824 0.2158273381294964 0.3259668508287293
1 0.7068345323741008 0.6712707182320442 0.17625899280575538 0.09392265193370165
1 0.6061151079136691 0.7458563535911602 0.06115107913669065 0.08839779005524862
1 0.5701438848920863 0.8038674033149171 0.06115107913669065 0.08287292817679558
1 0.7338129496402878 0.56353591160221 0.02877697841726619 0.04419889502762431
1 0.7787769784172662 0.1574585635359116 0.20503597122302158 0.2596685082872928
1 0.829136690647482 0.11602209944751381 0.21942446043165467 0.23204419889502761
1 0.9550359712230215 0.16022099447513813 0.08273381294964029 0.15469613259668508
1 0.9766187050359713 0.03867403314917127 0.039568345323741004 0.07734806629834254
1 0.9298561151079137 0.04419889502762431 0.06115107913669065 0.08839779005524862
1 0.6942446043165468 0.5939226519337016 0.02158273381294964 0.027624309392265192
1 0.7176258992805755 0.5939226519337016 0.017985611510791366 0.027624309392265192
1 0.7014388489208633 0.569060773480663 0.02158273381294964 0.022099447513812154
1 0.6996402877697842 0.5414364640883977 0.017985611510791366 0.04419889502762431
1 0.7176258992805755 0.5303867403314917 0.017985611510791366 0.022099447513812154
1 0.7158273381294964 0.505524861878453 0.014388489208633094 0.027624309392265192
1 0.7338129496402878 0.5193370165745856 0.014388489208633094 0.03314917127071823
1 0.7464028776978417 0.5359116022099447 0.017985611510791366 0.022099447513812154
1 0.6654676258992805 0.5911602209944752 0.02158273381294964 0.022099447513812154
1 0.6600719424460432 0.5607734806629834 0.03237410071942446 0.027624309392265192
1 0.6474820143884892 0.5331491712707183 0.02158273381294964 0.016574585635359115
1 0.5341726618705036 0.10497237569060773 0.046762589928057555 0.09944751381215469
1 0.6636690647482014 0.32320441988950277 0.03237410071942446 0.03867403314917127
1 0.685251798561151 0.292817679558011 0.017985611510791366 0.03314917127071823
1 0.5071942446043165 0.06077348066298342 0.02877697841726619 0.06629834254143646
1 0.5665467625899281 0.052486187845303865 0.06115107913669065 0.03867403314917127
1 0.4550359712230216 0.44751381215469616 0.14028776978417265 0.22099447513812154
1 0.5755395683453237 0.2596685082872928 0.1510791366906475 0.17679558011049723
1 0.5845323741007195 0.40607734806629836 0.1618705035971223 0.16022099447513813
1 0.40467625899280574 0.15193370165745856 0.0683453237410072 0.049723756906077346
1 0.37949640287769787 0.24033149171270718 0.025179856115107913 0.11602209944751381
1 0.43884892086330934 0.3011049723756906 0.11510791366906475 0.0718232044198895
1 0.45143884892086333 0.6187845303867403 0.025179856115107913 0.055248618784530384
1 0.4784172661870504 0.5966850828729282 0.02877697841726619 0.04419889502762431
1 0.4910071942446043 0.5580110497237569 0.039568345323741004 0.055248618784530384
1 0.5305755395683454 0.6022099447513812 0.046762589928057555 0.07734806629834254
1 0.4172661870503597 0.638121546961326 0.03597122302158273 0.08287292817679558
1 0.4766187050359712 0.6298342541436464 0.15467625899280577 0.20994475138121546
1 0.368705035971223 0.7707182320441989 0.0683453237410072 0.20441988950276244
1 0.3237410071942446 0.7928176795580111 0.07194244604316546 0.16022099447513813
1 0.25719424460431656 0.8121546961325967 0.0683453237410072 0.143646408839779
1 0.17446043165467626 0.2154696132596685 0.09712230215827339 0.143646408839779
1 0.03237410071942446 0.11602209944751381 0.06474820143884892 0.16574585635359115
1 0.09532374100719425 0.27348066298342544 0.07553956834532374 0.11602209944751381
1 0.18705035971223022 0.7320441988950276 0.03597122302158273 0.13812154696132597
1 0.18705035971223022 0.9226519337016574 0.03597122302158273 0.143646408839779
1 0.03597122302158273 0.930939226519337 0.02877697841726619 0.1270718232044199
1 0.048561151079136694 0.7486187845303868 0.025179856115107913 0.11602209944751381
1 0.039568345323741004 0.5497237569060773 0.07913669064748201 0.20441988950276244
1 0.023381294964028777 0.4005524861878453 0.046762589928057555 0.10497237569060773
1 0.26258992805755393 0.06629834254143646 0.12949640287769784 0.055248618784530384
1 0.381294964028777 0.08287292817679558 0.07194244604316546 0.03314917127071823
1 0.43345323741007197 0.07458563535911603 0.0683453237410072 0.06077348066298342
1 0.3597122302158273 0.049723756906077346 0.02158273381294964 0.03314917127071823
1 0.3776978417266187 0.03038674033149171 0.04316546762589928 0.049723756906077346
1 0.40827338129496404 0.03314917127071823 0.017985611510791366 0.022099447513812154
1 0.36510791366906475 0.013812154696132596 0.046762589928057555 0.027624309392265192
1 0.46223021582733814 0.143646408839779 0.0539568345323741 0.06629834254143646
1 0.43884892086330934 0.10220994475138122 0.050359712230215826 0.03867403314917127
1 0.37410071942446044 0.1132596685082873 0.05755395683453238 0.027624309392265192
1 0.36330935251798563 0.15469613259668508 0.02158273381294964 0.055248618784530384
1 0.15467625899280577 0.46685082872928174 0.1510791366906475 0.3370165745856354