1 0.74 0.7377049180327869 0.1709090909090909 0.28415300546448086
1 0.42 0.5027322404371585 0.2 0.29508196721311475
1 0.45454545454545453 0.907103825136612 0.2690909090909091 0.17486338797814208
1 0.8981818181818182 0.9562841530054644 0.19636363636363635 0.07650273224043716
1 0.7436363636363637 0.6939890710382514 0.21454545454545454 0.45901639344262296
1 0.4218181818181818 0.453551912568306 0.2545454545454545 0.5027322404371585
1 0.5872727272727273 0.00273224043715847 0.01818181818181818 0.00546448087431694
1 0.6963636363636364 0.30601092896174864 0.11272727272727273 0.12021857923497267
1 0.98 0.2677595628415301 0.03272727272727273 0.37158469945355194
1 0.9145454545454546 0.4262295081967213 0.16363636363636364 0.29508196721311475
1 0.4218181818181818 0.6366120218579235 0.38545454545454544 0.2677595628415301