1 0.9115755627009646 0.7160493827160493 0.17041800643086816 0.345679012345679
1 0.9019292604501608 0.9104938271604939 0.18971061093247588 0.16666666666666666
1 0.7443729903536977 0.8364197530864198 0.1639871382636656 0.3148148148148148
1 0.7443729903536977 0.5555555555555556 0.2090032154340836 0.37037037037037035
1 0.8536977491961415 0.345679012345679 0.24115755627009647 0.4567901234567901
1 0.9019292604501608 0.1728395061728395 0.18971061093247588 0.3333333333333333
1 0.6463022508038585 0.27469135802469136 0.3729903536977492 0.5493827160493827
1 0.5112540192926045 0.7067901234567902 0.3086816720257235 0.5617283950617284
1 0.4292604501607717 0.7746913580246914 0.40836012861736337 0.4382716049382716
1 0.662379421221865 0.9691358024691358 0.13504823151125403 0.04938271604938271
1 0.27813504823151125 0.7283950617283951 0.24115755627009647 0.41975308641975306
1 0.11254019292604502 0.8641975308641975 0.22508038585209003 0.25925925925925924
1 0.5209003215434084 0.043209876543209874 0.09646302250803858 0.08641975308641975
1 0.07234726688102894 0.07098765432098765 0.14469453376205788 0.1419753086419753
1 0.1832797427652733 0.09876543209876543 0.07717041800643087 0.1111111111111111
1 0.22508038585209003 0.030864197530864196 0.0707395498392283 0.06172839506172839
1 0.297427652733119 0.06172839506172839 0.05466237942122187 0.08641975308641975
1 0.44694533762057875 0.05246913580246913 0.08360128617363344 0.10493827160493827
1 0.3729903536977492 0.033950617283950615 0.06430868167202572 0.06790123456790123
1 0.3778135048231511 0.1882716049382716 0.07395498392282958 0.11728395061728394
1 0.4405144694533762 0.15432098765432098 0.06430868167202572 0.1111111111111111
1 0.4340836012861736 0.2654320987654321 0.07717041800643087 0.13580246913580246
1 0.3665594855305466 0.3487654320987654 0.0707395498392283 0.1419753086419753
1 0.2942122186495177 0.2932098765432099 0.08038585209003216 0.12962962962962962
1 0.3070739549839228 0.17592592592592593 0.06752411575562701 0.11728395061728394
1 0.25884244372990356 0.16666666666666666 0.04823151125401929 0.09876543209876543
1 0.22347266881028938 0.2222222222222222 0.06752411575562701 0.09876543209876543
1 0.1945337620578778 0.30246913580246915 0.06752411575562701 0.1111111111111111
1 0.16881028938906753 0.2345679012345679 0.04180064308681672 0.06172839506172839
1 0.1414790996784566 0.15432098765432098 0.05144694533762058 0.09876543209876543
1 0.36977491961414793 0.5 0.04501607717041801 0.07407407407407407
1 0.4212218649517685 0.42592592592592593 0.05787781350482315 0.09876543209876543
1 0.1864951768488746 0.4537037037037037 0.09646302250803858 0.1419753086419753
1 0.0819935691318328 0.3888888888888889 0.09967845659163987 0.14814814814814814
1 0.12379421221864952 0.32098765432098764 0.08038585209003216 0.12345679012345678
1 0.08038585209003216 0.2037037037037037 0.07717041800643087 0.1111111111111111
1 0.00964630225080386 0.09567901234567901 0.01929260450160772 0.09259259259259259
1 0.01929260450160772 0.19753086419753085 0.03858520900321544 0.09876543209876543
1 0.02572347266881029 0.2777777777777778 0.05144694533762058 0.14814814814814814
1 0.03697749196141479 0.4660493827160494 0.07395498392282958 0.17901234567901234
1 0.10932475884244373 0.5061728395061729 0.08360128617363344 0.16049382716049382
1 0.01607717041800643 0.558641975308642 0.03215434083601286 0.12962962962962962