1 0.1774193548387097 0.270935960591133 0.31451612903225806 0.3054187192118227
1 0.29838709677419356 0.4753694581280788 0.20161290322580644 0.2413793103448276
1 0.530241935483871 0.4408866995073892 0.2217741935483871 0.26108374384236455
1 0.1028225806451613 0.5270935960591133 0.2056451612903226 0.2660098522167488
1 0.1814516129032258 0.5862068965517241 0.08064516129032258 0.06896551724137931
1 0.10685483870967742 0.770935960591133 0.21370967741935484 0.28078817733990147
1 0.21774193548387097 0.8275862068965517 0.08870967741935484 0.15763546798029557
1 0.2782258064516129 0.8571428571428571 0.056451612903225805 0.08866995073891626
1 0.3245967741935484 0.7167487684729064 0.2056451612903226 0.26108374384236455
1 0.36088709677419356 0.6995073891625616 0.11693548387096774 0.19704433497536947
1 0.49193548387096775 0.6921182266009852 0.1693548387096774 0.26108374384236455
1 0.5403225806451613 0.7980295566502463 0.1774193548387097 0.21674876847290642
1 0.6754032258064516 0.8029556650246306 0.13306451612903225 0.21674876847290642
1 0.7963709677419355 0.8645320197044335 0.13306451612903225 0.08374384236453201
1 0.8024193548387096 0.7068965517241379 0.3870967741935484 0.39901477832512317
1 0.9133064516129032 0.4876847290640394 0.16532258064516128 0.23645320197044334
1 0.9213709677419355 0.6206896551724138 0.06048387096774194 0.04926108374384237
1 0.8266129032258065 0.4458128078817734 0.13709677419354838 0.14285714285714285
1 0.7258064516129032 0.47044334975369456 0.14516129032258066 0.10344827586206896
1 0.8991935483870968 0.22167487684729065 0.1935483870967742 0.2955665024630542
1 0.9516129032258065 0.3669950738916256 0.08870967741935484 0.08374384236453201
1 0.9576612903225806 0.0812807881773399 0.07661290322580645 0.1625615763546798
1 0.6814516129032258 0.25862068965517243 0.29838709677419356 0.3497536945812808
1 0.8508064516129032 0.04433497536945813 0.14516129032258066 0.08866995073891626
1 0.7217741935483871 0.07142857142857142 0.12903225806451613 0.14285714285714285
1 0.6108870967741935 0.04433497536945813 0.10080645161290322 0.08866995073891626
1 0.5282258064516129 0.027093596059113302 0.07258064516129033 0.054187192118226604
1 0.5282258064516129 0.09113300492610837 0.11290322580645161 0.10344827586206896
1 0.47580645161290325 0.21182266009852216 0.14516129032258066 0.18719211822660098
1 0.43951612903225806 0.0665024630541872 0.08870967741935484 0.11330049261083744
1 0.4032258064516129 0.022167487684729065 0.10483870967741936 0.04433497536945813
1 0.4173387096774194 0.11083743842364532 0.10080645161290322 0.11330049261083744
1 0.3407258064516129 0.05665024630541872 0.11693548387096774 0.11330049261083744
1 0.4798387096774194 0.21921182266009853 0.13709677419354838 0.18226600985221675
1 0.46169354838709675 0.2684729064039409 0.0846774193548387 0.09359605911330049
1 0.3810483870967742 0.2857142857142857 0.05241935483870968 0.06896551724137931
1 0.3649193548387097 0.19950738916256158 0.06048387096774194 0.1330049261083744
1 0.35685483870967744 0.3399014778325123 0.0846774193548387 0.07881773399014778
1 0.2560483870967742 0.12561576354679804 0.15725806451612903 0.1921182266009852
1 0.14112903225806453 0.07635467980295567 0.1532258064516129 0.15270935960591134
1 0.046370967741935484 0.19704433497536947 0.09274193548387097 0.39408866995073893
1 0.3004032258064516 0.05665024630541872 0.14919354838709678 0.11330049261083744