1 0.9020618556701031 0.46525096525096526 0.18556701030927836 0.24324324324324326
1 0.7938144329896907 0.6216216216216216 0.26804123711340205 0.138996138996139
1 0.8273195876288659 0.747104247104247 0.20103092783505155 0.1583011583011583
1 0.6623711340206185 0.6853281853281853 0.18041237113402062 0.11969111969111969
1 0.6520618556701031 0.8108108108108109 0.18041237113402062 0.12355212355212356
1 0.4536082474226804 0.7007722007722008 0.23711340206185566 0.17374517374517376
1 0.5695876288659794 0.5733590733590733 0.17010309278350516 0.13513513513513514
1 0.7268041237113402 0.4594594594594595 0.20618556701030927 0.20077220077220076
1 0.8530927835051546 0.25675675675675674 0.28350515463917525 0.1969111969111969
1 0.7087628865979382 0.22586872586872586 0.0979381443298969 0.06563706563706563
1 0.6932989690721649 0.2972972972972973 0.04639175257731959 0.04633204633204633
1 0.6778350515463918 0.36293436293436293 0.13917525773195877 0.08494208494208494
1 0.5773195876288659 0.45366795366795365 0.25773195876288657 0.16602316602316602
1 0.6211340206185567 0.2799227799227799 0.10824742268041238 0.17374517374517376
1 0.44072164948453607 0.2857142857142857 0.28350515463917525 0.23166023166023167
1 0.3582474226804124 0.1776061776061776 0.18041237113402062 0.12355212355212356
1 0.14948453608247422 0.21814671814671815 0.26804123711340205 0.23552123552123552
1 0.2757731958762887 0.2876447876447876 0.06701030927835051 0.09652509652509653
1 0.2860824742268041 0.3841698841698842 0.14948453608247422 0.09652509652509653
1 0.11855670103092783 0.4247104247104247 0.23711340206185566 0.2471042471042471
1 0.2345360824742268 0.5521235521235521 0.33505154639175255 0.2702702702702703
1 0.3634020618556701 0.44594594594594594 0.15979381443298968 0.10424710424710425
1 0.43556701030927836 0.5463320463320464 0.0979381443298969 0.10424710424710425
1 0.4587628865979381 0.583011583011583 0.07216494845360824 0.08494208494208494
1 0.39690721649484534 0.8185328185328186 0.15463917525773196 0.11583011583011583
1 0.5180412371134021 0.7992277992277992 0.0979381443298969 0.10038610038610038
1 0.16494845360824742 0.8204633204633205 0.32989690721649484 0.28185328185328185
1 0.13659793814432988 0.6988416988416989 0.14948453608247422 0.10038610038610038
1 0.10309278350515463 0.6351351351351351 0.061855670103092786 0.05019305019305019