1 0.950381679389313 0.5755208333333334 0.0916030534351145 0.2552083333333333
1 0.9885496183206107 0.8307291666666666 0.015267175572519083 0.13020833333333334
1 0.9770992366412213 0.3932291666666667 0.03816793893129771 0.15104166666666666
1 0.8721374045801527 0.4401041666666667 0.17938931297709923 0.24479166666666666
1 0.8053435114503816 0.328125 0.15267175572519084 0.1875
1 0.6622137404580153 0.5208333333333334 0.18702290076335878 0.2604166666666667
1 0.5591603053435115 0.4244791666666667 0.16412213740458015 0.22395833333333334
1 0.5400763358778626 0.7161458333333334 0.20229007633587787 0.3072916666666667
1 0.3110687022900763 0.7083333333333334 0.22519083969465647 0.3020833333333333
1 0.34541984732824427 0.4479166666666667 0.22519083969465647 0.20833333333333334
1 0.30725190839694655 0.3854166666666667 0.17938931297709923 0.22916666666666666
1 0.3816793893129771 0.2734375 0.17557251908396945 0.171875
1 0.5209923664122137 0.23697916666666666 0.14122137404580154 0.171875
1 0.4580152671755725 0.10677083333333333 0.13740458015267176 0.140625
1 0.366412213740458 0.16145833333333334 0.1297709923664122 0.125
1 0.32251908396946566 0.0625 0.1183206106870229 0.125
1 0.1736641221374046 0.1015625 0.12595419847328243 0.140625
1 0.1717557251908397 0.23697916666666666 0.22137404580152673 0.13020833333333334
1 0.14122137404580154 0.03125 0.10687022900763359 0.0625
1 0.7805343511450382 0.0390625 0.10305343511450382 0.078125
1 0.7366412213740458 0.09635416666666667 0.19083969465648856 0.09895833333333333
1 0.8683206106870229 0.049479166666666664 0.08015267175572519 0.09895833333333333
1 0.7099236641221374 0.033854166666666664 0.061068702290076333 0.06770833333333333
1 0.4751908396946565 0.018229166666666668 0.13358778625954199 0.036458333333333336