1 0.7886792452830189 0.36578947368421055 0.33962264150943394 0.5210526315789473
1 0.8641509433962264 0.7157894736842105 0.2641509433962264 0.24210526315789474
1 0.6415094339622641 0.6447368421052632 0.15849056603773584 0.3736842105263158
1 0.4509433962264151 0.45789473684210524 0.3660377358490566 0.5368421052631579
1 0.1660377358490566 0.5578947368421052 0.2490566037735849 0.3263157894736842
1 0.3471698113207547 0.75 0.19622641509433963 0.1631578947368421
1 0.1471698113207547 0.7684210526315789 0.2037735849056604 0.1368421052631579
1 0.3339622641509434 0.8052631578947368 0.4490566037735849 0.16842105263157894
1 0.13018867924528302 0.3 0.26037735849056604 0.4421052631578947
1 0.2320754716981132 0.31842105263157894 0.15471698113207547 0.22631578947368422
1 0.45849056603773586 0.14473684210526316 0.29056603773584905 0.20526315789473684