1 0.3485915492957746 0.12078651685393259 0.09154929577464789 0.17415730337078653
1 0.2676056338028169 0.06179775280898876 0.07746478873239436 0.12359550561797752
1 0.2535211267605634 0.22752808988764045 0.07042253521126761 0.10674157303370786
1 0.8732394366197183 0.8764044943820225 0.1619718309859155 0.23595505617977527
1 0.6883802816901409 0.8089887640449438 0.13732394366197184 0.3707865168539326
1 0.7746478873239436 0.9213483146067416 0.09154929577464789 0.14606741573033707
1 0.5985915492957746 0.901685393258427 0.23943661971830985 0.1853932584269663
1 0.5299295774647887 0.7893258426966292 0.13732394366197184 0.20786516853932585
1 0.46830985915492956 0.5870786516853933 0.06338028169014084 0.1404494382022472
1 0.3785211267605634 0.6853932584269663 0.10211267605633803 0.14606741573033707
1 0.3204225352112676 0.7780898876404494 0.07746478873239436 0.1404494382022472
1 0.3890845070422535 0.8230337078651685 0.10211267605633803 0.12921348314606743
1 0.4524647887323944 0.898876404494382 0.11619718309859155 0.19101123595505617
1 0.38028169014084506 0.9550561797752809 0.08450704225352113 0.07865168539325842
1 0.34507042253521125 0.898876404494382 0.06338028169014084 0.12359550561797752
1 0.2764084507042254 0.8792134831460674 0.0880281690140845 0.1404494382022472
1 0.272887323943662 0.9662921348314607 0.0880281690140845 0.056179775280898875
1 0.272887323943662 0.8117977528089888 0.045774647887323945 0.05056179775280899
1 0.2605633802816901 0.7106741573033708 0.08450704225352113 0.1404494382022472
1 0.20422535211267606 0.8230337078651685 0.09154929577464789 0.15168539325842698
1 0.14084507042253522 0.9213483146067416 0.09859154929577464 0.14606741573033707
1 0.20422535211267606 0.952247191011236 0.06338028169014084 0.08426966292134831
1 0.05985915492957746 0.8117977528089888 0.1056338028169014 0.15168539325842698
1 0.0528169014084507 0.9297752808988764 0.07746478873239436 0.12921348314606743
1 0.13028169014084506 0.1404494382022472 0.07042253521126761 0.10112359550561797
1 0.1742957746478873 0.06179775280898876 0.0528169014084507 0.0449438202247191
1 0.20950704225352113 0.1151685393258427 0.07394366197183098 0.09550561797752809
1 0.022887323943661973 0.02247191011235955 0.045774647887323945 0.0449438202247191
1 0.11795774647887323 0.09550561797752809 0.23591549295774647 0.19101123595505617
1 0.03697183098591549 0.28651685393258425 0.07394366197183098 0.16853932584269662
1 0.12147887323943662 0.28370786516853935 0.0880281690140845 0.12921348314606743
1 0.22359154929577466 0.3342696629213483 0.09507042253521127 0.16292134831460675
1 0.13908450704225353 0.35674157303370785 0.09507042253521127 0.17415730337078653
1 0.0897887323943662 0.42696629213483145 0.08098591549295775 0.1348314606741573
1 0.13908450704225353 0.5112359550561798 0.10211267605633803 0.14606741573033707
1 0.23591549295774647 0.4606741573033708 0.09859154929577464 0.14606741573033707
1 0.03169014084507042 0.45786516853932585 0.06338028169014084 0.16292134831460675
1 0.040492957746478875 0.6910112359550562 0.08098591549295775 0.1797752808988764
1 0.14612676056338028 0.6657303370786517 0.0880281690140845 0.16292134831460675
1 0.2147887323943662 0.5926966292134831 0.08450704225352113 0.1404494382022472
1 0.07922535211267606 0.5617977528089888 0.0880281690140845 0.1348314606741573
1 0.022887323943661973 0.5646067415730337 0.045774647887323945 0.08426966292134831