1 0.8501805054151624 0.8296703296703297 0.2924187725631769 0.32967032967032966
1 0.796028880866426 0.6868131868131868 0.33574007220216606 0.4835164835164835
1 0.924187725631769 0.1813186813186813 0.1444043321299639 0.2967032967032967
1 0.9530685920577617 0.3901098901098901 0.08664259927797834 0.3516483516483517
1 0.7833935018050542 0.41483516483516486 0.33935018050541516 0.4010989010989011
1 0.7111913357400722 0.2445054945054945 0.296028880866426 0.33516483516483514
1 0.6570397111913358 0.08791208791208792 0.26714801444043323 0.17582417582417584
1 0.4368231046931408 0.14835164835164835 0.2888086642599278 0.2967032967032967
1 0.4602888086642599 0.46153846153846156 0.33574007220216606 0.4175824175824176
1 0.44945848375451264 0.6978021978021978 0.35018050541516244 0.4065934065934066
1 0.4963898916967509 0.8324175824175825 0.40794223826714804 0.3241758241758242
1 0.14259927797833935 0.8708791208791209 0.2851985559566787 0.24725274725274726
1 0.14259927797833935 0.6401098901098901 0.2851985559566787 0.3791208791208791
1 0.1552346570397112 0.4478021978021978 0.3104693140794224 0.2802197802197802
1 0.032490974729241874 0.2032967032967033 0.06498194945848375 0.3076923076923077
1 0.16064981949458484 0.21978021978021978 0.2563176895306859 0.2967032967032967
1 0.1624548736462094 0.10164835164835165 0.26714801444043323 0.2032967032967033