1 0.6296992481203008 0.335978835978836 0.23684210526315788 0.32275132275132273
1 0.4266917293233083 0.3888888888888889 0.23684210526315788 0.3968253968253968
1 0.8157894736842105 0.5238095238095238 0.21804511278195488 0.20105820105820105
1 0.8007518796992481 0.5740740740740741 0.18796992481203006 0.15343915343915343
1 0.7462406015037594 0.5978835978835979 0.15413533834586465 0.15873015873015872
1 0.8552631578947368 0.7037037037037037 0.20676691729323307 0.17989417989417988
1 0.8477443609022557 0.8201058201058201 0.2518796992481203 0.2222222222222222
1 0.5319548872180451 0.5634920634920635 0.15413533834586465 0.1111111111111111
1 0.6560150375939849 0.626984126984127 0.23684210526315788 0.2275132275132275
1 0.39097744360902253 0.708994708994709 0.23308270676691728 0.26455026455026454
1 0.5131578947368421 0.8042328042328042 0.2518796992481203 0.3386243386243386
1 0.6560150375939849 0.8386243386243386 0.22932330827067668 0.291005291005291
1 0.599624060150376 0.9735449735449735 0.09398496240601503 0.042328042328042326