1 0.7783505154639175 0.666023166023166 0.17525773195876287 0.3745173745173745
1 0.9149484536082474 0.6872586872586872 0.13917525773195877 0.15444015444015444
1 0.8891752577319587 0.7915057915057915 0.211340206185567 0.19305019305019305
1 0.729381443298969 0.8687258687258688 0.08762886597938144 0.06177606177606178
1 0.6494845360824743 0.8127413127413128 0.14432989690721648 0.1969111969111969
1 0.5695876288659794 0.7200772200772201 0.25257731958762886 0.2277992277992278
1 0.6443298969072165 0.5579150579150579 0.16494845360824742 0.1583011583011583
1 0.5180412371134021 0.5694980694980695 0.20103092783505155 0.25096525096525096
1 0.44329896907216493 0.7239382239382239 0.18556701030927836 0.21235521235521235
1 0.34536082474226804 0.8552123552123552 0.21649484536082475 0.08108108108108109
1 0.5180412371134021 0.862934362934363 0.12886597938144329 0.07335907335907337
1 0.12886597938144329 0.8088803088803089 0.25773195876288657 0.15057915057915058
1 0.2190721649484536 0.7065637065637066 0.34536082474226804 0.11583011583011583
1 0.3324742268041237 0.6563706563706564 0.06701030927835051 0.06177606177606178
1 0.15463917525773196 0.5984555984555985 0.30927835051546393 0.12355212355212356
1 0.07474226804123711 0.6486486486486487 0.13917525773195877 0.07722007722007722
1 0.17268041237113402 0.49613899613899615 0.10824742268041238 0.10424710424710425
1 0.3170103092783505 0.5405405405405406 0.19072164948453607 0.16988416988416988
1 0.39690721649484534 0.48841698841698844 0.08247422680412371 0.05791505791505792
1 0.26288659793814434 0.4305019305019305 0.14432989690721648 0.1274131274131274
1 0.36597938144329895 0.42857142857142855 0.08247422680412371 0.10810810810810811
1 0.5180412371134021 0.42277992277992277 0.31443298969072164 0.11969111969111969
1 0.7963917525773195 0.3996138996138996 0.2422680412371134 0.21235521235521235
1 0.9020618556701031 0.46332046332046334 0.13402061855670103 0.0694980694980695
1 0.8041237113402062 0.34942084942084944 0.26804123711340205 0.09652509652509653
1 0.8891752577319587 0.4111969111969112 0.05670103092783505 0.04247104247104247
1 0.8170103092783505 0.2644787644787645 0.12886597938144329 0.08108108108108109
1 0.7268041237113402 0.21042471042471042 0.10309278350515463 0.07335907335907337
1 0.6829896907216495 0.26640926640926643 0.14948453608247422 0.09266409266409266
1 0.5592783505154639 0.23552123552123552 0.14948453608247422 0.0694980694980695
1 0.5541237113402062 0.3108108108108108 0.31443298969072164 0.11969111969111969
1 0.5077319587628866 0.3185328185328185 0.19072164948453607 0.09652509652509653
1 0.38144329896907214 0.3166023166023166 0.12371134020618557 0.11583011583011583
1 0.3943298969072165 0.21621621621621623 0.20103092783505155 0.10038610038610038
1 0.24484536082474226 0.23166023166023167 0.10824742268041238 0.06177606177606178
1 0.21649484536082475 0.33783783783783783 0.1958762886597938 0.1969111969111969
1 0.17525773195876287 0.4305019305019305 0.07216494845360824 0.05791505791505792
1 0.010309278350515464 0.2876447876447876 0.020618556701030927 0.03474903474903475
1 0.030927835051546393 0.35714285714285715 0.061855670103092786 0.10424710424710425
1 0.005154639175257732 0.4266409266409266 0.010309278350515464 0.019305019305019305