1 0.8435114503816794 0.3723958333333333 0.22137404580152673 0.19270833333333334
1 0.8816793893129771 0.5807291666666666 0.1984732824427481 0.265625
1 0.6851145038167938 0.4973958333333333 0.1946564885496183 0.22395833333333334
1 0.6374045801526718 0.6744791666666666 0.3053435114503817 0.2552083333333333
1 0.8091603053435115 0.6979166666666666 0.06870229007633588 0.10416666666666667
1 0.43702290076335876 0.640625 0.15648854961832062 0.3333333333333333
1 0.4751908396946565 0.4817708333333333 0.22519083969465647 0.24479166666666666
1 0.5362595419847328 0.3098958333333333 0.16412213740458015 0.15104166666666666
1 0.5954198473282443 0.20572916666666666 0.1297709923664122 0.140625
1 0.6755725190839694 0.3125 0.12213740458015267 0.14583333333333334
1 0.5858778625954199 0.40625 0.05725190839694656 0.0625
1 0.4713740458015267 0.3046875 0.13358778625954199 0.171875
1 0.4866412213740458 0.20052083333333334 0.12595419847328243 0.109375
1 0.41412213740458015 0.23958333333333334 0.0648854961832061 0.09375
1 0.36450381679389315 0.2552083333333333 0.04198473282442748 0.041666666666666664
1 0.38740458015267176 0.2942708333333333 0.03435114503816794 0.06770833333333333
1 0.34541984732824427 0.3020833333333333 0.05725190839694656 0.07291666666666667
1 0.31297709923664124 0.2708333333333333 0.03816793893129771 0.052083333333333336
1 0.32633587786259544 0.234375 0.03435114503816794 0.020833333333333332
1 0.2862595419847328 0.23958333333333334 0.03816793893129771 0.03125
1 0.2881679389312977 0.3307291666666667 0.05725190839694656 0.057291666666666664
1 0.28435114503816794 0.3828125 0.05725190839694656 0.057291666666666664
1 0.31679389312977096 0.4322916666666667 0.04580152671755725 0.041666666666666664
1 0.33587786259541985 0.390625 0.03816793893129771 0.052083333333333336
1 0.366412213740458 0.3567708333333333 0.06870229007633588 0.046875
1 0.2652671755725191 0.4453125 0.03435114503816794 0.036458333333333336
1 0.3015267175572519 0.7291666666666666 0.12213740458015267 0.1875
1 0.3473282442748092 0.19270833333333334 0.4198473282442748 0.375
1 0.14122137404580154 0.5286458333333334 0.1984732824427481 0.24479166666666666
1 0.22328244274809161 0.609375 0.2786259541984733 0.3125
1 0.20419847328244276 0.5989583333333334 0.14885496183206107 0.17708333333333334
1 0.7519083969465649 0.24479166666666666 0.4732824427480916 0.4895833333333333