1 0.842391304347826 0.8907103825136612 0.3079710144927536 0.20765027322404372
1 0.4963768115942029 0.8360655737704918 0.38405797101449274 0.31693989071038253
1 0.644927536231884 0.6967213114754098 0.2608695652173913 0.4426229508196721
1 0.7572463768115942 0.43989071038251365 0.34057971014492755 0.5846994535519126
1 0.8876811594202898 0.7103825136612022 0.21739130434782608 0.29508196721311475
1 0.9112318840579711 0.35792349726775957 0.17028985507246377 0.4207650273224044
1 0.875 0.09836065573770492 0.2427536231884058 0.14207650273224043
1 0.7554347826086957 0.03825136612021858 0.19927536231884058 0.07650273224043716
1 0.9329710144927537 0.03551912568306011 0.12681159420289856 0.07103825136612021
1 0.6684782608695652 0.16666666666666666 0.10507246376811594 0.12568306010928962
1 0.5018115942028986 0.24316939890710382 0.29347826086956524 0.453551912568306
1 0.3713768115942029 0.5683060109289617 0.286231884057971 0.3825136612021858
1 0.17572463768115942 0.8142076502732241 0.27898550724637683 0.36065573770491804
1 0.16847826086956522 0.9644808743169399 0.23550724637681159 0.060109289617486336
1 0.04528985507246377 0.8497267759562842 0.09057971014492754 0.2896174863387978
1 0.11594202898550725 0.4972677595628415 0.2318840579710145 0.46994535519125685
1 0.28804347826086957 0.3743169398907104 0.22826086956521738 0.23497267759562843
1 0.1286231884057971 0.15027322404371585 0.2572463768115942 0.3005464480874317
1 0.35507246376811596 0.09016393442622951 0.2318840579710145 0.18032786885245902
1 0.29347826086956524 0.20765027322404372 0.13043478260869565 0.14207650273224043
1 0.5597826086956522 0.05191256830601093 0.17753623188405798 0.10382513661202186
1 0.697463768115942 0.09016393442622951 0.11956521739130435 0.1366120218579235