1 0.773851590106007 0.9297752808988764 0.127208480565371 0.12921348314606743
1 0.6925795053003534 0.8651685393258427 0.1625441696113074 0.15730337078651685
1 0.8816254416961131 0.9073033707865169 0.22968197879858657 0.17415730337078653
1 0.6837455830388692 0.952247191011236 0.06713780918727916 0.08426966292134831
1 0.5 0.8033707865168539 0.36395759717314485 0.38202247191011235
1 0.42579505300353354 0.8033707865168539 0.3710247349823322 0.38202247191011235
1 0.13250883392226148 0.5926966292134831 0.26501766784452296 0.4550561797752809
1 0.21554770318021202 0.8707865168539326 0.24028268551236748 0.19101123595505617
1 0.053003533568904596 0.7134831460674157 0.10600706713780919 0.25842696629213485
1 0.1607773851590106 0.9269662921348315 0.3215547703180212 0.1348314606741573
1 0.044169611307420496 0.8174157303370787 0.08833922261484099 0.2303370786516854
1 0.12367491166077739 0.4859550561797753 0.13427561837455831 0.3651685393258427
1 0.22614840989399293 0.6123595505617978 0.14840989399293286 0.29213483146067415
1 0.24381625441696114 0.5140449438202247 0.22614840989399293 0.21910112359550563
1 0.18197879858657243 0.5842696629213483 0.36395759717314485 0.7640449438202247
1 0.21201413427561838 0.25280898876404495 0.12014134275618374 0.19101123595505617
1 0.2915194346289753 0.3089887640449438 0.06713780918727916 0.14606741573033707
1 0.3621908127208481 0.32303370786516855 0.07420494699646643 0.1404494382022472
1 0.4381625441696113 0.33707865168539325 0.08480565371024736 0.1797752808988764
1 0.36925795053003535 0.2050561797752809 0.07420494699646643 0.11797752808988764
1 0.24911660777385158 0.17134831460674158 0.1166077738515901 0.12921348314606743
1 0.27208480565371024 0.12078651685393259 0.07773851590106007 0.09550561797752809
1 0.36042402826855124 0.11235955056179775 0.0989399293286219 0.10112359550561797
1 0.3586572438162544 0.03651685393258427 0.09540636042402827 0.07303370786516854
1 0.4558303886925795 0.03651685393258427 0.0989399293286219 0.07303370786516854
1 0.5123674911660777 0.17134831460674158 0.2049469964664311 0.24157303370786518
1 0.4045936395759717 0.547752808988764 0.10247349823321555 0.20786516853932585
1 0.4293286219081272 0.4297752808988764 0.09540636042402827 0.06179775280898876
1 0.3286219081272085 0.46348314606741575 0.13427561837455831 0.15168539325842698
1 0.5 0.6685393258426966 0.08833922261484099 0.16853932584269662
1 0.6060070671378092 0.7528089887640449 0.13780918727915195 0.19101123595505617
1 0.8745583038869258 0.7724719101123596 0.13780918727915195 0.17415730337078653
1 0.9717314487632509 0.8314606741573034 0.04946996466431095 0.10112359550561797
1 0.8109540636042403 0.7162921348314607 0.14487632508833923 0.20786516853932585
1 0.9452296819787986 0.6404494382022472 0.10247349823321555 0.30337078651685395
1 0.8869257950530035 0.5168539325842697 0.12014134275618374 0.2808988764044944
1 0.9240282685512368 0.40730337078651685 0.10247349823321555 0.21910112359550563
1 0.9840989399293286 0.3904494382022472 0.024734982332155476 0.21910112359550563
1 0.892226148409894 0.1853932584269663 0.18021201413427562 0.2696629213483146
1 0.9611307420494699 0.1544943820224719 0.0706713780918728 0.25280898876404495
1 0.8780918727915195 0.047752808988764044 0.13074204946996468 0.09550561797752809
1 0.9611307420494699 0.03089887640449438 0.0706713780918728 0.06179775280898876
1 0.7420494699646644 0.09269662921348315 0.17667844522968199 0.1853932584269663
1 0.6413427561837456 0.12921348314606743 0.10954063604240283 0.21348314606741572
1 0.5759717314487632 0.047752808988764044 0.15547703180212014 0.09550561797752809
1 0.734982332155477 0.033707865168539325 0.17667844522968199 0.06741573033707865
1 0.5936395759717314 0.40730337078651685 0.22614840989399293 0.34269662921348315
1 0.7190812720848057 0.4438202247191011 0.13074204946996468 0.21348314606741572
1 0.7332155477031802 0.5926966292134831 0.17314487632508835 0.2303370786516854
1 0.6254416961130742 0.6629213483146067 0.17667844522968199 0.2696629213483146
1 0.5318021201413428 0.48314606741573035 0.13074204946996468 0.21348314606741572
1 0.5229681978798587 0.3651685393258427 0.08480565371024736 0.1797752808988764
1 0.49646643109540634 0.49719101123595505 0.08833922261484099 0.15168539325842698
1 0.5918727915194346 0.13764044943820225 0.06713780918727916 0.09550561797752809
1 0.3674911660777385 0.18258426966292135 0.11307420494699646 0.10674157303370786
1 0.24558303886925795 0.06741573033707865 0.1519434628975265 0.1348314606741573
1 0.13074204946996468 0.17415730337078653 0.08480565371024736 0.07865168539325842
1 0.1254416961130742 0.12921348314606743 0.2508833922261484 0.25842696629213485