1 0.9017241379310345 0.9195402298850575 0.1413793103448276 0.14942528735632185
1 0.9827586206896551 0.9109195402298851 0.027586206896551724 0.16666666666666666
1 0.9137931034482759 0.7614942528735632 0.13793103448275862 0.20114942528735633
1 0.9827586206896551 0.6522988505747126 0.027586206896551724 0.1781609195402299
1 0.9224137931034483 0.28160919540229884 0.1482758620689655 0.3448275862068966
1 0.9086206896551724 0.3275862068965517 0.17586206896551723 0.4482758620689655
1 0.8896551724137931 0.35919540229885055 0.21379310344827587 0.5114942528735632
1 0.7724137931034483 0.16666666666666666 0.05517241379310345 0.11494252873563218
1 0.9310344827586207 0.6494252873563219 0.06896551724137931 0.10344827586206896
1 0.8568965517241379 0.5890804597701149 0.1 0.16666666666666666
1 0.8344827586206897 0.6982758620689655 0.05517241379310345 0.09770114942528736
1 0.7862068965517242 0.8333333333333334 0.1310344827586207 0.27586206896551724
1 0.7706896551724138 0.9712643678160919 0.07241379310344828 0.04597701149425287
1 0.6810344827586207 0.8735632183908046 0.12758620689655173 0.1839080459770115
1 0.6275862068965518 0.9425287356321839 0.19310344827586207 0.10344827586206896
1 0.47413793103448276 0.9396551724137931 0.15517241379310345 0.10919540229885058
1 0.3413793103448276 0.8304597701149425 0.593103448275862 0.14367816091954022
1 0.30689655172413793 0.7959770114942529 0.2689655172413793 0.3850574712643678
1 0.21379310344827587 0.6752873563218391 0.25517241379310346 0.23563218390804597
1 0.22758620689655173 0.8074712643678161 0.2896551724137931 0.3735632183908046
1 0.19482758620689655 0.8304597701149425 0.25862068965517243 0.3275862068965517
1 0.15172413793103448 0.8936781609195402 0.19310344827586207 0.20114942528735633
1 0.05 0.9281609195402298 0.1 0.13218390804597702
1 0.6741379310344827 0.7844827586206896 0.13448275862068965 0.21264367816091953
1 0.7637931034482759 0.6580459770114943 0.09310344827586207 0.15517241379310345
1 0.7448275862068966 0.5804597701149425 0.13793103448275862 0.1839080459770115
1 0.7724137931034483 0.45689655172413796 0.10344827586206896 0.14367816091954022
1 0.7913793103448276 0.3448275862068966 0.05862068965517241 0.11494252873563218
1 0.7327586206896551 0.3448275862068966 0.05172413793103448 0.10344827586206896
1 0.6896551724137931 0.39080459770114945 0.041379310344827586 0.10344827586206896
1 0.7 0.47988505747126436 0.034482758620689655 0.08620689655172414
1 0.7413793103448276 0.23850574712643677 0.06896551724137931 0.10919540229885058
1 0.6913793103448276 0.3045977011494253 0.05172413793103448 0.08045977011494253
1 0.6810344827586207 0.22988505747126436 0.04482758620689655 0.09195402298850575
1 0.7103448275862069 0.15804597701149425 0.06896551724137931 0.08620689655172414
1 0.746551724137931 0.16379310344827586 0.02413793103448276 0.040229885057471264
1 0.6482758620689655 0.1867816091954023 0.05517241379310345 0.09770114942528736
1 0.6362068965517241 0.3017241379310345 0.05862068965517241 0.08620689655172414
1 0.6293103448275862 0.21839080459770116 0.04482758620689655 0.09195402298850575
1 0.5741379310344827 0.22413793103448276 0.06551724137931035 0.11494252873563218
1 0.5258620689655172 0.23563218390804597 0.03793103448275862 0.06896551724137931
1 0.5482758620689655 0.3390804597701149 0.10344827586206896 0.16091954022988506
1 0.6172413793103448 0.4396551724137931 0.13793103448275862 0.1896551724137931
1 0.6155172413793103 0.6120689655172413 0.13448275862068965 0.20114942528735633
1 0.5741379310344827 0.7701149425287356 0.05172413793103448 0.08045977011494253
1 0.5879310344827586 0.7270114942528736 0.02413793103448276 0.05172413793103448
1 0.5637931034482758 0.8247126436781609 0.03793103448275862 0.040229885057471264
1 0.5293103448275862 0.7701149425287356 0.05172413793103448 0.09195402298850575
1 0.42931034482758623 0.20689655172413793 0.17586206896551723 0.3448275862068966
1 0.5137931034482759 0.1896551724137931 0.05517241379310345 0.05747126436781609
1 0.3413793103448276 0.2988505747126437 0.1724137931034483 0.16091954022988506
1 0.4827586206896552 0.6350574712643678 0.041379310344827586 0.07471264367816093
1 0.506896551724138 0.6954022988505747 0.04827586206896552 0.06896551724137931
1 0.4827586206896552 0.764367816091954 0.034482758620689655 0.05747126436781609
1 0.4517241379310345 0.7873563218390804 0.041379310344827586 0.06896551724137931
1 0.5258620689655172 0.603448275862069 0.04482758620689655 0.09195402298850575
1 0.5120689655172413 0.5316091954022989 0.03793103448275862 0.05172413793103448
1 0.4896551724137931 0.47988505747126436 0.04827586206896552 0.06321839080459771
1 0.45689655172413796 0.47413793103448276 0.03103448275862069 0.06321839080459771
1 0.43275862068965515 0.5 0.03793103448275862 0.08045977011494253
1 0.4103448275862069 0.5229885057471264 0.034482758620689655 0.04597701149425287
1 0.3913793103448276 0.5603448275862069 0.04482758620689655 0.07471264367816093
1 0.4224137931034483 0.5804597701149425 0.05172413793103448 0.08045977011494253
1 0.4689655172413793 0.5574712643678161 0.04827586206896552 0.06896551724137931
1 0.4413793103448276 0.6494252873563219 0.041379310344827586 0.09195402298850575
1 0.39655172413793105 0.6408045977011494 0.034482758620689655 0.08620689655172414
1 0.4068965517241379 0.7126436781609196 0.041379310344827586 0.05747126436781609
1 0.36379310344827587 0.6724137931034483 0.04482758620689655 0.08045977011494253
1 0.33275862068965517 0.6494252873563219 0.04482758620689655 0.06896551724137931
1 0.3482758620689655 0.5890804597701149 0.04827586206896552 0.08620689655172414
1 0.27413793103448275 0.6781609195402298 0.04482758620689655 0.08045977011494253
1 0.31896551724137934 0.7097701149425287 0.04482758620689655 0.05172413793103448
1 0.43103448275862066 0.39655172413793105 0.034482758620689655 0.06896551724137931
1 0.4 0.3620689655172414 0.034482758620689655 0.06896551724137931
1 0.40344827586206894 0.4224137931034483 0.034482758620689655 0.05172413793103448
1 0.3620689655172414 0.3936781609195402 0.04827586206896552 0.05172413793103448
1 0.36724137931034484 0.4454022988505747 0.05172413793103448 0.06321839080459771
1 0.31896551724137934 0.4339080459770115 0.03103448275862069 0.06321839080459771
1 0.31551724137931036 0.3793103448275862 0.03103448275862069 0.04597701149425287
1 0.28448275862068967 0.35344827586206895 0.02413793103448276 0.028735632183908046
1 0.28620689655172415 0.39655172413793105 0.027586206896551724 0.04597701149425287
1 0.2827586206896552 0.4482758620689655 0.041379310344827586 0.06896551724137931
1 0.2517241379310345 0.40229885057471265 0.041379310344827586 0.06896551724137931
1 0.23793103448275862 0.45977011494252873 0.041379310344827586 0.05747126436781609
1 0.2689655172413793 0.5114942528735632 0.034482758620689655 0.05747126436781609
1 0.3086206896551724 0.5344827586206896 0.03793103448275862 0.06896551724137931
1 0.33275862068965517 0.5 0.05862068965517241 0.06896551724137931
1 0.2810344827586207 0.5775862068965517 0.03793103448275862 0.06321839080459771
1 0.2396551724137931 0.5316091954022989 0.03793103448275862 0.06321839080459771
1 0.23793103448275862 0.5977011494252874 0.041379310344827586 0.06896551724137931
1 0.5327586206896552 0.10057471264367816 0.1896551724137931 0.20114942528735633
1 0.7448275862068966 0.06896551724137931 0.2482758620689655 0.13793103448275862
1 0.903448275862069 0.10344827586206896 0.18620689655172415 0.20689655172413793
1 0.9827586206896551 0.2442528735632184 0.027586206896551724 0.10919540229885058
1 0.38620689655172413 0.05747126436781609 0.12413793103448276 0.11494252873563218
1 0.4896551724137931 0.028735632183908046 0.1103448275862069 0.05747126436781609
1 0.2655172413793103 0.08333333333333333 0.1310344827586207 0.16666666666666666
1 0.3258620689655172 0.21264367816091953 0.1 0.1724137931034483
1 0.2655172413793103 0.3074712643678161 0.06896551724137931 0.09770114942528736
1 0.22758620689655173 0.14942528735632185 0.11724137931034483 0.21839080459770116
1 0.0896551724137931 0.12931034482758622 0.1793103448275862 0.25862068965517243
1 0.032758620689655175 0.27011494252873564 0.06551724137931035 0.1724137931034483
1 0.15344827586206897 0.3218390804597701 0.18275862068965518 0.22988505747126436
1 0.041379310344827586 0.4339080459770115 0.08275862068965517 0.1781609195402299
1 0.09827586206896552 0.5114942528735632 0.13448275862068965 0.22988505747126436
1 0.1879310344827586 0.5258620689655172 0.07241379310344828 0.20114942528735633
1 0.041379310344827586 0.6954022988505747 0.08275862068965517 0.3218390804597701