1 0.4358108108108108 0.538235294117647 0.8243243243243243 0.8529411764705882
1 0.22972972972972974 0.03235294117647059 0.12837837837837837 0.06470588235294118
1 0.40878378378378377 0.6294117647058823 0.24324324324324326 0.3058823529411765
1 0.4797297297297297 0.3735294117647059 0.5067567567567568 0.4764705882352941
1 0.5827702702702703 0.7588235294117647 0.09121621621621621 0.23529411764705882
1 0.6891891891891891 0.7558823529411764 0.14864864864864866 0.20588235294117646
1 0.7736486486486487 0.8264705882352941 0.1554054054054054 0.18235294117647058
1 0.48986486486486486 0.8588235294117647 0.16216216216216217 0.27058823529411763
1 0.23310810810810811 0.6764705882352942 0.2972972972972973 0.32941176470588235
1 0.17736486486486486 0.38529411764705884 0.30743243243243246 0.3941176470588235
1 0.5016891891891891 0.03529411764705882 0.0777027027027027 0.07058823529411765
1 0.589527027027027 0.026470588235294117 0.11824324324324324 0.052941176470588235
1 0.6925675675675675 0.14411764705882352 0.14189189189189189 0.19411764705882353
1 0.9543918918918919 0.058823529411764705 0.08445945945945946 0.11764705882352941
1 0.785472972972973 0.37058823529411766 0.10472972972972973 0.1411764705882353