1 0.15636363636363637 0.7459016393442623 0.10181818181818182 0.1912568306010929
1 0.32181818181818184 0.8387978142076503 0.3018181818181818 0.3114754098360656
1 0.5527272727272727 0.9234972677595629 0.18181818181818182 0.12021857923497267
1 0.54 0.7950819672131147 0.14181818181818182 0.1912568306010929
1 0.5272727272727272 0.592896174863388 0.2109090909090909 0.22404371584699453
1 0.9490909090909091 0.8770491803278688 0.09454545454545454 0.23497267759562843
1 0.8218181818181818 0.8524590163934426 0.17454545454545456 0.15300546448087432
1 0.3109090909090909 0.6065573770491803 0.33090909090909093 0.4262295081967213
1 0.14 0.42349726775956287 0.24363636363636362 0.2459016393442623
1 0.1 0.5601092896174863 0.09090909090909091 0.10382513661202186
1 0.08363636363636363 0.639344262295082 0.10181818181818182 0.08743169398907104
1 0.00909090909090909 0.4672131147540984 0.01818181818181818 0.10382513661202186
1 0.025454545454545455 0.3879781420765027 0.05090909090909091 0.0546448087431694
1 0.025454545454545455 0.33060109289617484 0.05090909090909091 0.09289617486338798
1 0.14363636363636365 0.22950819672131148 0.2290909090909091 0.20765027322404372
1 0.6581818181818182 0.09836065573770492 0.17454545454545456 0.18579234972677597
1 0.5909090909090909 0.23497267759562843 0.08363636363636363 0.15300546448087432
1 0.7072727272727273 0.28688524590163933 0.12727272727272726 0.16939890710382513
1 0.8454545454545455 0.26229508196721313 0.09818181818181818 0.16393442622950818
1 0.9436363636363636 0.24043715846994534 0.06909090909090909 0.06557377049180328
1 0.7927272727272727 0.03278688524590164 0.07272727272727272 0.06557377049180328
1 0.7272727272727273 0.02459016393442623 0.06545454545454546 0.04918032786885246
1 0.02909090909090909 0.1885245901639344 0.05818181818181818 0.16939890710382513
1 0.04727272727272727 0.07650273224043716 0.07272727272727272 0.1092896174863388
1 0.10363636363636364 0.07923497267759563 0.04 0.04918032786885246
1 0.06181818181818182 0.02459016393442623 0.05818181818181818 0.04918032786885246
1 0.016363636363636365 0.03825136612021858 0.03272727272727273 0.07650273224043716
1 0.14181818181818182 0.07923497267759563 0.05818181818181818 0.08196721311475409
1 0.13636363636363635 0.01912568306010929 0.06909090909090909 0.03825136612021858
1 0.1690909090909091 0.04644808743169399 0.04727272727272727 0.060109289617486336
1 0.20545454545454545 0.03825136612021858 0.05454545454545454 0.07650273224043716
1 0.24181818181818182 0.09836065573770492 0.04727272727272727 0.06557377049180328
1 0.1890909090909091 0.12021857923497267 0.04363636363636364 0.0546448087431694
1 0.27090909090909093 0.05191256830601093 0.04727272727272727 0.060109289617486336
1 0.28545454545454546 0.01912568306010929 0.04727272727272727 0.03825136612021858
1 0.32 0.01639344262295082 0.02909090909090909 0.03278688524590164
1 0.3618181818181818 0.02459016393442623 0.04727272727272727 0.04918032786885246
1 0.41818181818181815 0.02459016393442623 0.06545454545454546 0.04918032786885246
1 0.4727272727272727 0.0273224043715847 0.05090909090909091 0.0546448087431694
1 0.5381818181818182 0.04371584699453552 0.05818181818181818 0.08743169398907104
1 0.5363636363636364 0.13114754098360656 0.03272727272727273 0.0546448087431694
1 0.5436363636363636 0.07650273224043716 0.04727272727272727 0.06557377049180328
1 0.49818181818181817 0.08196721311475409 0.04363636363636364 0.09836065573770492
1 0.44 0.09289617486338798 0.08 0.09836065573770492
1 0.36727272727272725 0.07923497267759563 0.06545454545454546 0.08196721311475409
1 0.32 0.05737704918032787 0.02909090909090909 0.04918032786885246
1 0.30363636363636365 0.11202185792349727 0.06181818181818182 0.060109289617486336
1 0.3490909090909091 0.12295081967213115 0.05818181818181818 0.060109289617486336
1 0.36 0.16666666666666666 0.05090909090909091 0.07103825136612021
1 0.3109090909090909 0.16393442622950818 0.05454545454545454 0.06557377049180328
1 0.29818181818181816 0.10655737704918032 0.04363636363636364 0.03825136612021858
1 0.24545454545454545 0.16393442622950818 0.04727272727272727 0.0546448087431694
1 0.2818181818181818 0.2185792349726776 0.06909090909090909 0.06557377049180328
1 0.33454545454545453 0.226775956284153 0.05818181818181818 0.060109289617486336
1 0.3109090909090909 0.2814207650273224 0.06909090909090909 0.09289617486338798
1 0.26545454545454544 0.30327868852459017 0.05090909090909091 0.08196721311475409
1 0.27090909090909093 0.36885245901639346 0.04 0.07103825136612021
1 0.28909090909090907 0.38524590163934425 0.025454545454545455 0.0273224043715847
1 0.3236363636363636 0.4016393442622951 0.05090909090909091 0.04918032786885246
1 0.34363636363636363 0.3360655737704918 0.08363636363636363 0.12568306010928962
1 0.3927272727272727 0.3333333333333333 0.03636363636363636 0.07650273224043716
1 0.4018181818181818 0.4426229508196721 0.09090909090909091 0.09836065573770492
1 0.42727272727272725 0.3797814207650273 0.04727272727272727 0.04918032786885246
1 0.4690909090909091 0.4726775956284153 0.04363636363636364 0.0273224043715847
1 0.48727272727272725 0.4371584699453552 0.06545454545454546 0.08743169398907104
1 0.5254545454545455 0.46174863387978143 0.04727272727272727 0.060109289617486336
1 0.5909090909090909 0.4890710382513661 0.06181818181818182 0.07103825136612021
1 0.6327272727272727 0.7923497267759563 0.06545454545454546 0.12021857923497267
1 0.6818181818181818 0.6584699453551912 0.08363636363636363 0.11475409836065574
1 0.8254545454545454 0.76775956284153 0.07272727272727272 0.060109289617486336
1 0.7709090909090909 0.6038251366120219 0.05090909090909091 0.11475409836065574
1 0.7836363636363637 0.5846994535519126 0.05454545454545454 0.14207650273224043
1 0.8290909090909091 0.6939890710382514 0.06545454545454546 0.07650273224043716
1 0.9054545454545454 0.7404371584699454 0.05818181818181818 0.04918032786885246
1 0.9545454545454546 0.47540983606557374 0.05454545454545454 0.0546448087431694
1 0.9872727272727273 0.4972677595628415 0.01818181818181818 0.06557377049180328
1 0.4 0.226775956284153 0.07272727272727272 0.14754098360655737
1 0.4290909090909091 0.17486338797814208 0.05090909090909091 0.0546448087431694
1 0.4672727272727273 0.16393442622950818 0.04 0.04371584699453552
1 0.4636363636363636 0.2786885245901639 0.06909090909090909 0.1092896174863388
1 0.5054545454545455 0.2103825136612022 0.04363636363636364 0.10382513661202186
1 0.4709090909090909 0.226775956284153 0.04727272727272727 0.03825136612021858
1 0.5272727272727272 0.27595628415300544 0.05818181818181818 0.07103825136612021
1 0.49818181818181817 0.33879781420765026 0.05818181818181818 0.08743169398907104
1 0.49636363636363634 0.41530054644808745 0.06909090909090909 0.06557377049180328
1 0.5581818181818182 0.3551912568306011 0.05454545454545454 0.09836065573770492
1 0.6 0.36065573770491804 0.03636363636363636 0.06557377049180328
1 0.6418181818181818 0.4180327868852459 0.07636363636363637 0.10382513661202186
1 0.6272727272727273 0.4808743169398907 0.06909090909090909 0.09836065573770492
1 0.6909090909090909 0.5300546448087432 0.08 0.12021857923497267
1 0.7181818181818181 0.46994535519125685 0.06181818181818182 0.0546448087431694
1 0.7381818181818182 0.546448087431694 0.03636363636363636 0.0546448087431694
1 0.6909090909090909 0.40437158469945356 0.05090909090909091 0.08743169398907104
1 0.7490909090909091 0.4207650273224044 0.07272727272727272 0.1092896174863388
1 0.6381818181818182 0.2978142076502732 0.025454545454545455 0.09289617486338798
1 0.7727272727272727 0.3770491803278688 0.03272727272727273 0.06557377049180328
1 0.8036363636363636 0.3770491803278688 0.04363636363636364 0.09836065573770492
1 0.8581818181818182 0.3442622950819672 0.06545454545454546 0.09836065573770492
1 0.7890909090909091 0.2786885245901639 0.02909090909090909 0.06557377049180328
1 0.7727272727272727 0.22404371584699453 0.03272727272727273 0.0546448087431694
1 0.7836363636363637 0.18579234972677597 0.05454545454545454 0.0546448087431694
1 0.8218181818181818 0.15300546448087432 0.03636363636363636 0.06557377049180328
1 0.8309090909090909 0.1284153005464481 0.04727272727272727 0.060109289617486336
1 0.8036363636363636 0.09289617486338798 0.014545454545454545 0.04371584699453552
1 0.8763636363636363 0.13114754098360656 0.05090909090909091 0.06557377049180328
1 0.8654545454545455 0.16120218579234974 0.05090909090909091 0.0273224043715847
1 0.9163636363636364 0.18579234972677597 0.05090909090909091 0.04371584699453552
1 0.8763636363636363 0.1994535519125683 0.05090909090909091 0.060109289617486336
1 0.9109090909090909 0.14754098360655737 0.03272727272727273 0.03278688524590164
1 0.9127272727272727 0.10655737704918032 0.03636363636363636 0.03825136612021858
1 0.9345454545454546 0.08743169398907104 0.02909090909090909 0.03278688524590164
1 0.9436363636363636 0.12568306010928962 0.025454545454545455 0.03278688524590164
1 0.9563636363636364 0.14754098360655737 0.02181818181818182 0.03278688524590164
1 0.98 0.16393442622950818 0.03272727272727273 0.04371584699453552
1 0.9618181818181818 0.17759562841530055 0.04727272727272727 0.04918032786885246
1 0.98 0.1994535519125683 0.03272727272727273 0.04918032786885246
1 0.9745454545454545 0.39344262295081966 0.02909090909090909 0.0546448087431694
1 0.9872727272727273 0.38524590163934425 0.01818181818181818 0.060109289617486336
1 0.98 0.43989071038251365 0.03272727272727273 0.04918032786885246
1 0.98 0.3224043715846995 0.03272727272727273 0.0546448087431694
1 0.9181818181818182 0.3005464480874317 0.03272727272727273 0.04371584699453552
1 0.9436363636363636 0.3087431693989071 0.04727272727272727 0.04918032786885246
1 0.8472727272727273 0.5491803278688525 0.06545454545454546 0.16939890710382513
1 0.8218181818181818 0.4644808743169399 0.05090909090909091 0.07650273224043716
1 0.84 0.08196721311475409 0.03636363636363636 0.03278688524590164
1 0.8690909090909091 0.07103825136612021 0.02909090909090909 0.04371584699453552
1 0.8763636363636363 0.040983606557377046 0.03636363636363636 0.04918032786885246
1 0.9218181818181819 0.05737704918032787 0.05454545454545454 0.04918032786885246
1 0.8527272727272728 0.00819672131147541 0.04727272727272727 0.01639344262295082