1 0.747104247104247 0.211340206185567 0.1891891891891892 0.17525773195876287
1 0.7297297297297297 0.26804123711340205 0.20077220077220076 0.18556701030927836
1 0.8648648648648649 0.4381443298969072 0.1776061776061776 0.18556701030927836
1 0.5193050193050193 0.023195876288659795 0.04247104247104247 0.04639175257731959
1 0.5791505791505791 0.06958762886597938 0.15444015444015444 0.13917525773195877
1 0.416988416988417 0.27319587628865977 0.06177606177606178 0.09278350515463918
1 0.6216216216216216 0.75 0.12355212355212356 0.17010309278350516
1 0.5791505791505791 0.8067010309278351 0.2857142857142857 0.3556701030927835
1 0.3918918918918919 0.6469072164948454 0.07335907335907337 0.15979381443298968
1 0.41505791505791506 0.5283505154639175 0.20463320463320464 0.10824742268041238
1 0.15444015444015444 0.5541237113402062 0.03861003861003861 0.06701030927835051
1 0.16988416988416988 0.8067010309278351 0.09266409266409266 0.06701030927835051
1 0.25868725868725867 0.8530927835051546 0.09266409266409266 0.07731958762886598
1 0.39768339768339767 0.9201030927835051 0.05405405405405406 0.14948453608247422
1 0.4613899613899614 0.9510309278350515 0.08108108108108109 0.08762886597938144
1 0.09845559845559845 0.23195876288659795 0.05791505791505792 0.061855670103092786
1 0.43243243243243246 0.4175257731958763 0.6872586872586872 0.7319587628865979
1 0.638996138996139 0.7835051546391752 0.5521235521235521 0.422680412371134
1 0.8281853281853282 0.2268041237113402 0.3359073359073359 0.4020618556701031