1 0.6636363636363637 0.45901639344262296 0.23636363636363636 0.36065573770491804
1 0.5981818181818181 0.20218579234972678 0.1709090909090909 0.26229508196721313
1 0.48363636363636364 0.23770491803278687 0.11636363636363636 0.1912568306010929
1 0.38181818181818183 0.16393442622950818 0.16727272727272727 0.2185792349726776
1 0.2545454545454545 0.18032786885245902 0.10909090909090909 0.12021857923497267
1 0.21636363636363637 0.3360655737704918 0.16363636363636364 0.2459016393442623
1 0.35818181818181816 0.31693989071038253 0.13454545454545455 0.18579234972677597
1 0.40545454545454546 0.4453551912568306 0.20727272727272728 0.3224043715846995
1 0.48363636363636364 0.7103825136612022 0.20363636363636364 0.30601092896174864
1 0.5345454545454545 0.644808743169399 0.13818181818181818 0.33879781420765026
1 0.3090909090909091 0.6721311475409836 0.15272727272727274 0.24043715846994534
1 0.3890909090909091 0.8032786885245902 0.05090909090909091 0.08743169398907104
1 0.23636363636363636 0.5491803278688525 0.15272727272727274 0.1912568306010929