1 0.4166666666666667 0.522140221402214 0.7150537634408602 0.4022140221402214
1 0.7258064516129032 0.3505535055350554 0.5376344086021505 0.5239852398523985
1 0.9301075268817204 0.6273062730627307 0.12903225806451613 0.15498154981549817
1 0.8978494623655914 0.7121771217712177 0.11827956989247312 0.05904059040590406
1 0.8602150537634409 0.8154981549815498 0.26881720430107525 0.1992619926199262
1 0.9381720430107527 0.9095940959409594 0.11290322580645161 0.08487084870848709
1 0.7795698924731183 0.9169741697416974 0.21505376344086022 0.1070110701107011
1 0.5645161290322581 0.8929889298892989 0.27956989247311825 0.1992619926199262
1 0.6827956989247311 0.8228782287822878 0.3118279569892473 0.15498154981549817
1 0.7446236559139785 0.6771217712177122 0.1989247311827957 0.14391143911439114
1 0.5026881720430108 0.7601476014760148 0.2849462365591398 0.14022140221402213
1 0.3602150537634409 0.8560885608856088 0.27956989247311825 0.0959409594095941
1 0.1881720430107527 0.8819188191881919 0.23655913978494625 0.05904059040590406
1 0.22311827956989247 0.7804428044280443 0.2956989247311828 0.15867158671586715
1 0.08064516129032258 0.8173431734317343 0.16129032258064516 0.12915129151291513
1 0.09408602150537634 0.6660516605166051 0.1881720430107527 0.2767527675276753
1 0.1774193548387097 0.3210332103321033 0.13978494623655913 0.07380073800738007
1 0.22043010752688172 0.27121771217712176 0.11827956989247312 0.06273062730627306
1 0.3521505376344086 0.3154981549815498 0.22043010752688172 0.11439114391143912
1 0.3924731182795699 0.23247232472324722 0.11827956989247312 0.06642066420664207
1 0.5188172043010753 0.2011070110701107 0.1774193548387097 0.04797047970479705
1 0.5806451612903226 0.13284132841328414 0.08602150537634409 0.11070110701107011
1 0.6989247311827957 0.13099630996309963 0.17204301075268819 0.09225092250922509
1 0.8252688172043011 0.12546125461254612 0.13440860215053763 0.05904059040590406
1 0.9435483870967742 0.1070110701107011 0.10215053763440861 0.05166051660516605
1 0.8951612903225806 0.08118081180811808 0.1989247311827957 0.05904059040590406
1 0.6612903225806451 0.05350553505535055 0.23655913978494625 0.1070110701107011
1 0.7204301075268817 0.06088560885608856 0.08602150537634409 0.06273062730627306
1 0.8010752688172043 0.05719557195571956 0.07526881720430108 0.04797047970479705
1 0.6935483870967742 0.0959409594095941 0.0967741935483871 0.03690036900369004
1 0.46236559139784944 0.10516605166051661 0.13978494623655913 0.08487084870848709
1 0.29838709677419356 0.16605166051660517 0.2956989247311828 0.2066420664206642
1 0.46236559139784944 0.15313653136531366 0.22580645161290322 0.055350553505535055
1 0.13709677419354838 0.23431734317343172 0.14516129032258066 0.12915129151291513