1 0.8636363636363636 0.9207650273224044 0.21454545454545454 0.14754098360655737
1 0.9836363636363636 0.9480874316939891 0.025454545454545455 0.09289617486338798
1 0.8854545454545455 0.7295081967213115 0.22181818181818183 0.3114754098360656
1 0.8290909090909091 0.8524590163934426 0.03636363636363636 0.06557377049180328
1 0.6781818181818182 0.5519125683060109 0.1709090909090909 0.4262295081967213
1 0.8109090909090909 0.5300546448087432 0.11636363636363636 0.31693989071038253
1 0.9054545454545454 0.4344262295081967 0.18181818181818182 0.3770491803278688
1 0.7909090909090909 0.2568306010928962 0.2509090909090909 0.24043715846994534
1 0.9363636363636364 0.226775956284153 0.12 0.2677595628415301
1 0.9090909090909091 0.06830601092896176 0.17454545454545456 0.1366120218579235
1 0.8363636363636363 0.09562841530054644 0.11636363636363636 0.1912568306010929
1 0.7381818181818182 0.09562841530054644 0.24 0.1912568306010929
1 0.6272727272727273 0.2103825136612022 0.13454545454545455 0.3442622950819672
1 0.5836363636363636 0.47540983606557374 0.12727272727272726 0.19672131147540983
1 0.5636363636363636 0.7404371584699454 0.14545454545454545 0.2896174863387978
1 0.7072727272727273 0.8333333333333334 0.2 0.3224043715846995
1 0.4909090909090909 0.40437158469945356 0.2909090909090909 0.33879781420765026
1 0.44181818181818183 0.23224043715846995 0.20727272727272728 0.22404371584699453
1 0.4672727272727273 0.15300546448087432 0.18545454545454546 0.16393442622950818
1 0.48727272727272725 0.06830601092896176 0.24727272727272728 0.1366120218579235
1 0.39090909090909093 0.7459016393442623 0.29454545454545455 0.366120218579235
1 0.4127272727272727 0.9289617486338798 0.22181818181818183 0.13114754098360656
1 0.19818181818181818 0.8306010928961749 0.1781818181818182 0.32786885245901637
1 0.05454545454545454 0.8879781420765027 0.10909090909090909 0.21311475409836064
1 0.07272727272727272 0.5819672131147541 0.14545454545454545 0.5737704918032787
1 0.15454545454545454 0.43989071038251365 0.13454545454545455 0.2786885245901639
1 0.1690909090909091 0.6366120218579235 0.07636363636363637 0.15846994535519127
1 0.28545454545454546 0.4972677595628415 0.18545454545454546 0.39344262295081966
1 0.24181818181818182 0.1912568306010929 0.22181818181818183 0.24043715846994534
1 0.14363636363636365 0.27595628415300544 0.14909090909090908 0.16939890710382513
1 0.05090909090909091 0.2103825136612022 0.10181818181818182 0.21311475409836064
1 0.16363636363636364 0.07103825136612021 0.13818181818181818 0.14207650273224043
1 0.29454545454545455 0.09289617486338798 0.16727272727272727 0.18579234972677597
1 0.05272727272727273 0.04918032786885246 0.09090909090909091 0.09836065573770492
1 0.01090909090909091 0.04918032786885246 0.02181818181818182 0.09836065573770492
1 0.49818181818181817 0.4972677595628415 0.9963636363636363 0.994535519125683