1 0.7441471571906354 0.4255952380952381 0.08361204013377926 0.125
1 0.782608695652174 0.33630952380952384 0.026755852842809364 0.02976190476190476
1 0.7926421404682275 0.2857142857142857 0.033444816053511704 0.07142857142857142
1 0.7575250836120402 0.2261904761904762 0.05016722408026756 0.05952380952380952
1 0.7391304347826086 0.28273809523809523 0.026755852842809364 0.05357142857142857
1 0.7675585284280937 0.28869047619047616 0.030100334448160536 0.05357142857142857
1 0.697324414715719 0.2767857142857143 0.043478260869565216 0.06547619047619048
1 0.717391304347826 0.23511904761904762 0.030100334448160536 0.041666666666666664
1 0.7274247491638796 0.3333333333333333 0.043478260869565216 0.05952380952380952
1 0.7642140468227425 0.3601190476190476 0.05016722408026756 0.06547619047619048
1 0.8093645484949833 0.41369047619047616 0.033444816053511704 0.10119047619047619
1 0.8461538461538461 0.4583333333333333 0.05351170568561873 0.09523809523809523
1 0.6806020066889632 0.46130952380952384 0.043478260869565216 0.17261904761904762
1 0.7123745819397993 0.5952380952380952 0.06020066889632107 0.13095238095238096
1 0.7357859531772575 0.5178571428571429 0.06020066889632107 0.11904761904761904
1 0.7792642140468228 0.6160714285714286 0.08695652173913043 0.1488095238095238
1 0.782608695652174 0.5565476190476191 0.04013377926421405 0.06547619047619048
1 0.8244147157190636 0.5744047619047619 0.06354515050167224 0.125
1 0.8361204013377926 0.6339285714285714 0.04013377926421405 0.07738095238095238
1 0.7759197324414716 0.6934523809523809 0.10702341137123746 0.06547619047619048
1 0.7842809364548495 0.7797619047619048 0.11705685618729098 0.13095238095238096
1 0.7140468227424749 0.7648809523809523 0.043478260869565216 0.20833333333333334
1 0.6722408026755853 0.7351190476190477 0.06020066889632107 0.17261904761904762
1 0.6454849498327759 0.6398809523809523 0.09364548494983277 0.07738095238095238
1 0.6003344481605352 0.5476190476190477 0.14381270903010032 0.14285714285714285
1 0.6270903010033445 0.41369047619047616 0.0903010033444816 0.13690476190476192
1 0.5317725752508361 0.4642857142857143 0.11371237458193979 0.21428571428571427
1 0.6789297658862876 0.9404761904761905 0.07357859531772576 0.10714285714285714
1 0.6688963210702341 0.8690476190476191 0.07357859531772576 0.09523809523809523
1 0.6070234113712375 0.7827380952380952 0.09698996655518395 0.22023809523809523
1 0.5518394648829431 0.6964285714285714 0.10702341137123746 0.13095238095238096
1 0.540133779264214 0.8035714285714286 0.06354515050167224 0.14285714285714285
1 0.5568561872909699 0.9315476190476191 0.09698996655518395 0.125
1 0.6137123745819398 0.9434523809523809 0.05016722408026756 0.10119047619047619
1 0.4531772575250836 0.9315476190476191 0.1705685618729097 0.125
1 0.3177257525083612 0.9583333333333334 0.10033444816053512 0.07142857142857142
1 0.33612040133779264 0.8839285714285714 0.11036789297658862 0.19642857142857142
1 0.40301003344481606 0.8898809523809523 0.07023411371237458 0.1130952380952381
1 0.431438127090301 0.7976190476190477 0.16722408026755853 0.2619047619047619
1 0.4180602006688963 0.6398809523809523 0.12040133779264214 0.125
1 0.49665551839464883 0.5863095238095238 0.10367892976588629 0.16071428571428573
1 0.459866220735786 0.4851190476190476 0.07023411371237458 0.13690476190476192
1 0.3595317725752508 0.5416666666666666 0.12374581939799331 0.10714285714285714
1 0.2625418060200669 0.5446428571428571 0.07692307692307693 0.13690476190476192
1 0.24247491638795987 0.7440476190476191 0.11705685618729098 0.25
1 0.3210702341137124 0.6904761904761905 0.12040133779264214 0.20238095238095238
1 0.44648829431438125 0.29464285714285715 0.09698996655518395 0.23214285714285715
1 0.5301003344481605 0.28869047619047616 0.08361204013377926 0.125
1 0.6020066889632107 0.13095238095238096 0.16722408026755853 0.2619047619047619
1 0.7073578595317725 0.17559523809523808 0.056856187290969896 0.125
1 0.6387959866220736 0.2976190476190476 0.12709030100334448 0.09523809523809523
1 0.5016722408026756 0.14583333333333334 0.08695652173913043 0.1488095238095238
1 0.41638795986622074 0.10416666666666667 0.09698996655518395 0.19642857142857142
1 0.4230769230769231 0.041666666666666664 0.08361204013377926 0.08333333333333333
1 0.47324414715719065 0.050595238095238096 0.05016722408026756 0.10119047619047619
1 0.5033444816053512 0.03273809523809524 0.05016722408026756 0.06547619047619048
1 0.6471571906354515 0.050595238095238096 0.11705685618729098 0.10119047619047619
1 0.7207357859531772 0.11011904761904762 0.05016722408026756 0.16071428571428573
1 0.4096989966555184 0.34523809523809523 0.056856187290969896 0.09523809523809523
1 0.34615384615384615 0.4226190476190476 0.07023411371237458 0.14285714285714285
1 0.4080267558528428 0.4255952380952381 0.07357859531772576 0.08928571428571429
1 0.362876254180602 0.050595238095238096 0.03678929765886288 0.07738095238095238
1 0.3595317725752508 0.125 0.056856187290969896 0.047619047619047616
1 0.29264214046822745 0.1636904761904762 0.05016722408026756 0.06547619047619048
1 0.3494983277591973 0.18452380952380953 0.07023411371237458 0.08333333333333333
1 0.24581939799331104 0.1636904761904762 0.03678929765886288 0.05357142857142857
1 0.22073578595317725 0.27380952380952384 0.06688963210702341 0.08333333333333333
1 0.2408026755852843 0.27380952380952384 0.046822742474916385 0.11904761904761904
1 0.3060200668896321 0.2648809523809524 0.0903010033444816 0.125
1 0.35618729096989965 0.3005952380952381 0.043478260869565216 0.07738095238095238
1 0.29264214046822745 0.34523809523809523 0.07692307692307693 0.07142857142857142
1 0.23745819397993312 0.4494047619047619 0.05351170568561873 0.07738095238095238
1 0.28762541806020064 0.43452380952380953 0.05351170568561873 0.07142857142857142
1 0.22240802675585283 0.3869047619047619 0.056856187290969896 0.047619047619047616
1 0.20903010033444816 0.31547619047619047 0.043478260869565216 0.08333333333333333