1 0.7871485943775101 0.7425742574257426 0.1606425702811245 0.22772277227722773
1 0.8534136546184738 0.5297029702970297 0.14056224899598393 0.18811881188118812
1 0.8614457831325302 0.3935643564356436 0.10040160642570281 0.12376237623762376
1 0.8534136546184738 0.2524752475247525 0.11646586345381527 0.16831683168316833
1 0.6807228915662651 0.04702970297029703 0.07630522088353414 0.08415841584158416
1 0.751004016064257 0.05198019801980198 0.05622489959839357 0.07425742574257425
1 0.7349397590361446 0.06683168316831684 0.26506024096385544 0.13366336633663367
1 0.7831325301204819 0.1311881188118812 0.20883534136546184 0.2623762376237624
1 0.6686746987951807 0.15346534653465346 0.06827309236947791 0.10891089108910891
1 0.6767068273092369 0.3589108910891089 0.285140562248996 0.3316831683168317
1 0.7048192771084337 0.5742574257425742 0.14056224899598393 0.07920792079207921
1 0.6646586345381527 0.7004950495049505 0.09236947791164658 0.12376237623762376
1 0.6485943775100401 0.6014851485148515 0.07630522088353414 0.07425742574257425
1 0.4899598393574297 0.655940594059406 0.24899598393574296 0.3118811881188119
1 0.5823293172690763 0.8514851485148515 0.024096385542168676 0.0297029702970297
1 0.4939759036144578 0.8366336633663366 0.0321285140562249 0.0297029702970297
1 0.3072289156626506 0.7698019801980198 0.26907630522088355 0.23267326732673269
1 0.3534136546184739 0.8514851485148515 0.024096385542168676 0.0297029702970297
1 0.3714859437751004 0.8316831683168316 0.020080321285140562 0.019801980198019802
1 0.35943775100401604 0.599009900990099 0.10843373493975904 0.16831683168316833
1 0.35943775100401604 0.39603960396039606 0.3253012048192771 0.3564356435643564
1 0.15261044176706828 0.5544554455445545 0.15261044176706828 0.21782178217821782
1 0.2469879518072289 0.2004950495049505 0.285140562248996 0.3118811881188119
1 0.5020080321285141 0.16584158415841585 0.26506024096385544 0.3316831683168317
1 0.357429718875502 0.054455445544554455 0.14457831325301204 0.10891089108910891
1 0.21485943775100402 0.04207920792079208 0.1566265060240964 0.08415841584158416
1 0.09839357429718876 0.1707920792079208 0.060240963855421686 0.18316831683168316
1 0.060240963855421686 0.3465346534653465 0.12048192771084337 0.16831683168316833
1 0.13453815261044177 0.3910891089108911 0.14859437751004015 0.10891089108910891