1 0.04639175257731959 0.9015444015444015 0.09278350515463918 0.1891891891891892
1 0.13917525773195877 0.7625482625482626 0.27835051546391754 0.25096525096525096
1 0.10824742268041238 0.88996138996139 0.17525773195876287 0.21235521235521235
1 0.2036082474226804 0.9459459459459459 0.07731958762886598 0.10038610038610038
1 0.05412371134020619 0.6447876447876448 0.10824742268041238 0.18532818532818532
1 0.16494845360824742 0.749034749034749 0.14432989690721648 0.16216216216216217
1 0.17525773195876287 0.7027027027027027 0.26804123711340205 0.33204633204633205
1 0.2603092783505155 0.8011583011583011 0.10824742268041238 0.35135135135135137
1 0.3170103092783505 0.7972972972972973 0.20103092783505155 0.3204633204633205
1 0.39690721649484534 0.777992277992278 0.20618556701030927 0.3436293436293436
1 0.39948453608247425 0.8455598455598455 0.11855670103092783 0.138996138996139
1 0.5051546391752577 0.8494208494208494 0.1134020618556701 0.14671814671814673
1 0.5077319587628866 0.7644787644787645 0.22164948453608246 0.2471042471042471
1 0.38144329896907214 0.5540540540540541 0.1134020618556701 0.2277992277992278
1 0.5180412371134021 0.6718146718146718 0.22164948453608246 0.33204633204633205
1 0.5231958762886598 0.7277992277992278 0.08762886597938144 0.14285714285714285
1 0.5876288659793815 0.6833976833976834 0.13402061855670103 0.138996138996139
1 0.6288659793814433 0.666023166023166 0.12371134020618557 0.18146718146718147
1 0.7010309278350515 0.7007722007722008 0.13402061855670103 0.15057915057915058
1 0.6804123711340206 0.6467181467181468 0.07216494845360824 0.08108108108108109
1 0.6932989690721649 0.6158301158301158 0.18041237113402062 0.14285714285714285
1 0.6701030927835051 0.5540540540540541 0.041237113402061855 0.06563706563706563
1 0.6829896907216495 0.5347490347490348 0.04639175257731959 0.11196911196911197
1 0.7396907216494846 0.5598455598455598 0.04639175257731959 0.138996138996139
1 0.8170103092783505 0.6602316602316602 0.0979381443298969 0.13127413127413126
1 0.7963917525773195 0.5772200772200772 0.06701030927835051 0.0888030888030888
1 0.770618556701031 0.5173745173745173 0.015463917525773196 0.05405405405405406
1 0.8402061855670103 0.5637065637065637 0.10309278350515463 0.11583011583011583
1 0.8479381443298969 0.5444015444015444 0.05670103092783505 0.12355212355212356
1 0.8041237113402062 0.49613899613899615 0.041237113402061855 0.05019305019305019
1 0.18298969072164947 0.3590733590733591 0.36597938144329895 0.7181467181467182
1 0.4896907216494845 0.13513513513513514 0.5051546391752577 0.2702702702702703
1 0.6314432989690721 0.23938223938223938 0.5721649484536082 0.36293436293436293
1 0.5025773195876289 0.47297297297297297 0.13917525773195877 0.25096525096525096
1 0.6134020618556701 0.4575289575289575 0.1134020618556701 0.16602316602316602
1 0.7242268041237113 0.3783783783783784 0.3556701030927835 0.1776061776061776
1 0.9252577319587629 0.5231660231660231 0.07731958762886598 0.14285714285714285
1 0.9639175257731959 0.6158301158301158 0.030927835051546393 0.04247104247104247
1 0.9639175257731959 0.9343629343629344 0.061855670103092786 0.12355212355212356