1 0.4381818181818182 0.8142076502732241 0.07636363636363637 0.1092896174863388
1 0.7563636363636363 0.11748633879781421 0.07272727272727272 0.1366120218579235
1 0.7490909090909091 0.23770491803278687 0.05818181818181818 0.09289617486338798
1 0.6890909090909091 0.19398907103825136 0.08363636363636363 0.12568306010928962
1 0.6163636363636363 0.18579234972677597 0.06909090909090909 0.08743169398907104
1 0.6272727272727273 0.2650273224043716 0.09818181818181818 0.08196721311475409
1 0.6236363636363637 0.3442622950819672 0.09090909090909091 0.1092896174863388
1 0.7054545454545454 0.34153005464480873 0.06545454545454546 0.10382513661202186
1 0.7581818181818182 0.3251366120218579 0.03272727272727273 0.07103825136612021
1 0.7945454545454546 0.34153005464480873 0.05454545454545454 0.09289617486338798
1 0.8290909090909091 0.30601092896174864 0.05090909090909091 0.08743169398907104
1 0.850909090909091 0.40437158469945356 0.08 0.1092896174863388
1 0.7836363636363637 0.43169398907103823 0.05454545454545454 0.09836065573770492
1 0.8363636363636363 0.5163934426229508 0.09454545454545454 0.12568306010928962
1 0.8418181818181818 0.6338797814207651 0.08363636363636363 0.12021857923497267
1 0.7818181818181819 0.6775956284153005 0.08 0.14207650273224043
1 0.7563636363636363 0.6202185792349727 0.07272727272727272 0.15846994535519127
1 0.7163636363636363 0.5956284153005464 0.08 0.13114754098360656
1 0.7036363636363636 0.6939890710382514 0.06181818181818182 0.08743169398907104
1 0.6436363636363637 0.6311475409836066 0.08727272727272728 0.1366120218579235
1 0.5709090909090909 0.7158469945355191 0.08 0.14207650273224043
1 0.6363636363636364 0.7404371584699454 0.07272727272727272 0.10382513661202186
1 0.5909090909090909 0.4453551912568306 0.09090909090909091 0.12568306010928962
1 0.6690909090909091 0.4453551912568306 0.08727272727272728 0.12568306010928962
1 0.7272727272727273 0.46174863387978143 0.05090909090909091 0.11475409836065574
1 0.6727272727272727 0.5382513661202186 0.07272727272727272 0.060109289617486336
1 0.5436363636363636 0.33879781420765026 0.06909090909090909 0.12021857923497267
1 0.5454545454545454 0.4207650273224044 0.05090909090909091 0.07650273224043716
1 0.5145454545454545 0.5109289617486339 0.09090909090909091 0.11475409836065574
1 0.49818181818181817 0.6311475409836066 0.08727272727272728 0.12568306010928962
1 0.5290909090909091 0.7103825136612022 0.025454545454545455 0.08743169398907104
1 0.5727272727272728 0.5737704918032787 0.08363636363636363 0.13114754098360656