1 0.15636363636363637 0.45901639344262296 0.22545454545454546 0.36065573770491804
1 0.2963636363636364 0.47540983606557374 0.20727272727272728 0.44808743169398907
1 0.42363636363636364 0.32786885245901637 0.3236363636363636 0.32786885245901637
1 0.6272727272727273 0.2923497267759563 0.37454545454545457 0.18032786885245902
1 0.8545454545454545 0.5191256830601093 0.15272727272727274 0.41530054644808745
1 0.7454545454545455 0.45901639344262296 0.13818181818181818 0.20765027322404372
1 0.6963636363636364 0.6147540983606558 0.2509090909090909 0.20218579234972678
1 0.6090909090909091 0.4562841530054645 0.13454545454545455 0.22404371584699453
1 0.5163636363636364 0.5983606557377049 0.10181818181818182 0.2459016393442623
1 0.5854545454545454 0.8087431693989071 0.10909090909090909 0.28415300546448086
1 0.4781818181818182 0.7513661202185792 0.11272727272727273 0.2677595628415301
1 0.30363636363636365 0.7896174863387978 0.13454545454545455 0.2896174863387978
1 0.14545454545454545 0.6530054644808743 0.15272727272727274 0.5300546448087432