1 0.8441860465116279 0.7136752136752137 0.08837209302325581 0.15384615384615385
1 0.7651162790697674 0.7713675213675214 0.10697674418604651 0.13247863247863248
1 0.7209302325581395 0.6816239316239316 0.08372093023255814 0.16666666666666666
1 0.6627906976744186 0.7350427350427351 0.09767441860465116 0.26495726495726496
1 0.5581395348837209 0.811965811965812 0.13023255813953488 0.13675213675213677
1 0.6139534883720931 0.7286324786324786 0.08372093023255814 0.11538461538461539
1 0.4906976744186046 0.7414529914529915 0.2930232558139535 0.3034188034188034
1 0.5302325581395348 0.5982905982905983 0.20465116279069767 0.1623931623931624
1 0.513953488372093 0.5790598290598291 0.17209302325581396 0.2264957264957265
1 0.34651162790697676 0.75 0.17209302325581396 0.32051282051282054
1 0.16046511627906976 0.717948717948718 0.2744186046511628 0.1452991452991453
1 0.23953488372093024 0.7478632478632479 0.2372093023255814 0.49572649572649574
1 0.1325581395348837 0.6452991452991453 0.13488372093023257 0.08547008547008547
1 0.10232558139534884 0.11538461538461539 0.20465116279069767 0.2222222222222222
1 0.29767441860465116 0.08547008547008547 0.24186046511627907 0.1623931623931624
1 0.7023255813953488 0.29914529914529914 0.586046511627907 0.5982905982905983
1 0.41627906976744183 0.3782051282051282 0.20930232558139536 0.43162393162393164
1 0.2534883720930233 0.28846153846153844 0.15348837209302327 0.1581196581196581