1 0.9435975609756098 0.922077922077922 0.10670731707317073 0.14285714285714285
1 0.8429878048780488 0.9025974025974026 0.14329268292682926 0.16883116883116883
1 0.6890243902439024 0.9577922077922078 0.07317073170731707 0.07142857142857142
1 0.6295731707317073 0.922077922077922 0.09451219512195122 0.14285714285714285
1 0.5411585365853658 0.9025974025974026 0.09451219512195122 0.18181818181818182
1 0.586890243902439 0.7077922077922078 0.15548780487804878 0.2857142857142857
1 0.6036585365853658 0.23376623376623376 0.1524390243902439 0.22077922077922077
1 0.6661585365853658 0.40584415584415584 0.13719512195121952 0.2532467532467532
1 0.7378048780487805 0.564935064935065 0.07926829268292683 0.3246753246753247
1 0.676829268292683 0.06493506493506493 0.12804878048780488 0.12987012987012986
1 0.8064024390243902 0.21103896103896103 0.24085365853658536 0.42207792207792205
1 0.8307926829268293 0.4902597402597403 0.13719512195121952 0.21428571428571427
1 0.8384146341463414 0.6136363636363636 0.0975609756097561 0.16233766233766234
1 0.9283536585365854 0.551948051948052 0.13109756097560976 0.5584415584415584
1 0.6570121951219512 0.5616883116883117 0.2530487804878049 0.538961038961039
1 0.7698170731707317 0.827922077922078 0.17378048780487804 0.2922077922077922
1 0.3323170731707317 0.7564935064935064 0.14634146341463414 0.3051948051948052
1 0.48323170731707316 0.4707792207792208 0.11280487804878049 0.24025974025974026
1 0.4847560975609756 0.737012987012987 0.14634146341463414 0.33116883116883117
1 0.6128048780487805 0.9025974025974026 0.3170731707317073 0.18181818181818182
1 0.4054878048780488 0.3181818181818182 0.24390243902439024 0.6363636363636364
1 0.24390243902439024 0.35064935064935066 0.2804878048780488 0.5714285714285714
1 0.27134146341463417 0.06168831168831169 0.10975609756097561 0.12337662337662338
1 0.10823170731707317 0.05844155844155844 0.21646341463414634 0.11688311688311688
1 0.028963414634146343 0.20454545454545456 0.057926829268292686 0.14935064935064934
1 0.07621951219512195 0.31493506493506496 0.10365853658536585 0.13636363636363635
1 0.10975609756097561 0.4967532467532468 0.12804878048780488 0.2532467532467532
1 0.19664634146341464 0.4935064935064935 0.057926829268292686 0.16883116883116883
1 0.23932926829268292 0.5292207792207793 0.11890243902439024 0.2792207792207792
1 0.21341463414634146 0.6590909090909091 0.10365853658536585 0.18831168831168832
1 0.03201219512195122 0.6461038961038961 0.06402439024390244 0.24025974025974026
1 0.013719512195121951 0.7824675324675324 0.027439024390243903 0.12337662337662338
1 0.025914634146341462 0.9123376623376623 0.051829268292682924 0.16233766233766234
1 0.11128048780487805 0.788961038961039 0.14329268292682926 0.34415584415584416
1 0.22103658536585366 0.9253246753246753 0.08841463414634146 0.13636363636363635
1 0.2301829268292683 0.827922077922078 0.08841463414634146 0.14935064935064934
1 0.33689024390243905 0.8831168831168831 0.14939024390243902 0.22077922077922077
1 0.025914634146341462 0.44805194805194803 0.051829268292682924 0.16883116883116883