1 0.6390977443609023 0.6005291005291006 0.12030075187969924 0.164021164021164
1 0.7424812030075187 0.6005291005291006 0.09398496240601503 0.1746031746031746
1 0.6842105263157895 0.7513227513227513 0.12030075187969924 0.1693121693121693
1 0.5676691729323309 0.7698412698412699 0.11278195488721804 0.1746031746031746
1 0.518796992481203 0.6084656084656085 0.10526315789473684 0.15873015873015872
1 0.462406015037594 0.4312169312169312 0.11278195488721804 0.15343915343915343
1 0.5639097744360902 0.35185185185185186 0.11278195488721804 0.12169312169312169
1 0.6484962406015038 0.3994708994708995 0.07142857142857142 0.1111111111111111
1 0.42105263157894735 0.58994708994709 0.09774436090225563 0.164021164021164
1 0.4473684210526316 0.7619047619047619 0.12030075187969924 0.15873015873015872
1 0.36278195488721804 0.5661375661375662 0.06390977443609022 0.1164021164021164
1 0.30451127819548873 0.7433862433862434 0.17293233082706766 0.20634920634920634
1 0.18233082706766918 0.5608465608465608 0.17669172932330826 0.21164021164021163
1 0.39473684210526316 0.2962962962962963 0.17293233082706766 0.15873015873015872
1 0.5582706766917294 0.1693121693121693 0.10902255639097744 0.15873015873015872
1 0.6560150375939849 0.13756613756613756 0.13157894736842105 0.20105820105820105
1 0.8045112781954887 0.31746031746031744 0.09774436090225563 0.15873015873015872
1 0.8872180451127819 0.25396825396825395 0.14285714285714285 0.17989417989417988
1 0.693609022556391 0.3835978835978836 0.13909774436090225 0.23809523809523808
1 0.07330827067669173 0.7486772486772487 0.14661654135338345 0.23809523809523808