1 0.7337164750957854 0.5077720207253886 0.524904214559387 0.24870466321243523
1 0.9252873563218391 0.6476683937823834 0.1417624521072797 0.19689119170984457
1 0.5900383141762452 0.8005181347150259 0.4367816091954023 0.38860103626943004
1 0.2624521072796935 0.6787564766839378 0.26436781609195403 0.38341968911917096
1 0.3563218390804598 0.7098445595854922 0.27586206896551724 0.45595854922279794
1 0.13409961685823754 0.8575129533678757 0.2681992337164751 0.27461139896373055
1 0.2567049808429119 0.3601036269430052 0.07662835249042145 0.33678756476683935
1 0.41379310344827586 0.4585492227979275 0.24521072796934865 0.36787564766839376
1 0.553639846743295 0.29015544041450775 0.42528735632183906 0.48704663212435234
1 0.6762452107279694 0.15803108808290156 0.41762452107279696 0.21243523316062177
1 0.8160919540229885 0.20466321243523317 0.27586206896551724 0.40932642487046633
1 0.31992337164750956 0.23575129533678757 0.11877394636015326 0.47150259067357514
1 0.15134099616858238 0.17875647668393782 0.30268199233716475 0.35751295336787564
1 0.11494252873563218 0.3601036269430052 0.22988505747126436 0.12953367875647667
1 0.10344827586206896 0.09844559585492228 0.19923371647509577 0.19689119170984457
1 0.005747126436781609 0.45595854922279794 0.011494252873563218 0.15544041450777202
1 0.6187739463601533 0.06735751295336788 0.20306513409961685 0.13471502590673576
1 0.7164750957854407 0.04145077720207254 0.10727969348659004 0.08290155440414508
1 0.46360153256704983 0.03367875647668394 0.19157088122605365 0.06735751295336788