1 0.5509090909090909 0.42349726775956287 0.28 0.2568306010928962
1 0.7545454545454545 0.5683060109289617 0.14181818181818182 0.12021857923497267
1 0.78 0.546448087431694 0.20727272727272728 0.16393442622950818
1 0.7418181818181818 0.5846994535519126 0.13818181818181818 0.08743169398907104
1 0.7181818181818181 0.6147540983606558 0.06909090909090909 0.04918032786885246
1 0.8090909090909091 0.680327868852459 0.22181818181818183 0.11475409836065574
1 0.7709090909090909 0.7240437158469946 0.18181818181818182 0.1366120218579235
1 0.7109090909090909 0.7650273224043715 0.1781818181818182 0.12021857923497267
1 0.7490909090909091 0.8852459016393442 0.11636363636363636 0.15300546448087432
1 0.6363636363636364 0.7868852459016393 0.13818181818181818 0.13114754098360656
1 0.6163636363636363 0.7131147540983607 0.14909090909090908 0.060109289617486336
1 0.6181818181818182 0.6557377049180327 0.06545454545454546 0.0546448087431694
1 0.6272727272727273 0.5655737704918032 0.16363636363636364 0.22404371584699453
1 0.6363636363636364 0.5191256830601093 0.09454545454545454 0.08743169398907104
1 0.5818181818181818 0.4262295081967213 0.20363636363636364 0.14207650273224043
1 0.5727272727272728 0.5846994535519126 0.10545454545454545 0.13114754098360656
1 0.5763636363636364 0.6639344262295082 0.05454545454545454 0.11475409836065574
1 0.5218181818181818 0.6202185792349727 0.06909090909090909 0.15846994535519127
1 0.5127272727272727 0.6666666666666666 0.05818181818181818 0.07650273224043716
1 0.5036363636363637 0.7103825136612022 0.10545454545454545 0.12021857923497267
1 0.46545454545454545 0.674863387978142 0.18181818181818182 0.12568306010928962
1 0.44727272727272727 0.6147540983606558 0.09454545454545454 0.10382513661202186
1 0.4127272727272727 0.46174863387978143 0.04 0.060109289617486336
1 0.4381818181818182 0.48360655737704916 0.08363636363636363 0.23497267759562843
1 0.45454545454545453 0.3907103825136612 0.09454545454545454 0.08196721311475409
1 0.4509090909090909 0.32786885245901637 0.10909090909090909 0.08743169398907104
1 0.5636363636363636 0.4098360655737705 0.15272727272727274 0.09836065573770492
1 0.3327272727272727 0.2459016393442623 0.20727272727272728 0.1092896174863388
1 0.2909090909090909 0.26229508196721313 0.21818181818181817 0.09836065573770492
1 0.2927272727272727 0.1830601092896175 0.08363636363636363 0.07103825136612021
1 0.32727272727272727 0.3224043715846995 0.04363636363636364 0.0546448087431694
1 0.25636363636363635 0.5683060109289617 0.10545454545454545 0.07650273224043716