1 0.8631578947368421 0.5932203389830508 0.22456140350877193 0.2824858757062147
1 0.8315789473684211 0.8983050847457628 0.18947368421052632 0.192090395480226
1 0.8140350877192982 0.7655367231638418 0.11228070175438597 0.14124293785310735
1 0.7491228070175439 0.847457627118644 0.05263157894736842 0.07909604519774012
1 0.9 0.632768361581921 0.19298245614035087 0.21468926553672316
1 0.9350877192982456 0.751412429378531 0.12280701754385964 0.0903954802259887
1 0.9315789473684211 0.7796610169491526 0.12982456140350876 0.07909604519774012
1 0.9368421052631579 0.827683615819209 0.11929824561403508 0.03954802259887006
1 0.7947368421052632 0.7005649717514124 0.0456140350877193 0.07909604519774012
1 0.9175438596491228 0.4745762711864407 0.10175438596491228 0.14689265536723164
1 0.9333333333333333 0.4322033898305085 0.10526315789473684 0.14124293785310735
1 0.9210526315789473 0.3361581920903955 0.10877192982456141 0.11864406779661017
1 0.9 0.2514124293785311 0.05964912280701754 0.07344632768361582
1 0.9438596491228071 0.23728813559322035 0.10526315789473684 0.4293785310734463
1 0.8368421052631579 0.3926553672316384 0.09473684210526316 0.12994350282485875
1 0.8315789473684211 0.2740112994350282 0.11929824561403508 0.14124293785310735
1 0.8280701754385965 0.1553672316384181 0.10526315789473684 0.11864406779661017
1 0.8473684210526315 0.08192090395480225 0.10175438596491228 0.1638418079096045
1 0.6842105263157895 0.9293785310734464 0.12631578947368421 0.12994350282485875
1 0.5087719298245614 0.8333333333333334 0.09824561403508772 0.15254237288135594
1 0.5052631578947369 0.9463276836158192 0.07017543859649122 0.096045197740113
1 0.6543859649122807 0.8983050847457628 0.1368421052631579 0.192090395480226
1 0.6298245614035087 0.8700564971751412 0.15087719298245614 0.24858757062146894
1 0.6087719298245614 0.8107344632768362 0.1649122807017544 0.2542372881355932
1 0.6157894736842106 0.7203389830508474 0.12280701754385964 0.1864406779661017
1 0.6140350877192983 0.6892655367231638 0.11929824561403508 0.23728813559322035
1 0.7157894736842105 0.6666666666666666 0.07719298245614035 0.1694915254237288
1 0.7473684210526316 0.7259887005649718 0.07017543859649122 0.20903954802259886
1 0.724561403508772 0.5141242937853108 0.12982456140350876 0.13559322033898305
1 0.7280701754385965 0.3926553672316384 0.07368421052631578 0.11864406779661017
1 0.775438596491228 0.423728813559322 0.021052631578947368 0.04519774011299435
1 0.7789473684210526 0.3531073446327684 0.04912280701754386 0.096045197740113
1 0.7157894736842105 0.2909604519774011 0.06315789473684211 0.10734463276836158
1 0.7649122807017544 0.22033898305084745 0.07017543859649122 0.12429378531073447
1 0.756140350877193 0.13559322033898305 0.03859649122807018 0.05649717514124294
1 0.7157894736842105 0.05649717514124294 0.11228070175438597 0.11299435028248588
1 0.775438596491228 0.04519774011299435 0.042105263157894736 0.0903954802259887
1 0.3631578947368421 0.9265536723163842 0.10175438596491228 0.13559322033898305
1 0.43333333333333335 0.9067796610169492 0.05263157894736842 0.12994350282485875
1 0.443859649122807 0.9378531073446328 0.05964912280701754 0.11299435028248588
1 0.387719298245614 0.788135593220339 0.10175438596491228 0.1751412429378531
1 0.41403508771929826 0.8757062146892656 0.056140350877192984 0.1016949152542373
1 0.4456140350877193 0.6949152542372882 0.09824561403508772 0.1694915254237288
1 0.49298245614035086 0.7062146892655368 0.08070175438596491 0.13559322033898305
1 0.4807017543859649 0.5677966101694916 0.0912280701754386 0.12994350282485875
1 0.519298245614035 0.4661016949152542 0.07017543859649122 0.12994350282485875
1 0.5403508771929825 0.576271186440678 0.028070175438596492 0.0903954802259887
1 0.5631578947368421 0.6610169491525424 0.05964912280701754 0.14689265536723164
1 0.6070175438596491 0.5677966101694916 0.056140350877192984 0.096045197740113
1 0.6385964912280702 0.5225988700564972 0.042105263157894736 0.096045197740113
1 0.5543859649122806 0.3022598870056497 0.11228070175438597 0.1864406779661017
1 0.6052631578947368 0.3502824858757062 0.08070175438596491 0.13559322033898305
1 0.5859649122807018 0.4774011299435028 0.06315789473684211 0.14124293785310735
1 0.6578947368421053 0.3898305084745763 0.06666666666666667 0.15819209039548024
1 0.6649122807017543 0.23728813559322035 0.08070175438596491 0.14689265536723164
1 0.6894736842105263 0.15254237288135594 0.08771929824561403 0.11299435028248588
1 0.5631578947368421 0.1016949152542373 0.15789473684210525 0.2033898305084746
1 0.5684210526315789 0.062146892655367235 0.16842105263157894 0.12429378531073447
1 0.5245614035087719 0.17796610169491525 0.09473684210526316 0.12994350282485875
1 0.443859649122807 0.06497175141242938 0.08070175438596491 0.12994350282485875
1 0.37894736842105264 0.059322033898305086 0.11929824561403508 0.11864406779661017
1 0.38070175438596493 0.022598870056497175 0.06666666666666667 0.04519774011299435
1 0.4368421052631579 0.480225988700565 0.12982456140350876 0.22598870056497175
1 0.41403508771929826 0.3107344632768362 0.11228070175438597 0.23728813559322035
1 0.4456140350877193 0.2344632768361582 0.11929824561403508 0.288135593220339
1 0.3719298245614035 0.16666666666666666 0.03508771929824561 0.07344632768361582
1 0.3157894736842105 0.1440677966101695 0.11929824561403508 0.15254237288135594
1 0.3 0.059322033898305086 0.06666666666666667 0.05084745762711865
1 0.27017543859649124 0.022598870056497175 0.11228070175438597 0.04519774011299435
1 0.2824561403508772 0.03672316384180791 0.05964912280701754 0.05084745762711865
1 0.24035087719298245 0.07062146892655367 0.05964912280701754 0.062146892655367235
1 0.23684210526315788 0.11864406779661017 0.05964912280701754 0.06779661016949153
1 0.24385964912280703 0.2288135593220339 0.08070175438596491 0.1638418079096045
1 0.30526315789473685 0.307909604519774 0.06315789473684211 0.1751412429378531
1 0.3263157894736842 0.2514124293785311 0.07719298245614035 0.11864406779661017
1 0.4017543859649123 0.3163841807909605 0.14385964912280702 0.2598870056497175
1 0.28421052631578947 0.3926553672316384 0.09824561403508772 0.1977401129943503
1 0.21929824561403508 0.3615819209039548 0.08070175438596491 0.12429378531073447
1 0.1631578947368421 0.05084745762711865 0.06666666666666667 0.1016949152542373
1 0.13859649122807016 0.12994350282485875 0.10175438596491228 0.1016949152542373
1 0.1912280701754386 0.1327683615819209 0.0456140350877193 0.03954802259887006
1 0.18596491228070175 0.192090395480226 0.03508771929824561 0.13559322033898305
1 0.1368421052631579 0.23163841807909605 0.10526315789473684 0.21468926553672316
1 0.3350877192982456 0.6638418079096046 0.14385964912280702 0.2768361581920904
1 0.3473684210526316 0.4915254237288136 0.07017543859649122 0.1016949152542373
1 0.1649122807017544 0.8022598870056498 0.16842105263157894 0.22598870056497175
1 0.22807017543859648 0.8700564971751412 0.21754385964912282 0.12429378531073447
1 0.2578947368421053 0.8926553672316384 0.18596491228070175 0.11299435028248588
1 0.26666666666666666 0.923728813559322 0.13333333333333333 0.0847457627118644
1 0.2754385964912281 0.963276836158192 0.07368421052631578 0.062146892655367235
1 0.2578947368421053 0.672316384180791 0.08070175438596491 0.15819209039548024
1 0.2912280701754386 0.7740112994350282 0.07719298245614035 0.1016949152542373
1 0.19824561403508772 0.6666666666666666 0.05263157894736842 0.0903954802259887
1 0.18947368421052632 0.5847457627118644 0.06315789473684211 0.10734463276836158
1 0.24736842105263157 0.5508474576271186 0.09473684210526316 0.12994350282485875
1 0.20175438596491227 0.4717514124293785 0.08771929824561403 0.11864406779661017
1 0.17192982456140352 0.4463276836158192 0.056140350877192984 0.15819209039548024
1 0.09649122807017543 0.4717514124293785 0.12280701754385964 0.24293785310734464
1 0.08596491228070176 0.6666666666666666 0.15087719298245614 0.13559322033898305
1 0.09298245614035087 0.7203389830508474 0.18596491228070175 0.22033898305084745
1 0.03859649122807018 0.5338983050847458 0.07719298245614035 0.22033898305084745
1 0.06491228070175438 0.2937853107344633 0.0456140350877193 0.11299435028248588
1 0.15087719298245614 0.3389830508474576 0.14035087719298245 0.1807909604519774
1 0.0456140350877193 0.307909604519774 0.0912280701754386 0.1977401129943503