1 0.175 0.125 0.35 0.25
1 0.18571428571428572 0.18888888888888888 0.37142857142857144 0.3
1 0.1875 0.35555555555555557 0.3535714285714286 0.18888888888888888
1 0.13392857142857142 0.4861111111111111 0.26785714285714285 0.2722222222222222
1 0.3410714285714286 0.5805555555555556 0.14642857142857144 0.5944444444444444
1 0.2875 0.8166666666666667 0.025 0.03333333333333333
1 0.4357142857142857 0.7527777777777778 0.04285714285714286 0.05
1 0.5428571428571428 0.6166666666666667 0.30714285714285716 0.5222222222222223
1 0.6660714285714285 0.48333333333333334 0.325 0.6555555555555556
1 0.7660714285714286 0.5222222222222223 0.225 0.2111111111111111
1 0.8285714285714286 0.4305555555555556 0.3357142857142857 0.45
1 0.8267857142857142 0.2916666666666667 0.3392857142857143 0.3388888888888889
1 0.8285714285714286 0.09166666666666666 0.3357142857142857 0.18333333333333332
1 0.5071428571428571 0.09166666666666666 0.3142857142857143 0.16111111111111112
1 0.6375 0.030555555555555555 0.13214285714285715 0.06111111111111111
1 0.4017857142857143 0.16666666666666666 0.13214285714285715 0.1111111111111111