1 0.6621621621621622 0.5412371134020618 0.4594594594594595 0.4948453608247423
1 0.8918918918918919 0.8067010309278351 0.2084942084942085 0.37628865979381443
1 0.9227799227799228 0.40463917525773196 0.14671814671814673 0.4484536082474227
1 0.9092664092664092 0.18814432989690721 0.17374517374517376 0.22164948453608246
1 0.5984555984555985 0.19845360824742267 0.3166023166023166 0.36597938144329895
1 0.7413127413127413 0.10051546391752578 0.08494208494208494 0.20103092783505155
1 0.8204633204633205 0.03608247422680412 0.1891891891891892 0.07216494845360824
1 0.44015444015444016 0.08505154639175258 0.16988416988416988 0.17010309278350516
1 0.3938223938223938 0.07216494845360824 0.14671814671814673 0.14432989690721648
1 0.47876447876447875 0.41494845360824745 0.23938223938223938 0.3865979381443299
1 0.6621621621621622 0.8634020618556701 0.38223938223938225 0.26288659793814434
1 0.4768339768339768 0.8118556701030928 0.23552123552123552 0.36597938144329895
1 0.26640926640926643 0.5721649484536082 0.4015444015444015 0.35051546391752575
1 0.20270270270270271 0.7680412371134021 0.28957528957528955 0.27835051546391754
1 0.09845559845559845 0.8737113402061856 0.1969111969111969 0.2422680412371134
1 0.2915057915057915 0.9201030927835051 0.1969111969111969 0.14948453608247422
1 0.052123552123552123 0.4329896907216495 0.10424710424710425 0.38144329896907214
1 0.21621621621621623 0.17525773195876287 0.30115830115830117 0.23711340206185566