1 0.878731343283582 0.776595744680851 0.09328358208955224 0.1276595744680851
1 0.8264925373134329 0.9361702127659575 0.09328358208955224 0.11702127659574468
1 0.8507462686567164 0.8670212765957447 0.05970149253731343 0.0851063829787234
1 0.7873134328358209 0.824468085106383 0.08208955223880597 0.13829787234042554
1 0.792910447761194 0.6914893617021277 0.055970149253731345 0.1276595744680851
1 0.8544776119402985 0.6914893617021277 0.07462686567164178 0.11702127659574468
1 0.871268656716418 0.6037234042553191 0.07835820895522388 0.10106382978723404
1 0.9085820895522388 0.5664893617021277 0.055970149253731345 0.06914893617021277
1 0.8414179104477612 0.5558510638297872 0.07835820895522388 0.10106382978723404
1 0.871268656716418 0.4734042553191489 0.06343283582089553 0.10638297872340426
1 0.8078358208955224 0.4867021276595745 0.055970149253731345 0.10106382978723404
1 0.7966417910447762 0.3776595744680851 0.0708955223880597 0.11702127659574468
1 0.8582089552238806 0.34574468085106386 0.08208955223880597 0.11702127659574468
1 0.7742537313432836 0.2632978723404255 0.07835820895522388 0.10106382978723404
1 0.7388059701492538 0.3271276595744681 0.04477611940298507 0.06914893617021277
1 0.7294776119402985 0.9627659574468085 0.055970149253731345 0.06382978723404255
1 0.7854477611940298 0.9787234042553191 0.041044776119402986 0.031914893617021274
1 0.7444029850746269 0.9202127659574468 0.06343283582089553 0.07446808510638298
1 0.7182835820895522 0.8537234042553191 0.055970149253731345 0.09042553191489362
1 0.7406716417910447 0.7686170212765957 0.041044776119402986 0.10106382978723404
1 0.7294776119402985 0.6968085106382979 0.0708955223880597 0.10638297872340426
1 0.6902985074626866 0.7819148936170213 0.06716417910447761 0.13829787234042554
1 0.6865671641791045 0.6063829787234043 0.08208955223880597 0.11702127659574468
1 0.7593283582089553 0.5691489361702128 0.06343283582089553 0.11702127659574468
1 0.8041044776119403 0.5877659574468085 0.033582089552238806 0.09042553191489362
1 0.707089552238806 0.5 0.0708955223880597 0.09574468085106383
1 0.7574626865671642 0.4654255319148936 0.06716417910447761 0.12234042553191489
1 0.7294776119402985 0.39095744680851063 0.055970149253731345 0.12234042553191489
1 0.6847014925373134 0.30319148936170215 0.0708955223880597 0.10638297872340426
1 0.6977611940298507 0.24468085106382978 0.05970149253731343 0.0851063829787234
1 0.7313432835820896 0.19946808510638298 0.07462686567164178 0.0797872340425532
1 0.6977611940298507 0.125 0.05223880597014925 0.06914893617021277
1 0.6455223880597015 0.09574468085106383 0.06716417910447761 0.07446808510638298
1 0.5951492537313433 0.09840425531914894 0.048507462686567165 0.06914893617021277
1 0.6455223880597015 0.1675531914893617 0.08208955223880597 0.0797872340425532
1 0.7014925373134329 0.20212765957446807 0.022388059701492536 0.0425531914893617
1 0.6194029850746269 0.21010638297872342 0.11940298507462686 0.11170212765957446
1 0.6100746268656716 0.32180851063829785 0.08582089552238806 0.15425531914893617
1 0.667910447761194 0.4175531914893617 0.08208955223880597 0.11170212765957446
1 0.6156716417910447 0.4627659574468085 0.08208955223880597 0.11702127659574468
1 0.6529850746268657 0.5159574468085106 0.03731343283582089 0.06382978723404255
1 0.5932835820895522 0.5691489361702128 0.1044776119402985 0.14893617021276595
1 0.6511194029850746 0.6648936170212766 0.0708955223880597 0.11702127659574468
1 0.6902985074626866 0.598404255319149 0.08208955223880597 0.10106382978723404
1 0.6026119402985075 0.7473404255319149 0.12313432835820895 0.2074468085106383
1 0.6324626865671642 0.8803191489361702 0.08582089552238806 0.15425531914893617
1 0.6809701492537313 0.9441489361702128 0.06343283582089553 0.10106382978723404
1 0.6026119402985075 0.9654255319148937 0.10074626865671642 0.05851063829787234
1 0.5522388059701493 0.9042553191489362 0.08208955223880597 0.11702127659574468
1 0.47388059701492535 0.8430851063829787 0.12686567164179105 0.16489361702127658
1 0.5205223880597015 0.9680851063829787 0.055970149253731345 0.05319148936170213
1 0.5279850746268657 0.7446808510638298 0.048507462686567165 0.11702127659574468
1 0.5354477611940298 0.6303191489361702 0.06343283582089553 0.12234042553191489
1 0.539179104477612 0.4574468085106383 0.10820895522388059 0.14893617021276595
1 0.542910447761194 0.36436170212765956 0.08582089552238806 0.09042553191489362
1 0.5466417910447762 0.30319148936170215 0.055970149253731345 0.05319148936170213
1 0.5466417910447762 0.2553191489361702 0.048507462686567165 0.05319148936170213
1 0.5690298507462687 0.18351063829787234 0.07835820895522388 0.10106382978723404
1 0.5485074626865671 0.11436170212765957 0.03731343283582089 0.05851063829787234
1 0.5167910447761194 0.09840425531914894 0.041044776119402986 0.047872340425531915
1 0.4701492537313433 0.06382978723404255 0.05223880597014925 0.05319148936170213
1 0.4085820895522388 0.06382978723404255 0.06343283582089553 0.0851063829787234
1 0.36007462686567165 0.0797872340425532 0.055970149253731345 0.0851063829787234
1 0.32649253731343286 0.09840425531914894 0.048507462686567165 0.03723404255319149
1 0.27238805970149255 0.1196808510638298 0.06716417910447761 0.09042553191489362
1 0.31716417910447764 0.15691489361702127 0.07462686567164178 0.0797872340425532
1 0.2835820895522388 0.21808510638297873 0.06716417910447761 0.07446808510638298
1 0.23134328358208955 0.18882978723404256 0.07462686567164178 0.0797872340425532
1 0.17723880597014927 0.22340425531914893 0.048507462686567165 0.031914893617021274
1 0.1417910447761194 0.26861702127659576 0.05970149253731343 0.047872340425531915
1 0.2126865671641791 0.26861702127659576 0.11194029850746269 0.06914893617021277
1 0.16417910447761194 0.34574468085106386 0.06716417910447761 0.1276595744680851
1 0.21828358208955223 0.3617021276595745 0.041044776119402986 0.09574468085106383
1 0.11753731343283583 0.3484042553191489 0.033582089552238806 0.06914893617021277
1 0.06529850746268656 0.4308510638297872 0.0708955223880597 0.10638297872340426
1 0.12313432835820895 0.4574468085106383 0.09701492537313433 0.1276595744680851
1 0.20335820895522388 0.4601063829787234 0.07835820895522388 0.11170212765957446
1 0.03917910447761194 0.5345744680851063 0.07835820895522388 0.11170212765957446
1 0.10820895522388059 0.5531914893617021 0.07462686567164178 0.07446808510638298
1 0.17350746268656717 0.5372340425531915 0.048507462686567165 0.06382978723404255
1 0.23134328358208955 0.5531914893617021 0.08955223880597014 0.1276595744680851
1 0.1417910447761194 0.6303191489361702 0.09701492537313433 0.15425531914893617
1 0.08395522388059702 0.6276595744680851 0.055970149253731345 0.10638297872340426
1 0.029850746268656716 0.6356382978723404 0.05970149253731343 0.11170212765957446
1 0.03171641791044776 0.7367021276595744 0.06343283582089553 0.10106382978723404
1 0.08768656716417911 0.7393617021276596 0.10074626865671642 0.11702127659574468
1 0.16977611940298507 0.7207446808510638 0.07835820895522388 0.12234042553191489
1 0.22574626865671643 0.699468085106383 0.10074626865671642 0.13297872340425532
1 0.2574626865671642 0.6223404255319149 0.1044776119402985 0.11702127659574468
1 0.31902985074626866 0.5638297872340425 0.055970149253731345 0.07446808510638298
1 0.3358208955223881 0.6888297872340425 0.06716417910447761 0.10106382978723404
1 0.30970149253731344 0.7819148936170213 0.1044776119402985 0.13829787234042554
1 0.32649253731343286 0.8776595744680851 0.10074626865671642 0.10638297872340426
1 0.32276119402985076 0.9547872340425532 0.055970149253731345 0.0797872340425532
1 0.39365671641791045 0.9281914893617021 0.08582089552238806 0.11170212765957446
1 0.45149253731343286 0.949468085106383 0.1044776119402985 0.09042553191489362
1 0.41044776119402987 0.7925531914893617 0.08955223880597014 0.1595744680851064
1 0.4552238805970149 0.6968085106382979 0.11194029850746269 0.13829787234042554
1 0.251865671641791 0.9574468085106383 0.08582089552238806 0.07446808510638298
1 0.2555970149253731 0.8962765957446809 0.06343283582089553 0.09042553191489362
1 0.23880597014925373 0.8191489361702128 0.05970149253731343 0.10638297872340426
1 0.18097014925373134 0.848404255319149 0.10074626865671642 0.14361702127659576
1 0.15485074626865672 0.9414893617021277 0.0708955223880597 0.10638297872340426
1 0.15671641791044777 0.9388297872340425 0.11194029850746269 0.10106382978723404
1 0.09888059701492537 0.8404255319148937 0.08582089552238806 0.13829787234042554
1 0.06343283582089553 0.9335106382978723 0.08208955223880597 0.12234042553191489
1 0.041044776119402986 0.8457446808510638 0.04477611940298507 0.0851063829787234
1 0.39552238805970147 0.6329787234042553 0.1044776119402985 0.14893617021276595
1 0.47761194029850745 0.5452127659574468 0.09701492537313433 0.15425531914893617
1 0.43843283582089554 0.3962765957446808 0.11567164179104478 0.16489361702127658
1 0.3787313432835821 0.5 0.11567164179104478 0.14893617021276595
1 0.30783582089552236 0.4654255319148936 0.11567164179104478 0.17553191489361702
1 0.2593283582089552 0.36436170212765956 0.10074626865671642 0.15425531914893617
1 0.36007462686567165 0.31382978723404253 0.11567164179104478 0.1595744680851064
1 0.3451492537313433 0.21010638297872342 0.026119402985074626 0.06914893617021277
1 0.40298507462686567 0.2074468085106383 0.1044776119402985 0.1276595744680851
1 0.48507462686567165 0.2579787234042553 0.09701492537313433 0.13297872340425532
1 0.457089552238806 0.1276595744680851 0.041044776119402986 0.06382978723404255
1 0.4962686567164179 0.16489361702127658 0.08955223880597014 0.09574468085106383
1 0.40298507462686567 0.125 0.05970149253731343 0.05851063829787234