1 0.8266666666666667 0.5357142857142857 0.26666666666666666 0.39285714285714285
1 0.9533333333333334 0.6369047619047619 0.08666666666666667 0.5119047619047619
1 0.95 0.9017857142857143 0.09333333333333334 0.125
1 0.8366666666666667 0.8571428571428571 0.18 0.27380952380952384
1 0.6366666666666667 0.7857142857142857 0.25333333333333335 0.39285714285714285
1 0.7033333333333334 0.4226190476190476 0.15333333333333332 0.3333333333333333
1 0.7783333333333333 0.3333333333333333 0.07666666666666666 0.08333333333333333
1 0.8783333333333333 0.28273809523809523 0.23666666666666666 0.26785714285714285
1 0.25833333333333336 0.3005952380952381 0.21 0.4107142857142857
1 0.09833333333333333 0.5208333333333334 0.19666666666666666 0.43452380952380953
1 0.18166666666666667 0.7827380952380952 0.16333333333333333 0.31547619047619047
1 0.38166666666666665 0.7738095238095238 0.33 0.44047619047619047
1 0.44 0.49107142857142855 0.54 0.25595238095238093
1 0.5683333333333334 0.5505952380952381 0.13666666666666666 0.17261904761904762
1 0.12833333333333333 0.9226190476190477 0.25 0.14285714285714285
1 0.13666666666666666 0.17559523809523808 0.15333333333333332 0.35119047619047616
1 0.49833333333333335 0.044642857142857144 0.5833333333333334 0.08928571428571429
1 0.5366666666666666 0.15773809523809523 0.5066666666666667 0.13690476190476192
1 0.5566666666666666 0.2708333333333333 0.4666666666666667 0.17261904761904762