1 0.7711111111111111 0.37555555555555553 0.39555555555555555 0.37777777777777777
1 0.8555555555555555 0.04 0.06666666666666667 0.08
1 0.7911111111111111 0.057777777777777775 0.05333333333333334 0.08
1 0.7955555555555556 0.011111111111111112 0.044444444444444446 0.022222222222222223
1 0.024444444444444446 0.21777777777777776 0.04888888888888889 0.09777777777777778
1 0.6066666666666667 0.7111111111111111 0.39555555555555555 0.38222222222222224
1 0.40444444444444444 0.28444444444444444 0.3377777777777778 0.3377777777777778
1 0.2111111111111111 0.7 0.39555555555555555 0.40444444444444444
1 0.8111111111111111 0.7933333333333333 0.15555555555555556 0.23555555555555555
1 0.9022222222222223 0.9111111111111111 0.18666666666666668 0.1688888888888889
1 0.7222222222222222 0.9622222222222222 0.18222222222222223 0.06666666666666667