1 0.34398496240601506 0.1931216931216931 0.4699248120300752 0.3333333333333333
1 0.18233082706766918 0.6455026455026455 0.10150375939849623 0.09523809523809523
1 0.22180451127819548 0.7063492063492064 0.11278195488721804 0.14285714285714285
1 0.2951127819548872 0.7222222222222222 0.08646616541353383 0.18518518518518517
1 0.30451127819548873 0.8492063492063492 0.11278195488721804 0.13227513227513227
1 0.40789473684210525 0.8650793650793651 0.10902255639097744 0.14285714285714285
1 0.4830827067669173 0.8412698412698413 0.03383458646616541 0.06349206349206349
1 0.5206766917293233 0.8624338624338624 0.04887218045112782 0.12698412698412698
1 0.5770676691729323 0.8412698412698413 0.09398496240601503 0.12698412698412698
1 0.5695488721804511 0.9232804232804233 0.08646616541353383 0.037037037037037035
1 0.6597744360902256 0.8915343915343915 0.10150375939849623 0.14285714285714285
1 0.6654135338345865 0.7804232804232805 0.11278195488721804 0.164021164021164
1 0.7575187969924813 0.8756613756613757 0.10150375939849623 0.164021164021164
1 0.7631578947368421 0.7671957671957672 0.11278195488721804 0.13756613756613756
1 0.849624060150376 0.7592592592592593 0.09022556390977443 0.13227513227513227
1 0.7913533834586466 0.6375661375661376 0.12406015037593984 0.13227513227513227
1 0.6917293233082706 0.6693121693121693 0.09774436090225563 0.12169312169312169
1 0.5375939849624061 0.7301587301587301 0.09774436090225563 0.10582010582010581
1 0.4680451127819549 0.791005291005291 0.07894736842105263 0.08994708994708994
1 0.37593984962406013 0.7698412698412699 0.07518796992481203 0.12169312169312169
1 0.43045112781954886 0.6957671957671958 0.09398496240601503 0.14285714285714285
1 0.5037593984962406 0.6058201058201058 0.09022556390977443 0.1746031746031746
1 0.599624060150376 0.6322751322751323 0.09398496240601503 0.1746031746031746
1 0.6390977443609023 0.5291005291005291 0.09774436090225563 0.1693121693121693
1 0.7124060150375939 0.5661375661375662 0.06390977443609022 0.10582010582010581
1 0.7180451127819549 0.4576719576719577 0.06766917293233082 0.15343915343915343
1 0.7650375939849624 0.5079365079365079 0.03383458646616541 0.14814814814814814
1 0.7218045112781954 0.38095238095238093 0.06766917293233082 0.09523809523809523
1 0.6672932330827067 0.2724867724867725 0.12406015037593984 0.1111111111111111
1 0.693609022556391 0.21164021164021163 0.07142857142857142 0.07407407407407407
1 0.6052631578947368 0.1931216931216931 0.10526315789473684 0.1746031746031746
1 0.5 0.21164021164021163 0.06015037593984962 0.1164021164021164
1 0.5451127819548872 0.21957671957671956 0.03007518796992481 0.12169312169312169
1 0.5206766917293233 0.35185185185185186 0.10150375939849623 0.14285714285714285
1 0.4417293233082707 0.46825396825396826 0.10150375939849623 0.164021164021164
1 0.3966165413533835 0.5634920634920635 0.11654135338345864 0.1111111111111111
1 0.36654135338345867 0.43386243386243384 0.10902255639097744 0.13756613756613756
1 0.2650375939849624 0.49206349206349204 0.12406015037593984 0.1164021164021164
1 0.2781954887218045 0.58994708994709 0.12030075187969924 0.08994708994708994
1 0.518796992481203 0.5370370370370371 0.7518796992481203 0.8518518518518519