1 0.915057915057915 0.6984536082474226 0.16216216216216217 0.28350515463917525
1 0.833976833976834 0.8273195876288659 0.14671814671814673 0.17010309278350516
1 0.9034749034749034 0.9329896907216495 0.11583011583011583 0.12371134020618557
1 0.777992277992278 0.9278350515463918 0.13513513513513514 0.13402061855670103
1 0.6544401544401545 0.9149484536082474 0.11969111969111969 0.15979381443298968
1 0.7200772200772201 0.8298969072164949 0.10424710424710425 0.13402061855670103
1 0.750965250965251 0.6572164948453608 0.15057915057915058 0.23195876288659795
1 0.8262548262548263 0.5 0.15444015444015444 0.24742268041237114
1 0.9420849420849421 0.4948453608247423 0.10810810810810811 0.13402061855670103
1 0.8996138996138996 0.39948453608247425 0.16988416988416988 0.17010309278350516
1 0.8088803088803089 0.2345360824742268 0.15057915057915058 0.3556701030927835
1 0.8803088803088803 0.18556701030927836 0.138996138996139 0.24742268041237114
1 0.9536679536679536 0.20618556701030927 0.08494208494208494 0.23711340206185566
1 0.7297297297297297 0.24742268041237114 0.15444015444015444 0.23711340206185566
1 0.7374517374517374 0.061855670103092786 0.15444015444015444 0.12371134020618557
1 0.637065637065637 0.07474226804123711 0.08494208494208494 0.07731958762886598
1 0.6467181467181468 0.18556701030927836 0.09652509652509653 0.16494845360824742
1 0.555984555984556 0.25773195876288657 0.138996138996139 0.1134020618556701
1 0.6254826254826255 0.4020618556701031 0.20077220077220076 0.23711340206185566
1 0.6621621621621622 0.615979381443299 0.2277992277992278 0.4587628865979381
1 0.5444015444015444 0.7268041237113402 0.12355212355212356 0.21649484536082475
1 0.5057915057915058 0.9020618556701031 0.20077220077220076 0.18556701030927836
1 0.40540540540540543 0.7757731958762887 0.22393822393822393 0.3556701030927835
1 0.31467181467181465 0.9072164948453608 0.14285714285714285 0.17525773195876287
1 0.38996138996138996 0.961340206185567 0.0694980694980695 0.06701030927835051
1 0.21428571428571427 0.7860824742268041 0.11969111969111969 0.11855670103092783
1 0.14285714285714285 0.845360824742268 0.2857142857142857 0.26804123711340205
1 0.4420849420849421 0.5670103092783505 0.1583011583011583 0.1958762886597938
1 0.2915057915057915 0.6907216494845361 0.17374517374517376 0.27835051546391754
1 0.3223938223938224 0.4020618556701031 0.305019305019305 0.4020618556701031
1 0.47104247104247104 0.35309278350515466 0.09266409266409266 0.2422680412371134
1 0.5308880308880309 0.11597938144329897 0.15057915057915058 0.19072164948453607
1 0.5135135135135135 0.01804123711340206 0.16988416988416988 0.03608247422680412
1 0.3532818532818533 0.1134020618556701 0.2277992277992278 0.2268041237113402
1 0.23938223938223938 0.2860824742268041 0.16988416988416988 0.25257731958762886
1 0.13127413127413126 0.28865979381443296 0.08494208494208494 0.10309278350515463
1 0.138996138996139 0.1211340206185567 0.2084942084942085 0.2422680412371134
1 0.02702702702702703 0.04639175257731959 0.05405405405405406 0.09278350515463918
1 0.0444015444015444 0.19072164948453607 0.0888030888030888 0.15463917525773196
1 0.08687258687258688 0.42783505154639173 0.17374517374517376 0.31958762886597936
1 0.10617760617760617 0.6597938144329897 0.21235521235521235 0.21649484536082475
1 0.032818532818532815 0.7474226804123711 0.06563706563706563 0.28865979381443296