1 0.888030888030888 0.7603092783505154 0.07722007722007722 0.0979381443298969
1 0.9362934362934363 0.8092783505154639 0.07335907335907337 0.09278350515463918
1 0.9826254826254827 0.8582474226804123 0.02702702702702703 0.0979381443298969
1 0.9401544401544402 0.8917525773195877 0.07335907335907337 0.08247422680412371
1 0.9787644787644788 0.9355670103092784 0.03474903474903475 0.05670103092783505
1 0.8938223938223938 0.8402061855670103 0.04247104247104247 0.05154639175257732
1 0.9613899613899614 0.7268041237113402 0.0694980694980695 0.08247422680412371
1 0.9054054054054054 0.6881443298969072 0.05019305019305019 0.06701030927835051
1 0.8474903474903475 0.6907216494845361 0.05791505791505792 0.08247422680412371
1 0.8725868725868726 0.6185567010309279 0.06177606177606178 0.08247422680412371
1 0.944015444015444 0.6314432989690721 0.06563706563706563 0.08762886597938144
1 0.974903474903475 0.5927835051546392 0.04247104247104247 0.07216494845360824
1 0.9845559845559846 0.654639175257732 0.023166023166023165 0.05154639175257732
1 0.916988416988417 0.5644329896907216 0.07335907335907337 0.08762886597938144
1 0.9536679536679536 0.5309278350515464 0.05405405405405406 0.07216494845360824
1 0.9768339768339769 0.49742268041237114 0.03861003861003861 0.06701030927835051
1 0.9633204633204633 0.44587628865979384 0.05019305019305019 0.05670103092783505
1 0.9266409266409267 0.4742268041237113 0.05405405405405406 0.08247422680412371
1 0.9691119691119691 0.36855670103092786 0.05405405405405406 0.06701030927835051
1 0.9787644787644788 0.4072164948453608 0.03474903474903475 0.061855670103092786
1 0.9324324324324325 0.39690721649484534 0.03474903474903475 0.041237113402061855
1 0.35714285714285715 0.961340206185567 0.06563706563706563 0.06701030927835051
1 0.3166023166023166 0.9175257731958762 0.06177606177606178 0.09278350515463918
1 0.25675675675675674 0.8737113402061856 0.07335907335907337 0.08762886597938144
1 0.30115830115830117 0.845360824742268 0.03088803088803089 0.05154639175257732
1 0.06756756756756757 0.654639175257732 0.06563706563706563 0.07216494845360824
1 0.05019305019305019 0.884020618556701 0.06177606177606178 0.07731958762886598
1 0.08687258687258688 0.8144329896907216 0.07335907335907337 0.08247422680412371
1 0.1583011583011583 0.8324742268041238 0.06177606177606178 0.07731958762886598
1 0.15444015444015444 0.7628865979381443 0.06177606177606178 0.061855670103092786
1 0.10617760617760617 0.7371134020618557 0.05791505791505792 0.07216494845360824
1 0.1274131274131274 0.6675257731958762 0.05405405405405406 0.06701030927835051
1 0.1833976833976834 0.6417525773195877 0.08108108108108109 0.07731958762886598
1 0.20270270270270271 0.6984536082474226 0.05791505791505792 0.0979381443298969
1 0.2471042471042471 0.7139175257731959 0.03088803088803089 0.06701030927835051
1 0.21042471042471042 0.770618556701031 0.04247104247104247 0.05670103092783505
1 0.1583011583011583 0.6005154639175257 0.05405405405405406 0.05670103092783505
1 0.10617760617760617 0.615979381443299 0.03474903474903475 0.04639175257731959
1 0.20463320463320464 0.8865979381443299 0.03861003861003861 0.10309278350515463
1 0.17374517374517376 0.8891752577319587 0.03088803088803089 0.06701030927835051
1 0.11196911196911197 0.9381443298969072 0.07722007722007722 0.08247422680412371
1 0.1138996138996139 0.8711340206185567 0.07335907335907337 0.061855670103092786
1 0.16795366795366795 0.9587628865979382 0.06563706563706563 0.061855670103092786
1 0.1891891891891892 0.979381443298969 0.04633204633204633 0.030927835051546393
1 0.2528957528957529 0.961340206185567 0.07335907335907337 0.06701030927835051
1 0.2972972972972973 0.979381443298969 0.04633204633204633 0.030927835051546393
1 0.032818532818532815 0.9484536082474226 0.06563706563706563 0.09278350515463918
1 0.017374517374517374 0.8479381443298969 0.03474903474903475 0.10824742268041238
1 0.015444015444015444 0.75 0.03088803088803089 0.08762886597938144
1 0.052123552123552123 0.7319587628865979 0.03474903474903475 0.07216494845360824
1 0.017374517374517374 0.6752577319587629 0.03474903474903475 0.061855670103092786
1 0.015444015444015444 0.5824742268041238 0.03088803088803089 0.10309278350515463
1 0.2548262548262548 0.7835051546391752 0.07722007722007722 0.09278350515463918
1 0.3185328185328185 0.7835051546391752 0.05791505791505792 0.09278350515463918
1 0.3474903474903475 0.8530927835051546 0.06177606177606178 0.08762886597938144
1 0.3938223938223938 0.9072164948453608 0.0694980694980695 0.09278350515463918
1 0.40733590733590735 0.8324742268041238 0.05791505791505792 0.07731958762886598
1 0.37258687258687256 0.7835051546391752 0.05019305019305019 0.08247422680412371
1 0.3590733590733591 0.7010309278350515 0.05405405405405406 0.09278350515463918
1 0.30115830115830117 0.6984536082474226 0.0694980694980695 0.0979381443298969
1 0.28378378378378377 0.6417525773195877 0.05791505791505792 0.06701030927835051
1 0.2606177606177606 0.6365979381443299 0.05019305019305019 0.06701030927835051
1 0.25868725868725867 0.5773195876288659 0.0694980694980695 0.07216494845360824
1 0.31467181467181465 0.6005154639175257 0.06563706563706563 0.06701030927835051
1 0.3687258687258687 0.6314432989690721 0.05791505791505792 0.07731958762886598
1 0.3301158301158301 0.538659793814433 0.06563706563706563 0.07731958762886598
1 0.3841698841698842 0.5695876288659794 0.05791505791505792 0.06701030927835051
1 0.3861003861003861 0.5077319587628866 0.04633204633204633 0.05670103092783505
1 0.28957528957528955 0.5231958762886598 0.03088803088803089 0.05670103092783505
1 0.24903474903474904 0.5154639175257731 0.05019305019305019 0.05154639175257732
1 0.21814671814671815 0.45103092783505155 0.05019305019305019 0.06701030927835051
1 0.23745173745173745 0.36082474226804123 0.05019305019305019 0.061855670103092786
1 0.20463320463320464 0.39690721649484534 0.03861003861003861 0.05154639175257732
1 0.26640926640926643 0.4097938144329897 0.05405405405405406 0.05670103092783505
1 0.27606177606177607 0.4690721649484536 0.05791505791505792 0.061855670103092786
1 0.3359073359073359 0.42783505154639173 0.06177606177606178 0.07216494845360824
1 0.3764478764478765 0.39690721649484534 0.05019305019305019 0.041237113402061855
1 0.40540540540540543 0.422680412371134 0.05405405405405406 0.07216494845360824
1 0.41505791505791506 0.46134020618556704 0.04247104247104247 0.06701030927835051
1 0.33204633204633205 0.4896907216494845 0.05405405405405406 0.05154639175257732
1 0.42857142857142855 0.5257731958762887 0.04633204633204633 0.07216494845360824
1 0.4247104247104247 0.7139175257731959 0.06177606177606178 0.08762886597938144
1 0.40733590733590735 0.7731958762886598 0.03474903474903475 0.061855670103092786
1 0.42857142857142855 0.6469072164948454 0.05405405405405406 0.07731958762886598
1 0.48841698841698844 0.6443298969072165 0.05019305019305019 0.08247422680412371
1 0.4498069498069498 0.5773195876288659 0.06563706563706563 0.061855670103092786
1 0.5038610038610039 0.7963917525773195 0.05791505791505792 0.0979381443298969
1 0.45366795366795365 0.7835051546391752 0.05019305019305019 0.07216494845360824
1 0.46525096525096526 0.8582474226804123 0.06563706563706563 0.07731958762886598
1 0.5115830115830116 0.8891752577319587 0.06563706563706563 0.08762886597938144
1 0.5675675675675675 0.9510309278350515 0.07722007722007722 0.08762886597938144
1 0.6312741312741312 0.9716494845360825 0.05791505791505792 0.04639175257731959
1 0.693050193050193 0.9716494845360825 0.06563706563706563 0.04639175257731959
1 0.7606177606177607 0.9381443298969072 0.0694980694980695 0.1134020618556701
1 0.7027027027027027 0.904639175257732 0.0694980694980695 0.08762886597938144
1 0.6332046332046332 0.9149484536082474 0.06177606177606178 0.06701030927835051
1 0.5791505791505791 0.865979381443299 0.06177606177606178 0.08247422680412371
1 0.5656370656370656 0.7525773195876289 0.06563706563706563 0.08247422680412371
1 0.5482625482625483 0.8273195876288659 0.05405405405405406 0.07731958762886598
1 0.5926640926640927 0.8015463917525774 0.04247104247104247 0.05670103092783505
1 0.6428571428571429 0.7860824742268041 0.05019305019305019 0.07731958762886598
1 0.6158301158301158 0.7216494845360825 0.05019305019305019 0.09278350515463918
1 0.6698841698841699 0.7036082474226805 0.05019305019305019 0.08762886597938144
1 0.6988416988416989 0.7654639175257731 0.05405405405405406 0.07731958762886598
1 0.6814671814671814 0.8170103092783505 0.05019305019305019 0.05670103092783505
1 0.6486486486486487 0.8582474226804123 0.0694980694980695 0.06701030927835051
1 0.7413127413127413 0.8376288659793815 0.0694980694980695 0.08762886597938144
1 0.7876447876447876 0.8814432989690721 0.05405405405405406 0.07216494845360824
1 0.806949806949807 0.8170103092783505 0.0694980694980695 0.08762886597938144
1 0.752895752895753 0.7654639175257731 0.04633204633204633 0.06701030927835051
1 0.8108108108108109 0.7551546391752577 0.05405405405405406 0.06701030927835051
1 0.7258687258687259 0.7036082474226805 0.04633204633204633 0.05670103092783505
1 0.7837837837837838 0.7036082474226805 0.06177606177606178 0.07731958762886598
1 0.7393822393822393 0.6391752577319587 0.05791505791505792 0.08247422680412371
1 0.6833976833976834 0.634020618556701 0.05405405405405406 0.08247422680412371
1 0.6138996138996139 0.6597938144329897 0.04633204633204633 0.05154639175257732
1 0.5463320463320464 0.6520618556701031 0.05791505791505792 0.07731958762886598
1 0.5656370656370656 0.5798969072164949 0.05791505791505792 0.07731958762886598
1 0.5019305019305019 0.5773195876288659 0.05405405405405406 0.07216494845360824
1 0.49613899613899615 0.5283505154639175 0.05019305019305019 0.04639175257731959
1 0.5540540540540541 0.5180412371134021 0.05019305019305019 0.05670103092783505
1 0.5868725868725869 0.47680412371134023 0.05405405405405406 0.06701030927835051
1 0.6138996138996139 0.4072164948453608 0.03861003861003861 0.07216494845360824
1 0.6158301158301158 0.6082474226804123 0.05019305019305019 0.061855670103092786
1 0.6583011583011583 0.5670103092783505 0.05791505791505792 0.08247422680412371
1 0.6138996138996139 0.5360824742268041 0.05405405405405406 0.07216494845360824
1 0.6428571428571429 0.46649484536082475 0.05019305019305019 0.06701030927835051
1 0.6776061776061776 0.5051546391752577 0.06563706563706563 0.08247422680412371
1 0.7413127413127413 0.5051546391752577 0.06177606177606178 0.07216494845360824
1 0.7239382239382239 0.5695876288659794 0.06563706563706563 0.07731958762886598
1 0.7799227799227799 0.6082474226804123 0.04633204633204633 0.030927835051546393
1 0.8108108108108109 0.6237113402061856 0.06177606177606178 0.08247422680412371
1 0.8416988416988417 0.5412371134020618 0.06177606177606178 0.07216494845360824
1 0.8011583011583011 0.5128865979381443 0.05019305019305019 0.08762886597938144
1 0.8841698841698842 0.5 0.0694980694980695 0.07216494845360824
1 0.833976833976834 0.46649484536082475 0.04633204633204633 0.07731958762886598
1 0.8764478764478765 0.4329896907216495 0.05405405405405406 0.061855670103092786
1 0.862934362934363 0.40463917525773196 0.05791505791505792 0.07731958762886598
1 0.8532818532818532 0.33762886597938147 0.05405405405405406 0.06701030927835051
1 0.88996138996139 0.37628865979381443 0.02702702702702703 0.05154639175257732
1 0.915057915057915 0.35309278350515466 0.04633204633204633 0.05670103092783505
1 0.7702702702702703 0.3170103092783505 0.05019305019305019 0.06701030927835051
1 0.8011583011583011 0.32989690721649484 0.02702702702702703 0.07216494845360824
1 0.806949806949807 0.38917525773195877 0.06177606177606178 0.06701030927835051
1 0.7857142857142857 0.43556701030927836 0.05791505791505792 0.06701030927835051
1 0.7316602316602316 0.42783505154639173 0.05791505791505792 0.07216494845360824
1 0.6833976833976834 0.45103092783505155 0.03861003861003861 0.03608247422680412
1 0.6698841698841699 0.4020618556701031 0.05791505791505792 0.07216494845360824
1 0.6911196911196911 0.33505154639175255 0.05405405405405406 0.07216494845360824
1 0.637065637065637 0.3556701030927835 0.06177606177606178 0.061855670103092786
1 0.638996138996139 0.28865979381443296 0.06563706563706563 0.07216494845360824
1 0.5965250965250966 0.30670103092783507 0.03474903474903475 0.04639175257731959
1 0.6718146718146718 0.2860824742268041 0.015444015444015444 0.02577319587628866
1 0.7123552123552124 0.30927835051546393 0.04247104247104247 0.05154639175257732
1 0.7393822393822393 0.36597938144329895 0.05019305019305019 0.061855670103092786
1 0.7316602316602316 0.42783505154639173 0.05019305019305019 0.061855670103092786
1 0.9575289575289575 0.32216494845360827 0.04633204633204633 0.04639175257731959
1 0.9227799227799228 0.2912371134020619 0.04633204633204633 0.05670103092783505
1 0.9266409266409267 0.24484536082474226 0.03861003861003861 0.04639175257731959
1 0.974903474903475 0.2757731958762887 0.04247104247104247 0.04639175257731959
1 0.9633204633204633 0.211340206185567 0.02702702702702703 0.061855670103092786
1 0.9401544401544402 0.18041237113402062 0.03474903474903475 0.05154639175257732
1 0.9652509652509652 0.15463917525773196 0.03861003861003861 0.061855670103092786
1 0.9884169884169884 0.18814432989690721 0.015444015444015444 0.05670103092783505
1 0.8648648648648649 0.26288659793814434 0.05405405405405406 0.061855670103092786
1 0.7953667953667953 0.2603092783505155 0.05405405405405406 0.06701030927835051
1 0.7393822393822393 0.2551546391752577 0.04247104247104247 0.05670103092783505
1 0.7355212355212355 0.18814432989690721 0.04247104247104247 0.05670103092783505
1 0.7355212355212355 0.13402061855670103 0.03474903474903475 0.05154639175257732
1 0.6988416988416989 0.13917525773195877 0.03861003861003861 0.05154639175257732
1 0.6756756756756757 0.15721649484536082 0.03088803088803089 0.03608247422680412
1 0.694980694980695 0.18298969072164947 0.03088803088803089 0.04639175257731959
1 0.6563706563706564 0.18298969072164947 0.04633204633204633 0.05670103092783505
1 0.6872586872586872 0.2422680412371134 0.03861003861003861 0.061855670103092786
1 0.638996138996139 0.23711340206185566 0.04247104247104247 0.030927835051546393
1 0.6042471042471043 0.2190721649484536 0.03474903474903475 0.05670103092783505
1 0.6312741312741312 0.16237113402061856 0.05019305019305019 0.07731958762886598
1 0.5965250965250966 0.16494845360824742 0.019305019305019305 0.041237113402061855
1 0.5694980694980695 0.18298969072164947 0.03474903474903475 0.04639175257731959
1 0.555984555984556 0.25 0.03861003861003861 0.06701030927835051
1 0.5868725868725869 0.25257731958762886 0.023166023166023165 0.030927835051546393