1 0.0509433962264151 0.12105263157894737 0.1018867924528302 0.24210526315789474
1 0.17169811320754716 0.07894736842105263 0.17735849056603772 0.15789473684210525
1 0.30377358490566037 0.21052631578947367 0.18490566037735848 0.2631578947368421
1 0.4962264150943396 0.16052631578947368 0.19245283018867926 0.3105263157894737
1 0.4509433962264151 0.4052631578947368 0.24528301886792453 0.25263157894736843
1 0.41509433962264153 0.6157894736842106 0.12075471698113208 0.18947368421052632
1 0.14339622641509434 0.6921052631578948 0.06037735849056604 0.18421052631578946
1 0.2641509433962264 0.6526315789473685 0.1660377358490566 0.16842105263157894
1 0.2188679245283019 0.8131578947368421 0.17358490566037735 0.20526315789473684
1 0.05471698113207547 0.7605263157894737 0.10943396226415095 0.24736842105263157
1 0.09622641509433963 0.5289473684210526 0.15471698113207547 0.20526315789473684
1 0.24339622641509434 0.45789473684210524 0.16981132075471697 0.23157894736842105
1 0.12264150943396226 0.29473684210526313 0.2 0.2736842105263158
1 0.011320754716981131 0.29736842105263156 0.022641509433962263 0.12105263157894737