1 0.39555555555555555 0.39555555555555555 0.10666666666666667 0.09777777777777778
1 0.5044444444444445 0.3933333333333333 0.10222222222222223 0.09333333333333334
1 0.5888888888888889 0.40444444444444444 0.08444444444444445 0.08
1 0.66 0.44222222222222224 0.08444444444444445 0.07555555555555556
1 0.54 0.4777777777777778 0.16444444444444445 0.09333333333333334
1 0.37777777777777777 0.4822222222222222 0.1511111111111111 0.09333333333333334
1 0.5311111111111111 0.4222222222222222 0.44 0.19555555555555557
1 0.2088888888888889 0.76 0.28444444444444444 0.19555555555555557
1 0.4666666666666667 0.7111111111111111 0.16 0.11555555555555555
1 0.39555555555555555 0.8466666666666667 0.1511111111111111 0.18222222222222223
1 0.20222222222222222 0.5533333333333333 0.40444444444444444 0.3333333333333333
1 0.39111111111111113 0.6511111111111111 0.7822222222222223 0.6888888888888889
1 0.6466666666666666 0.37777777777777777 0.6977777777777778 0.35555555555555557