1 0.1958174904942966 0.65625 0.10266159695817491 0.15625
1 0.12167300380228137 0.6197916666666666 0.045627376425855515 0.08333333333333333
1 0.09315589353612168 0.7265625 0.06463878326996197 0.06770833333333333
1 0.049429657794676805 0.6484375 0.06844106463878327 0.057291666666666664
1 0.311787072243346 0.15625 0.3650190114068441 0.3125
1 0.39923954372623577 0.2838541666666667 0.33460076045627374 0.390625
1 0.31368821292775667 0.40625 0.026615969581749048 0.10416666666666667
1 0.27756653992395436 0.4166666666666667 0.045627376425855515 0.09375
1 0.26045627376425856 0.4479166666666667 0.04182509505703422 0.0625
1 0.2965779467680608 0.4739583333333333 0.03802281368821293 0.052083333333333336
1 0.20152091254752852 0.16927083333333334 0.06844106463878327 0.046875
1 0.16159695817490494 0.20833333333333334 0.06463878326996197 0.052083333333333336
1 0.1958174904942966 0.23177083333333334 0.057034220532319393 0.06770833333333333
1 0.16920152091254753 0.2734375 0.034220532319391636 0.057291666666666664
1 0.19771863117870722 0.2916666666666667 0.022813688212927757 0.0625
1 0.4828897338403042 0.11197916666666667 0.022813688212927757 0.036458333333333336
1 0.5171102661596958 0.109375 0.03802281368821293 0.052083333333333336
1 0.720532319391635 0.17708333333333334 0.057034220532319393 0.041666666666666664
1 0.8422053231939164 0.18489583333333334 0.17110266159695817 0.078125
1 0.9524714828897338 0.23177083333333334 0.08745247148288973 0.09895833333333333
1 0.935361216730038 0.2552083333333333 0.06844106463878327 0.09375
1 0.7984790874524715 0.2421875 0.06844106463878327 0.08854166666666667
1 0.6958174904942965 0.2890625 0.12167300380228137 0.11979166666666667
1 0.7110266159695817 0.21614583333333334 0.12167300380228137 0.036458333333333336
1 0.5551330798479087 0.2838541666666667 0.08365019011406843 0.08854166666666667
1 0.6254752851711026 0.2578125 0.06463878326996197 0.078125
1 0.5095057034220533 0.3177083333333333 0.07604562737642585 0.052083333333333336
1 0.5114068441064639 0.3645833333333333 0.13307984790874525 0.08333333333333333
1 0.5228136882129277 0.5390625 0.12547528517110265 0.078125
1 0.5418250950570342 0.6328125 0.18631178707224336 0.21354166666666666
1 0.9505703422053232 0.7135416666666666 0.09125475285171103 0.125
1 0.8783269961977186 0.8177083333333334 0.23574144486692014 0.2708333333333333
1 0.9429657794676806 0.8880208333333334 0.10646387832699619 0.16145833333333334
1 0.8498098859315589 0.9348958333333334 0.12547528517110265 0.06770833333333333
1 0.8479087452471483 0.8567708333333334 0.16730038022813687 0.140625
1 0.908745247148289 0.7552083333333334 0.17490494296577946 0.14583333333333334
1 0.714828897338403 0.8489583333333334 0.1444866920152091 0.17708333333333334
1 0.8041825095057035 0.7291666666666666 0.22433460076045628 0.11458333333333333
1 0.811787072243346 0.6848958333333334 0.1634980988593156 0.16145833333333334
1 0.9239543726235742 0.5989583333333334 0.1444866920152091 0.09375
1 0.9334600760456274 0.5052083333333334 0.12547528517110265 0.125
1 0.8669201520912547 0.5286458333333334 0.11406844106463879 0.078125
1 0.6311787072243346 0.8177083333333334 0.045627376425855515 0.15625
1 0.6539923954372624 0.640625 0.11406844106463879 0.2708333333333333
1 0.6254752851711026 0.7083333333333334 0.057034220532319393 0.11458333333333333
1 0.5722433460076045 0.703125 0.057034220532319393 0.1875
1 0.5608365019011406 0.8072916666666666 0.10266159695817491 0.0625
1 0.7300380228136882 0.5416666666666666 0.1596958174904943 0.17708333333333334
1 0.8041825095057035 0.5104166666666666 0.09505703422053231 0.16666666666666666
1 0.844106463878327 0.4427083333333333 0.09125475285171103 0.08333333333333333
1 0.9429657794676806 0.3854166666666667 0.10646387832699619 0.13541666666666666
1 0.9182509505703422 0.3229166666666667 0.155893536121673 0.09375
1 0.7908745247148289 0.3958333333333333 0.2965779467680608 0.125
1 0.6273764258555133 0.3776041666666667 0.12167300380228137 0.078125
1 0.6844106463878327 0.4296875 0.17490494296577946 0.078125
1 0.467680608365019 0.4713541666666667 0.13688212927756654 0.078125
1 0.6977186311787072 0.5572916666666666 0.596958174904943 0.8229166666666666