1 0.4397993311036789 0.24107142857142858 0.5050167224080268 0.48214285714285715
1 0.4397993311036789 0.39880952380952384 0.3311036789297659 0.47619047619047616
1 0.3411371237458194 0.5416666666666666 0.22073578595317725 0.30952380952380953
1 0.42642140468227424 0.5386904761904762 0.21070234113712374 0.5535714285714286
1 0.5117056856187291 0.6101190476190477 0.3076923076923077 0.7678571428571429
1 0.6237458193979933 0.6726190476190477 0.1705685618729097 0.6428571428571429
1 0.6438127090301003 0.7976190476190477 0.043478260869565216 0.3333333333333333
1 0.5 0.7827380952380952 0.05016722408026756 0.18452380952380953
1 0.9331103678929766 0.5178571428571429 0.12709030100334448 0.9523809523809523
1 0.08862876254180602 0.23511904761904762 0.17725752508361203 0.47023809523809523
1 0.903010033444816 0.49702380952380953 0.18729096989966554 0.9940476190476191
1 0.6923076923076923 0.1875 0.12040133779264214 0.3392857142857143