1 0.3509090909090909 0.17486338797814208 0.3381818181818182 0.34972677595628415
1 0.3654545454545455 0.34972677595628415 0.12 0.12021857923497267
1 0.5745454545454546 0.21584699453551912 0.12363636363636364 0.12568306010928962
1 0.6654545454545454 0.22950819672131148 0.12363636363636364 0.1092896174863388
1 0.1618181818181818 0.23770491803278687 0.07636363636363637 0.1366120218579235
1 0.1509090909090909 0.37158469945355194 0.12727272727272726 0.14207650273224043
1 0.56 0.48633879781420764 0.17454545454545456 0.22950819672131148
1 0.4072727272727273 0.49453551912568305 0.13818181818181818 0.14754098360655737
1 0.36727272727272725 0.4344262295081967 0.12363636363636364 0.1366120218579235
1 0.26 0.5136612021857924 0.08363636363636363 0.12021857923497267
1 0.28 0.4098360655737705 0.10909090909090909 0.12021857923497267
1 0.9145454545454546 0.4972677595628415 0.16363636363636364 0.994535519125683
1 0.42363636363636364 0.4972677595628415 0.8472727272727273 0.994535519125683