1 0.8269230769230769 0.770618556701031 0.24615384615384617 0.23195876288659795
1 0.9788461538461538 0.8118556701030928 0.03461538461538462 0.13917525773195877
1 0.926923076923077 0.6005154639175257 0.13846153846153847 0.30412371134020616
1 0.9 0.20876288659793815 0.19230769230769232 0.4175257731958763
1 0.8038461538461539 0.2706185567010309 0.18461538461538463 0.29381443298969073
1 0.7711538461538462 0.5103092783505154 0.20384615384615384 0.26804123711340205
1 0.5769230769230769 0.6932989690721649 0.2230769230769231 0.31443298969072164
1 0.5903846153846154 0.865979381443299 0.15 0.05154639175257732
1 0.3576923076923077 0.7242268041237113 0.2153846153846154 0.3247422680412371
1 0.4596153846153846 0.4896907216494845 0.23461538461538461 0.31958762886597936
1 0.6442307692307693 0.3170103092783505 0.19615384615384615 0.31443298969072164
1 0.5173076923076924 0.21391752577319587 0.19615384615384615 0.2422680412371134
1 0.575 0.059278350515463915 0.17307692307692307 0.11855670103092783
1 0.7288461538461538 0.05154639175257732 0.15 0.10309278350515463
1 0.3730769230769231 0.07474226804123711 0.18461538461538463 0.14948453608247422
1 0.22884615384615384 0.12886597938144329 0.21153846153846154 0.2268041237113402
1 0.29423076923076924 0.2860824742268041 0.2423076923076923 0.31443298969072164
1 0.09615384615384616 0.3582474226804124 0.19230769230769232 0.27319587628865977
1 0.23846153846153847 0.5231958762886598 0.2230769230769231 0.25257731958762886
1 0.12692307692307692 0.7577319587628866 0.25384615384615383 0.26804123711340205