1 0.3051181102362205 0.821608040201005 0.4448818897637795 0.2663316582914573
1 0.5433070866141733 0.8618090452261307 0.031496062992125984 0.06532663316582915
1 0.5531496062992126 0.9296482412060302 0.03543307086614173 0.04020100502512563
1 0.5531496062992126 0.7537688442211056 0.03543307086614173 0.04020100502512563
1 0.6279527559055118 0.9120603015075377 0.03543307086614173 0.02512562814070352
1 0.6279527559055118 0.9371859296482412 0.03543307086614173 0.035175879396984924
1 0.6751968503937008 0.9195979899497487 0.03543307086614173 0.06030150753768844
1 0.7106299212598425 0.9120603015075377 0.03543307086614173 0.04522613065326633
1 0.7992125984251969 0.8919597989949749 0.031496062992125984 0.04522613065326633
1 0.7755905511811023 0.7311557788944724 0.023622047244094488 0.035175879396984924
1 0.8188976377952756 0.7562814070351759 0.031496062992125984 0.04522613065326633
1 0.6929133858267716 0.7311557788944724 0.023622047244094488 0.01507537688442211
1 0.6732283464566929 0.7160804020100503 0.015748031496062992 0.01507537688442211
1 0.655511811023622 0.7763819095477387 0.03543307086614173 0.02512562814070352
1 0.8956692913385826 0.635678391959799 0.20078740157480315 0.2964824120603015
1 0.9330708661417323 0.7035175879396985 0.047244094488188976 0.020100502512562814
1 0.9271653543307087 0.39949748743718594 0.1377952755905512 0.19597989949748743
1 0.937007874015748 0.271356783919598 0.11811023622047244 0.11055276381909548
1 0.9133858267716536 0.135678391959799 0.13385826771653545 0.1708542713567839
1 0.7775590551181102 0.04773869346733668 0.20866141732283464 0.09547738693467336
1 0.7303149606299213 0.23115577889447236 0.3425196850393701 0.38190954773869346
1 0.7854330708661418 0.4547738693467337 0.16141732283464566 0.11557788944723618
1 0.7165354330708661 0.49246231155778897 0.10236220472440945 0.10050251256281408
1 0.7381889763779528 0.6030150753768844 0.0984251968503937 0.1407035175879397
1 0.5452755905511811 0.5477386934673367 0.2952755905511811 0.36180904522613067
1 0.17125984251968504 0.5 0.3425196850393701 0.6582914572864321
1 0.0531496062992126 0.13819095477386933 0.08267716535433071 0.1457286432160804
1 0.234251968503937 0.13316582914572864 0.3188976377952756 0.2663316582914573
1 0.5177165354330708 0.12311557788944724 0.3110236220472441 0.24623115577889448
1 0.3661417322834646 0.2964824120603015 0.36220472440944884 0.44221105527638194
1 0.37598425196850394 0.5 0.1141732283464567 0.19597989949748743