1 0.8658536585365854 0.4902439024390244 0.2601626016260163 0.6682926829268293
1 0.9166666666666666 0.11219512195121951 0.15853658536585366 0.22439024390243903
1 0.8211382113821138 0.12195121951219512 0.17073170731707318 0.24390243902439024
1 0.6483739837398373 0.36097560975609755 0.3943089430894309 0.5073170731707317
1 0.45121951219512196 0.25853658536585367 0.36585365853658536 0.37073170731707317
1 0.6707317073170732 0.07560975609756097 0.16260162601626016 0.15121951219512195
1 0.5223577235772358 0.046341463414634146 0.18292682926829268 0.09268292682926829
1 0.24390243902439024 0.08780487804878048 0.4878048780487805 0.17560975609756097
1 0.16260162601626016 0.348780487804878 0.3252032520325203 0.35609756097560974
1 0.23983739837398374 0.43414634146341463 0.16260162601626016 0.22439024390243903
1 0.49796747967479676 0.4975609756097561 0.9959349593495935 0.9951219512195122