1 0.9333333333333333 0.8266666666666667 0.12444444444444444 0.26666666666666666
1 0.9622222222222222 0.6066666666666667 0.06666666666666667 0.19111111111111112
1 0.8977777777777778 0.4488888888888889 0.19555555555555557 0.2222222222222222
1 0.7666666666666667 0.5844444444444444 0.25333333333333335 0.24444444444444444
1 0.9333333333333333 0.2577777777777778 0.12444444444444444 0.2222222222222222
1 0.8422222222222222 0.14888888888888888 0.2088888888888889 0.21777777777777776
1 0.7377777777777778 0.31777777777777777 0.2311111111111111 0.26222222222222225
1 0.6133333333333333 0.43333333333333335 0.21333333333333335 0.23555555555555555
1 0.5 0.31777777777777777 0.2 0.18222222222222223
1 0.6 0.18666666666666668 0.2311111111111111 0.2311111111111111
1 0.7088888888888889 0.07333333333333333 0.21777777777777776 0.14666666666666667
1 0.5355555555555556 0.028888888888888888 0.15555555555555556 0.057777777777777775
1 0.42444444444444446 0.09555555555555556 0.2088888888888889 0.18222222222222223
1 0.34 0.2111111111111111 0.21777777777777776 0.2088888888888889
1 0.21333333333333335 0.10222222222222223 0.21333333333333335 0.20444444444444446
1 0.10888888888888888 0.22 0.21777777777777776 0.28
1 0.15333333333333332 0.39111111111111113 0.23555555555555555 0.2577777777777778
1 0.03111111111111111 0.37333333333333335 0.06222222222222222 0.1688888888888889
1 0.051111111111111114 0.5777777777777777 0.10222222222222223 0.24
1 0.23555555555555555 0.6533333333333333 0.2577777777777778 0.2222222222222222
1 0.22666666666666666 0.8466666666666667 0.3022222222222222 0.29777777777777775
1 0.5088888888888888 0.8911111111111111 0.26222222222222225 0.2088888888888889
1 0.7311111111111112 0.8088888888888889 0.25333333333333335 0.26666666666666666
1 0.38222222222222224 0.45555555555555555 0.27555555555555555 0.28
1 0.5177777777777778 0.6511111111111111 0.26222222222222225 0.26222222222222225
1 0.057777777777777775 0.8244444444444444 0.11555555555555555 0.28888888888888886