1 0.7147887323943662 0.8926553672316384 0.1267605633802817 0.2033898305084746
1 0.7922535211267606 0.7966101694915254 0.13380281690140844 0.21468926553672316
1 0.8309859154929577 0.6581920903954802 0.11971830985915492 0.1638418079096045
1 0.8345070422535211 0.5141242937853108 0.11267605633802817 0.14689265536723164
1 0.5985915492957746 0.9180790960451978 0.1267605633802817 0.15254237288135594
1 0.47007042253521125 0.9293785310734464 0.12323943661971831 0.12994350282485875
1 0.3714788732394366 0.864406779661017 0.13732394366197184 0.2033898305084746
1 0.3415492957746479 0.9265536723163842 0.11971830985915492 0.13559322033898305
1 0.24471830985915494 0.807909604519774 0.13028169014084506 0.1694915254237288
1 0.29577464788732394 0.6949152542372882 0.13380281690140844 0.21468926553672316
1 0.43133802816901406 0.7146892655367232 0.1443661971830986 0.1977401129943503
1 0.4595070422535211 0.827683615819209 0.0528169014084507 0.11864406779661017
1 0.5475352112676056 0.8192090395480226 0.12323943661971831 0.1694915254237288
1 0.653169014084507 0.7824858757062146 0.09507042253521127 0.14124293785310735
1 0.5669014084507042 0.6949152542372882 0.1267605633802817 0.21468926553672316
1 0.6742957746478874 0.632768361581921 0.12323943661971831 0.192090395480226
1 0.7306338028169014 0.5451977401129944 0.11619718309859155 0.1751412429378531
1 0.7359154929577465 0.6864406779661016 0.07042253521126761 0.12994350282485875
1 0.8485915492957746 0.3813559322033898 0.09859154929577464 0.15254237288135594
1 0.7482394366197183 0.4124293785310734 0.11619718309859155 0.15819209039548024
1 0.8080985915492958 0.268361581920904 0.10211267605633803 0.15254237288135594
1 0.7183098591549296 0.268361581920904 0.1056338028169014 0.14124293785310735
1 0.7605633802816901 0.15254237288135594 0.1056338028169014 0.12429378531073447
1 0.6338028169014085 0.4632768361581921 0.11267605633802817 0.14689265536723164
1 0.5440140845070423 0.5225988700564972 0.11619718309859155 0.15254237288135594
1 0.4612676056338028 0.5988700564971752 0.11971830985915492 0.1694915254237288
1 0.3626760563380282 0.5536723163841808 0.11971830985915492 0.1694915254237288
1 0.1813380281690141 0.632768361581921 0.10211267605633803 0.192090395480226
1 0.17253521126760563 0.7288135593220338 0.09154929577464789 0.11299435028248588
1 0.15492957746478872 0.4717514124293785 0.1056338028169014 0.1638418079096045
1 0.25 0.5282485875706214 0.1267605633802817 0.1638418079096045
1 0.3397887323943662 0.4067796610169492 0.10915492957746478 0.14689265536723164
1 0.4454225352112676 0.4406779661016949 0.12323943661971831 0.15819209039548024
1 0.5316901408450704 0.3474576271186441 0.11267605633802817 0.1638418079096045
1 0.5950704225352113 0.2514124293785311 0.09154929577464789 0.11864406779661017
1 0.6496478873239436 0.3361581920903955 0.11619718309859155 0.15254237288135594
1 0.6566901408450704 0.1694915254237288 0.09507042253521127 0.14689265536723164
1 0.6954225352112676 0.06779661016949153 0.09507042253521127 0.13559322033898305
1 0.6144366197183099 0.05367231638418079 0.0880281690140845 0.10734463276836158
1 0.5651408450704225 0.14124293785310735 0.09507042253521127 0.13559322033898305
1 0.4982394366197183 0.2231638418079096 0.10211267605633803 0.12994350282485875
1 0.47183098591549294 0.10451977401129943 0.09859154929577464 0.11864406779661017
1 0.528169014084507 0.03954802259887006 0.07746478873239436 0.07909604519774012
1 0.45422535211267606 0.031073446327683617 0.07746478873239436 0.062146892655367235
1 0.3714788732394366 0.06497175141242938 0.13028169014084506 0.12994350282485875
1 0.3045774647887324 0.14124293785310735 0.10211267605633803 0.15819209039548024
1 0.40316901408450706 0.18926553672316385 0.10211267605633803 0.12994350282485875
1 0.4278169014084507 0.3163841807909605 0.10211267605633803 0.14689265536723164
1 0.33274647887323944 0.2740112994350282 0.10915492957746478 0.12994350282485875
1 0.23591549295774647 0.3700564971751412 0.1267605633802817 0.15254237288135594
1 0.22887323943661972 0.211864406779661 0.1267605633802817 0.1751412429378531
1 0.17253521126760563 0.307909604519774 0.06338028169014084 0.15254237288135594
1 0.13732394366197184 0.3700564971751412 0.035211267605633804 0.062146892655367235