1 0.6752577319587629 0.4575289575289575 0.6082474226804123 0.5444015444015444
1 0.6082474226804123 0.6274131274131274 0.1958762886597938 0.1274131274131274
1 0.48195876288659795 0.5115830115830116 0.211340206185567 0.17374517374517376
1 0.4020618556701031 0.3803088803088803 0.16494845360824742 0.09652509652509653
1 0.4020618556701031 0.24324324324324326 0.20618556701030927 0.2084942084942085
1 0.2422680412371134 0.2953667953667954 0.12371134020618557 0.15057915057915058
1 0.1211340206185567 0.305019305019305 0.2422680412371134 0.2084942084942085
1 0.07989690721649484 0.45366795366795365 0.15979381443298968 0.10424710424710425
1 0.07474226804123711 0.5675675675675675 0.14948453608247422 0.22393822393822393
1 0.15463917525773196 0.8378378378378378 0.30927835051546393 0.3166023166023166
1 0.33762886597938147 0.7799227799227799 0.28350515463917525 0.3166023166023166
1 0.5592783505154639 0.862934362934363 0.13917525773195877 0.11196911196911197
1 0.9407216494845361 0.974903474903475 0.10824742268041238 0.04247104247104247
1 0.23195876288659795 0.5868725868725869 0.25773195876288657 0.20077220077220076