1 0.8645038167938931 0.65625 0.10305343511450382 0.14583333333333334
1 0.8931297709923665 0.6015625 0.0916030534351145 0.11979166666666667
1 0.8416030534351145 0.5052083333333334 0.07251908396946564 0.08333333333333333
1 0.8034351145038168 0.734375 0.1183206106870229 0.16666666666666666
1 0.7538167938931297 0.6927083333333334 0.10305343511450382 0.15625
1 0.7748091603053435 0.5833333333333334 0.08396946564885496 0.09375
1 0.7709923664122137 0.4479166666666667 0.06870229007633588 0.08333333333333333
1 0.6965648854961832 0.46875 0.08015267175572519 0.1875
1 0.7366412213740458 0.5 0.08396946564885496 0.125
1 0.6870229007633588 0.3541666666666667 0.08396946564885496 0.052083333333333336
1 0.6183206106870229 0.4557291666666667 0.11450381679389313 0.15104166666666666
1 0.5801526717557252 0.609375 0.11450381679389313 0.16666666666666666
1 0.6755725190839694 0.6041666666666666 0.0916030534351145 0.15625
1 0.6774809160305344 0.7682291666666666 0.11068702290076336 0.16145833333333334
1 0.5438931297709924 0.7630208333333334 0.13358778625954199 0.18229166666666666
1 0.48282442748091603 0.6510416666666666 0.1183206106870229 0.14583333333333334
1 0.44083969465648853 0.7447916666666666 0.09541984732824428 0.15625
1 0.3377862595419847 0.7083333333333334 0.11068702290076336 0.1875
1 0.3950381679389313 0.6015625 0.10305343511450382 0.15104166666666666
1 0.4847328244274809 0.4973958333333333 0.16030534351145037 0.18229166666666666
1 0.2862595419847328 0.5807291666666666 0.1297709923664122 0.19270833333333334
1 0.25572519083969464 0.7109375 0.061068702290076333 0.11979166666666667
1 0.16793893129770993 0.6380208333333334 0.11450381679389313 0.171875
1 0.19083969465648856 0.4869791666666667 0.11450381679389313 0.140625
1 0.0916030534351145 0.5729166666666666 0.10687022900763359 0.15625
1 0.08587786259541985 0.5026041666666666 0.10305343511450382 0.11979166666666667
1 0.1965648854961832 0.3880208333333333 0.05725190839694656 0.06770833333333333
1 0.2595419847328244 0.4296875 0.06870229007633588 0.11979166666666667
1 0.32251908396946566 0.453125 0.07251908396946564 0.07291666666666667
1 0.3988549618320611 0.3645833333333333 0.1183206106870229 0.14583333333333334
1 0.31679389312977096 0.3776041666666667 0.04580152671755725 0.078125
1 0.41412213740458015 0.2760416666666667 0.04961832061068702 0.041666666666666664
1 0.49236641221374045 0.3020833333333333 0.0916030534351145 0.14583333333333334
1 0.5362595419847328 0.3932291666666667 0.08015267175572519 0.09895833333333333
1 0.5954198473282443 0.3359375 0.09923664122137404 0.08854166666666667