1 0.7076923076923077 0.26288659793814434 0.15384615384615385 0.14432989690721648
1 0.9653846153846154 0.9329896907216495 0.038461538461538464 0.10309278350515463
1 0.9692307692307692 0.45103092783505155 0.05384615384615385 0.08762886597938144
1 0.9153846153846154 0.9226804123711341 0.09230769230769231 0.14432989690721648
1 0.8269230769230769 0.9304123711340206 0.11538461538461539 0.12886597938144329
1 0.725 0.9278350515463918 0.11153846153846154 0.13402061855670103
1 0.6307692307692307 0.9329896907216495 0.09230769230769231 0.12371134020618557
1 0.5461538461538461 0.9381443298969072 0.08461538461538462 0.1134020618556701
1 0.45576923076923076 0.9432989690721649 0.08846153846153847 0.10309278350515463
1 0.3423076923076923 0.9123711340206185 0.12307692307692308 0.16494845360824742
1 0.3557692307692308 0.7319587628865979 0.12692307692307692 0.25773195876288657
1 0.34423076923076923 0.4896907216494845 0.10384615384615385 0.23711340206185566
1 0.2980769230769231 0.2963917525773196 0.11923076923076924 0.17010309278350516
1 0.3230769230769231 0.20618556701030927 0.1 0.1134020618556701
1 0.38846153846153847 0.21649484536082475 0.046153846153846156 0.13402061855670103
1 0.4480769230769231 0.22422680412371135 0.07307692307692308 0.17010309278350516
1 0.5230769230769231 0.19329896907216496 0.07692307692307693 0.12886597938144329
1 0.5942307692307692 0.18298969072164947 0.08076923076923077 0.15979381443298968
1 0.6673076923076923 0.16237113402061856 0.08076923076923077 0.13917525773195877
1 0.7423076923076923 0.14432989690721648 0.06153846153846154 0.10309278350515463
1 0.8057692307692308 0.16494845360824742 0.05 0.10309278350515463
1 0.8615384615384616 0.18298969072164947 0.046153846153846156 0.08762886597938144
1 0.11346153846153846 0.20876288659793815 0.06538461538461539 0.08762886597938144
1 0.18269230769230768 0.19845360824742267 0.07307692307692308 0.07731958762886598
1 0.2519230769230769 0.19329896907216496 0.057692307692307696 0.08762886597938144
1 0.21153846153846154 0.30927835051546393 0.07692307692307693 0.16494845360824742
1 0.1326923076923077 0.30927835051546393 0.08846153846153847 0.16494845360824742
1 0.06153846153846154 0.3247422680412371 0.07692307692307693 0.13402061855670103
1 0.015384615384615385 0.5180412371134021 0.03076923076923077 0.211340206185567
1 0.06153846153846154 0.49742268041237114 0.1 0.20103092783505155
1 0.14807692307692308 0.5231958762886598 0.12692307692307692 0.26288659793814434
1 0.23653846153846153 0.4845360824742268 0.11153846153846154 0.24742268041237114
1 0.2423076923076923 0.729381443298969 0.1 0.23195876288659795
1 0.24615384615384617 0.9226804123711341 0.11538461538461539 0.14432989690721648
1 0.16538461538461538 0.7551546391752577 0.1076923076923077 0.23195876288659795
1 0.13846153846153847 0.9201030927835051 0.1076923076923077 0.14948453608247422
1 0.06346153846153846 0.7319587628865979 0.11923076923076924 0.25773195876288657
1 0.05 0.9226804123711341 0.07692307692307693 0.14432989690721648
1 0.4980769230769231 0.5438144329896907 0.9961538461538462 0.9020618556701031