1 0.5816733067729084 0.7089552238805971 0.3346613545816733 0.36318407960199006
1 0.7549800796812749 0.49502487562189057 0.32270916334661354 0.39303482587064675
1 0.9043824701195219 0.3009950248756219 0.18326693227091634 0.39303482587064675
1 0.6832669322709163 0.21641791044776118 0.28286852589641437 0.35323383084577115
1 0.46613545816733065 0.4527363184079602 0.2788844621513944 0.3681592039800995
1 0.26693227091633465 0.664179104477612 0.3346613545816733 0.4427860696517413
1 0.1254980079681275 0.4601990049751244 0.250996015936255 0.36318407960199006
1 0.2948207171314741 0.25870646766169153 0.27091633466135456 0.3482587064676617
1 0.48406374501992033 0.1318407960199005 0.26693227091633465 0.263681592039801
1 0.7589641434262948 0.07213930348258707 0.250996015936255 0.14427860696517414
1 0.23306772908366533 0.09950248756218906 0.250996015936255 0.19900497512437812