1 0.8689138576779026 0.8333333333333334 0.1647940074906367 0.1746031746031746
1 0.9606741573033708 0.8677248677248677 0.07116104868913857 0.08465608465608465
1 0.7696629213483146 0.7248677248677249 0.10861423220973783 0.25396825396825395
1 0.7827715355805244 0.873015873015873 0.06741573033707865 0.07407407407407407
1 0.7097378277153558 0.8386243386243386 0.07865168539325842 0.047619047619047616
1 0.37453183520599254 0.8677248677248677 0.10486891385767791 0.08465608465608465
1 0.4606741573033708 0.8915343915343915 0.08239700374531835 0.0582010582010582
1 0.550561797752809 0.6957671957671958 0.1348314606741573 0.164021164021164
1 0.6947565543071161 0.6666666666666666 0.16104868913857678 0.2962962962962963
1 0.850187265917603 0.5264550264550265 0.1647940074906367 0.15343915343915343
1 0.8838951310861424 0.6455026455026455 0.20973782771535582 0.21164021164021163
1 0.9588014981273408 0.5714285714285714 0.0749063670411985 0.14814814814814814
1 0.9569288389513109 0.7354497354497355 0.07865168539325842 0.17989417989417988
1 0.45692883895131087 0.5661375661375662 0.15730337078651685 0.26455026455026454
1 0.552434456928839 0.5370370370370371 0.07865168539325842 0.15343915343915343
1 0.6179775280898876 0.5132275132275133 0.10486891385767791 0.20105820105820105
1 0.7322097378277154 0.47883597883597884 0.13108614232209737 0.164021164021164
1 0.8595505617977528 0.4126984126984127 0.09363295880149813 0.1164021164021164
1 0.9531835205992509 0.43915343915343913 0.08614232209737828 0.12698412698412698
1 0.8857677902621723 0.2804232804232804 0.12359550561797752 0.14814814814814814
1 0.8932584269662921 0.36507936507936506 0.11610486891385768 0.06349206349206349
1 0.7771535580524345 0.291005291005291 0.10112359550561797 0.1693121693121693
1 0.7340823970037453 0.373015873015873 0.15730337078651685 0.15343915343915343
1 0.6722846441947565 0.30952380952380953 0.09363295880149813 0.14285714285714285
1 0.5898876404494382 0.3439153439153439 0.12359550561797752 0.19047619047619047
1 0.6273408239700374 0.19576719576719576 0.07865168539325842 0.1164021164021164
1 0.5449438202247191 0.15343915343915343 0.13857677902621723 0.19047619047619047
1 0.5168539325842697 0.24867724867724866 0.0599250936329588 0.06349206349206349
1 0.47191011235955055 0.30687830687830686 0.11235955056179775 0.15873015873015872
1 0.41947565543071164 0.41005291005291006 0.1348314606741573 0.15343915343915343
1 0.5299625468164794 0.42592592592592593 0.07116104868913857 0.07936507936507936
1 0.37265917602996257 0.6137566137566137 0.10112359550561797 0.13756613756613756
1 0.9176029962546817 0.13756613756613756 0.11235955056179775 0.14814814814814814
1 0.9812734082397003 0.19047619047619047 0.0299625468164794 0.10582010582010581
1 0.9606741573033708 0.06084656084656084 0.07116104868913857 0.12169312169312169
1 0.8876404494382022 0.03968253968253968 0.08239700374531835 0.07936507936507936
1 0.8071161048689138 0.06878306878306878 0.11610486891385768 0.13756613756613756
1 0.7228464419475655 0.047619047619047616 0.08239700374531835 0.09523809523809523
1 0.3295880149812734 0.03439153439153439 0.06741573033707865 0.06878306878306878
1 0.2640449438202247 0.0873015873015873 0.10112359550561797 0.13227513227513227
1 0.2640449438202247 0.013227513227513227 0.056179775280898875 0.026455026455026454
1 0.21161048689138576 0.013227513227513227 0.04868913857677903 0.026455026455026454
1 0.2209737827715356 0.15873015873015872 0.052434456928838954 0.06349206349206349
1 0.250936329588015 0.164021164021164 0.03745318352059925 0.05291005291005291
1 0.25280898876404495 0.21693121693121692 0.04868913857677903 0.06349206349206349
1 0.18352059925093633 0.1931216931216931 0.08239700374531835 0.08994708994708994
1 0.17790262172284643 0.11375661375661375 0.07116104868913857 0.08994708994708994
1 0.1704119850187266 0.03968253968253968 0.07865168539325842 0.07936507936507936
1 0.10112359550561797 0.08465608465608465 0.06741573033707865 0.09523809523809523
1 0.10486891385767791 0.018518518518518517 0.0599250936329588 0.037037037037037035
1 0.03745318352059925 0.047619047619047616 0.0749063670411985 0.09523809523809523
1 0.035580524344569285 0.1455026455026455 0.07116104868913857 0.10052910052910052
1 0.10486891385767791 0.18253968253968253 0.0749063670411985 0.07936507936507936
1 0.1760299625468165 0.4497354497354497 0.0749063670411985 0.08465608465608465
1 0.1348314606741573 0.42592592592592593 0.052434456928838954 0.07936507936507936
1 0.06179775280898876 0.4021164021164021 0.056179775280898875 0.06349206349206349
1 0.04119850187265917 0.37566137566137564 0.08239700374531835 0.09523809523809523
1 0.016853932584269662 0.4365079365079365 0.033707865168539325 0.047619047619047616
1 0.07303370786516854 0.46825396825396826 0.06367041198501873 0.08994708994708994
1 0.1104868913857678 0.5158730158730159 0.04868913857677903 0.06878306878306878
1 0.15543071161048688 0.5185185185185185 0.033707865168539325 0.031746031746031744
1 0.1198501872659176 0.5793650793650794 0.0449438202247191 0.06878306878306878
1 0.056179775280898875 0.5582010582010583 0.06741573033707865 0.08994708994708994
1 0.02247191011235955 0.4973544973544973 0.0449438202247191 0.09523809523809523
1 0.0299625468164794 0.6005291005291006 0.0599250936329588 0.10052910052910052
1 0.08426966292134831 0.6507936507936508 0.06367041198501873 0.09523809523809523
1 0.028089887640449437 0.7142857142857143 0.056179775280898875 0.13756613756613756
1 0.06179775280898876 0.7592592592592593 0.06367041198501873 0.1111111111111111