1 0.7806122448979592 0.5935672514619883 0.3299319727891156 0.5789473684210527
1 0.9217687074829932 0.8362573099415205 0.14965986394557823 0.3157894736842105
1 0.6870748299319728 0.9239766081871345 0.30612244897959184 0.14035087719298245
1 0.9285714285714286 0.32748538011695905 0.1360544217687075 0.49122807017543857
1 0.8180272108843537 0.1608187134502924 0.336734693877551 0.3216374269005848
1 0.5459183673469388 0.27485380116959063 0.336734693877551 0.5263157894736842
1 0.4387755102040816 0.6608187134502924 0.3469387755102041 0.5730994152046783
1 0.3197278911564626 0.8888888888888888 0.3741496598639456 0.21052631578947367
1 0.13095238095238096 0.6578947368421053 0.2619047619047619 0.5672514619883041
1 0.21428571428571427 0.2543859649122807 0.32653061224489793 0.5087719298245614
1 0.43197278911564624 0.0847953216374269 0.2789115646258503 0.1695906432748538