1 0.4 0.49404761904761907 0.12666666666666668 0.25
1 0.515 0.5148809523809523 0.11666666666666667 0.23214285714285715
1 0.5166666666666667 0.3125 0.10666666666666667 0.20833333333333334
1 0.49333333333333335 0.11607142857142858 0.13333333333333333 0.23214285714285715
1 0.40166666666666667 0.2708333333333333 0.13666666666666666 0.23214285714285715
1 0.355 0.19345238095238096 0.11666666666666667 0.20833333333333334
1 0.31666666666666665 0.47023809523809523 0.07333333333333333 0.16666666666666666
1 0.3333333333333333 0.6666666666666666 0.14 0.23809523809523808
1 0.47333333333333333 0.6666666666666666 0.06 0.10714285714285714
1 0.5033333333333333 0.7529761904761905 0.11333333333333333 0.20833333333333334
1 0.40166666666666667 0.8482142857142857 0.12333333333333334 0.20833333333333334
1 0.46 0.9226190476190477 0.10666666666666667 0.14285714285714285
1 0.33 0.8601190476190477 0.06666666666666667 0.16071428571428573
1 0.38166666666666665 0.37202380952380953 0.09 0.07738095238095238