1 0.889090909090909 0.7814207650273224 0.21454545454545454 0.4262295081967213
1 0.7818181818181819 0.9371584699453552 0.18181818181818182 0.11475409836065574
1 0.6818181818181818 0.7978142076502732 0.2290909090909091 0.39344262295081966
1 0.7527272727272727 0.6065573770491803 0.16727272727272727 0.26229508196721313
1 0.5981818181818181 0.505464480874317 0.18545454545454546 0.366120218579235
1 0.7327272727272728 0.3797814207650273 0.26545454545454544 0.2677595628415301
1 0.7636363636363637 0.13387978142076504 0.16 0.2459016393442623
1 0.8654545454545455 0.10382513661202186 0.05090909090909091 0.20765027322404372
1 0.6 0.23224043715846995 0.1890909090909091 0.4644808743169399
1 0.7054545454545454 0.01639344262295082 0.09454545454545454 0.03278688524590164
1 0.3890909090909091 0.09016393442622951 0.21818181818181817 0.18032786885245902
1 0.4709090909090909 0.23224043715846995 0.1709090909090909 0.4644808743169399
1 0.3563636363636364 0.5218579234972678 0.1890909090909091 0.2896174863387978
1 0.4781818181818182 0.7431693989071039 0.19272727272727272 0.31693989071038253
1 0.5690909090909091 0.9234972677595629 0.15636363636363637 0.14207650273224043
1 0.3981818181818182 0.9289617486338798 0.2 0.13114754098360656
1 0.28363636363636363 0.8005464480874317 0.2109090909090909 0.3442622950819672
1 0.0890909090909091 0.6530054644808743 0.1781818181818182 0.5519125683060109
1 0.17636363636363636 0.9426229508196722 0.24363636363636362 0.10382513661202186
1 0.20545454545454545 0.5245901639344263 0.16363636363636364 0.22950819672131148
1 0.09272727272727273 0.33879781420765026 0.18545454545454546 0.33879781420765026
1 0.11454545454545455 0.11202185792349727 0.21454545454545454 0.22404371584699453
1 0.23454545454545456 0.01366120218579235 0.09090909090909091 0.0273224043715847