1 0.745575221238938 0.8139013452914798 0.14601769911504425 0.13901345291479822
1 0.8517699115044248 0.8116591928251121 0.06637168141592921 0.08968609865470852
1 0.8473451327433629 0.7062780269058296 0.11946902654867257 0.1210762331838565
1 0.8296460176991151 0.600896860986547 0.14601769911504425 0.13452914798206278
1 0.8539823008849557 0.5448430493273543 0.12389380530973451 0.07623318385650224
1 0.8561946902654868 0.4439461883408072 0.12831858407079647 0.12556053811659193
1 0.8738938053097345 0.3430493273542601 0.06637168141592921 0.08520179372197309
1 0.8053097345132744 0.3251121076233184 0.11504424778761062 0.13901345291479822
1 0.8517699115044248 0.23766816143497757 0.11946902654867257 0.13452914798206278
1 0.8517699115044248 0.10762331838565023 0.11061946902654868 0.12556053811659193
1 0.7411504424778761 0.09641255605381166 0.12831858407079647 0.13901345291479822
1 0.6194690265486725 0.08071748878923767 0.11504424778761062 0.09865470852017937
1 0.6482300884955752 0.18161434977578475 0.12831858407079647 0.13004484304932734
1 0.745575221238938 0.23542600896860988 0.084070796460177 0.09417040358744394
1 0.6792035398230089 0.3004484304932735 0.11946902654867257 0.09865470852017937
1 0.7013274336283186 0.4080717488789238 0.11946902654867257 0.12556053811659193
1 0.7566371681415929 0.35874439461883406 0.061946902654867256 0.053811659192825115
1 0.7699115044247787 0.49327354260089684 0.061946902654867256 0.07174887892376682
1 0.7212389380530974 0.547085201793722 0.11504424778761062 0.13452914798206278
1 0.6946902654867256 0.6771300448430493 0.168141592920354 0.13452914798206278
1 0.6172566371681416 0.7645739910313901 0.13716814159292035 0.13901345291479822
1 0.5707964601769911 0.8026905829596412 0.10619469026548672 0.15246636771300448
1 0.46238938053097345 0.8183856502242153 0.12831858407079647 0.13004484304932734
1 0.4247787610619469 0.6748878923766816 0.1504424778761062 0.15695067264573992
1 0.5376106194690266 0.6457399103139013 0.12831858407079647 0.11659192825112108
1 0.6261061946902655 0.5381165919282511 0.084070796460177 0.13452914798206278
1 0.32964601769911506 0.7847533632286996 0.13716814159292035 0.17040358744394618
1 0.20575221238938052 0.8318385650224215 0.11061946902654868 0.1210762331838565
1 0.23893805309734514 0.7152466367713004 0.1415929203539823 0.13004484304932734
1 0.29867256637168144 0.5852017937219731 0.17256637168141592 0.16591928251121077
1 0.13053097345132744 0.7556053811659192 0.12831858407079647 0.1210762331838565
1 0.15486725663716813 0.6098654708520179 0.1504424778761062 0.14349775784753363
1 0.14601769911504425 0.452914798206278 0.13274336283185842 0.17040358744394618
1 0.24557522123893805 0.4170403587443946 0.11061946902654868 0.12556053811659193
1 0.33849557522123896 0.4641255605381166 0.11946902654867257 0.13901345291479822
1 0.4889380530973451 0.49327354260089684 0.2079646017699115 0.2242152466367713
1 0.6039823008849557 0.452914798206278 0.084070796460177 0.07174887892376682
1 0.6061946902654868 0.3632286995515695 0.10619469026548672 0.11659192825112108
1 0.5641592920353983 0.2802690582959641 0.11946902654867257 0.09417040358744394
1 0.5 0.3542600896860987 0.09734513274336283 0.08071748878923767
1 0.42035398230088494 0.35874439461883406 0.10619469026548672 0.08071748878923767
1 0.413716814159292 0.273542600896861 0.13716814159292035 0.11659192825112108
1 0.3163716814159292 0.32062780269058294 0.13716814159292035 0.13901345291479822
1 0.19690265486725664 0.3183856502242152 0.11946902654867257 0.11659192825112108
1 0.12831858407079647 0.26681614349775784 0.10619469026548672 0.13004484304932734
1 0.2079646017699115 0.21300448430493274 0.10619469026548672 0.1031390134529148
1 0.2942477876106195 0.19955156950672645 0.11946902654867257 0.11210762331838565
1 0.3915929203539823 0.16143497757847533 0.11946902654867257 0.10762331838565023
1 0.5154867256637168 0.19730941704035873 0.12831858407079647 0.13452914798206278
1 0.49336283185840707 0.07399103139013453 0.13716814159292035 0.1210762331838565
1 0.38495575221238937 0.06950672645739911 0.08849557522123894 0.06726457399103139
1 0.3053097345132743 0.07399103139013453 0.07079646017699115 0.07623318385650224
1 0.23893805309734514 0.12331838565022421 0.13274336283185842 0.13901345291479822
1 0.16592920353982302 0.09417040358744394 0.05752212389380531 0.04484304932735426
1 0.12831858407079647 0.13901345291479822 0.12389380530973451 0.10762331838565023
1 0.5022123893805309 0.4641255605381166 0.9867256637168141 0.9282511210762332