1 0.8488888888888889 0.38222222222222224 0.17777777777777778 0.27555555555555555
1 0.9511111111111111 0.4311111111111111 0.08888888888888889 0.11555555555555555
1 0.9088888888888889 0.31777777777777777 0.17333333333333334 0.15555555555555556
1 0.8955555555555555 0.24222222222222223 0.2 0.15555555555555556
1 0.9088888888888889 0.11555555555555555 0.17333333333333334 0.17777777777777778
1 0.8911111111111111 0.09777777777777778 0.2088888888888889 0.14222222222222222
1 0.7733333333333333 0.13555555555555557 0.09777777777777778 0.1111111111111111
1 0.76 0.36666666666666664 0.13333333333333333 0.26222222222222225
1 0.6644444444444444 0.3333333333333333 0.2088888888888889 0.1688888888888889
1 0.6177777777777778 0.5355555555555556 0.16 0.3333333333333333
1 0.6688888888888889 0.6533333333333333 0.14666666666666667 0.3288888888888889
1 0.7644444444444445 0.6555555555555556 0.1688888888888889 0.37777777777777777
1 0.8933333333333333 0.6555555555555556 0.20444444444444446 0.3333333333333333
1 0.6666666666666666 0.8222222222222222 0.17777777777777778 0.3466666666666667
1 0.5533333333333333 0.6644444444444444 0.13777777777777778 0.28888888888888886
1 0.5133333333333333 0.49777777777777776 0.17333333333333334 0.43555555555555553
1 0.4222222222222222 0.4177777777777778 0.12444444444444444 0.3111111111111111
1 0.29333333333333333 0.45555555555555555 0.17777777777777778 0.18222222222222223
1 0.35333333333333333 0.7355555555555555 0.24444444444444444 0.52
1 0.3022222222222222 0.8088888888888889 0.16 0.37333333333333335
1 0.4177777777777778 0.7711111111111111 0.12444444444444444 0.28
1 0.12666666666666668 0.7622222222222222 0.21777777777777776 0.19111111111111112
1 0.044444444444444446 0.74 0.08888888888888889 0.15555555555555556
1 0.06222222222222222 0.6133333333333333 0.12444444444444444 0.12444444444444444
1 0.042222222222222223 0.5066666666666667 0.08444444444444445 0.09777777777777778
1 0.9288888888888889 0.8333333333333334 0.13333333333333333 0.27111111111111114
1 0.8 0.9088888888888889 0.32 0.17333333333333334
1 0.9577777777777777 0.9733333333333334 0.07555555555555556 0.044444444444444446
1 0.4955555555555556 0.9177777777777778 0.24444444444444444 0.15555555555555556
1 0.24222222222222223 0.9111111111111111 0.27111111111111114 0.1688888888888889
1 0.05555555555555555 0.9266666666666666 0.1111111111111111 0.13777777777777778
1 0.04 0.04666666666666667 0.08 0.09333333333333334
1 0.024444444444444446 0.10666666666666667 0.04888888888888889 0.05333333333333334
1 0.4088888888888889 0.2777777777777778 0.8177777777777778 0.4222222222222222
1 0.4488888888888889 0.04 0.7377777777777778 0.08
1 0.49777777777777776 0.49777777777777776 0.9955555555555555 0.9955555555555555