1 0.6992753623188406 0.9371584699453552 0.1956521739130435 0.11475409836065574
1 0.677536231884058 0.8661202185792349 0.14492753623188406 0.12568306010928962
1 0.46195652173913043 0.9262295081967213 0.19927536231884058 0.1366120218579235
1 0.3822463768115942 0.8661202185792349 0.15579710144927536 0.15846994535519127
1 0.21920289855072464 0.9153005464480874 0.19202898550724637 0.15846994535519127
1 0.15217391304347827 0.8005464480874317 0.1956521739130435 0.20218579234972678
1 0.019927536231884056 0.7978142076502732 0.03985507246376811 0.19672131147540983
1 0.07971014492753623 0.7185792349726776 0.12318840579710146 0.15846994535519127
1 0.20108695652173914 0.6147540983606558 0.09057971014492754 0.14754098360655737
1 0.24094202898550723 0.7076502732240437 0.15579710144927536 0.14754098360655737
1 0.3822463768115942 0.6502732240437158 0.11231884057971014 0.13114754098360656
1 0.3858695652173913 0.7540983606557377 0.09782608695652174 0.1092896174863388
1 0.4746376811594203 0.7814207650273224 0.08695652173913043 0.14207650273224043
1 0.5362318840579711 0.7185792349726776 0.14492753623188406 0.14754098360655737
1 0.6177536231884058 0.8087431693989071 0.14130434782608695 0.14207650273224043
1 0.7608695652173914 0.7404371584699454 0.09420289855072464 0.14754098360655737
1 0.8260869565217391 0.8278688524590164 0.13768115942028986 0.1366120218579235
1 0.9148550724637681 0.7377049180327869 0.13405797101449277 0.1092896174863388
1 0.9094202898550725 0.6502732240437158 0.12318840579710146 0.08743169398907104
1 0.09057971014492754 0.5573770491803278 0.10144927536231885 0.1092896174863388
1 0.06521739130434782 0.6038251366120219 0.13043478260869565 0.18032786885245902
1 0.15217391304347827 0.5327868852459017 0.12318840579710146 0.12568306010928962
1 0.20833333333333334 0.4644808743169399 0.11231884057971014 0.1092896174863388
1 0.30434782608695654 0.5573770491803278 0.13768115942028986 0.1092896174863388
1 0.3641304347826087 0.48633879781420764 0.13405797101449277 0.12021857923497267
1 0.4311594202898551 0.6120218579234973 0.13043478260869565 0.12021857923497267
1 0.48731884057971014 0.546448087431694 0.12681159420289856 0.09836065573770492
1 0.6322463768115942 0.5846994535519126 0.13405797101449277 0.12021857923497267
1 0.7844202898550725 0.592896174863388 0.11956521739130435 0.12568306010928962
1 0.7626811594202898 0.6885245901639344 0.12681159420289856 0.12021857923497267
1 0.6032608695652174 0.6721311475409836 0.10507246376811594 0.1092896174863388
1 0.8713768115942029 0.4918032786885246 0.11231884057971014 0.15300546448087432
1 0.980072463768116 0.5491803278688525 0.03260869565217391 0.11475409836065574
1 0.9818840579710145 0.4726775956284153 0.028985507246376812 0.07103825136612021
1 0.9873188405797102 0.4016393442622951 0.018115942028985508 0.08196721311475409
1 0.8768115942028986 0.4098360655737705 0.13043478260869565 0.1092896174863388
1 0.7916666666666666 0.36065573770491804 0.09782608695652174 0.14207650273224043
1 0.7391304347826086 0.44808743169398907 0.10869565217391304 0.14207650273224043
1 0.6865942028985508 0.39344262295081966 0.09782608695652174 0.12021857923497267
1 0.6068840579710145 0.44808743169398907 0.10507246376811594 0.13114754098360656
1 0.5688405797101449 0.3825136612021858 0.07971014492753623 0.13114754098360656
1 0.5688405797101449 0.3114754098360656 0.10869565217391304 0.1092896174863388
1 0.47101449275362317 0.40710382513661203 0.09420289855072464 0.1366120218579235
1 0.4311594202898551 0.34972677595628415 0.08695652173913043 0.14207650273224043
1 0.3695652173913043 0.2786885245901639 0.08695652173913043 0.12021857923497267
1 0.33695652173913043 0.39344262295081966 0.11594202898550725 0.14207650273224043
1 0.29528985507246375 0.3442622950819672 0.09782608695652174 0.1092896174863388
1 0.4221014492753623 0.2459016393442623 0.03260869565217391 0.06557377049180328
1 0.4420289855072464 0.21311475409836064 0.050724637681159424 0.06557377049180328
1 0.4782608695652174 0.2896174863387978 0.06521739130434782 0.06557377049180328
1 0.49094202898550726 0.2459016393442623 0.05434782608695652 0.0546448087431694
1 0.49818840579710144 0.1912568306010929 0.06159420289855073 0.0546448087431694
1 0.5362318840579711 0.22131147540983606 0.043478260869565216 0.04918032786885246
1 0.6014492753623188 0.2185792349726776 0.07246376811594203 0.0546448087431694
1 0.6358695652173914 0.25136612021857924 0.06159420289855073 0.06557377049180328
1 0.6829710144927537 0.2923497267759563 0.06159420289855073 0.060109289617486336
1 0.7137681159420289 0.3251366120218579 0.050724637681159424 0.04918032786885246
1 0.7445652173913043 0.2677595628415301 0.06884057971014493 0.0546448087431694
1 0.8731884057971014 0.27595628415300544 0.06521739130434782 0.08196721311475409
1 0.9239130434782609 0.34153005464480873 0.06521739130434782 0.07103825136612021
1 0.9583333333333334 0.28688524590163933 0.05434782608695652 0.07103825136612021
1 0.9728260869565217 0.35792349726775957 0.04710144927536232 0.07103825136612021