1 0.9316666666666666 0.4226190476190476 0.13 0.2261904761904762
1 0.9433333333333334 0.625 0.10666666666666667 0.2261904761904762
1 0.9733333333333334 0.8035714285714286 0.04666666666666667 0.25
1 0.9883333333333333 0.9583333333333334 0.016666666666666666 0.07142857142857142
1 0.8883333333333333 0.9017857142857143 0.20333333333333334 0.18452380952380953
1 0.7766666666666666 0.8154761904761905 0.19333333333333333 0.30952380952380953
1 0.86 0.6815476190476191 0.18 0.24404761904761904
1 0.755 0.4494047619047619 0.17 0.24404761904761904
1 0.8533333333333334 0.49107142857142855 0.09333333333333334 0.1488095238095238
1 0.8466666666666667 0.38392857142857145 0.05333333333333334 0.06547619047619048
1 0.63 0.46130952380952384 0.09333333333333334 0.22023809523809523
1 0.5283333333333333 0.4583333333333333 0.15 0.25
1 0.48 0.32142857142857145 0.1 0.11904761904761904
1 0.39666666666666667 0.49107142857142855 0.17333333333333334 0.31547619047619047
1 0.2733333333333333 0.5803571428571429 0.18666666666666668 0.2916666666666667
1 0.7483333333333333 0.6220238095238095 0.11666666666666667 0.125
1 0.65 0.7053571428571429 0.20666666666666667 0.25595238095238093
1 0.5883333333333334 0.5982142857142857 0.15 0.16071428571428573
1 0.5866666666666667 0.8779761904761905 0.19333333333333333 0.19642857142857142
1 0.675 0.9434523809523809 0.21 0.10119047619047619
1 0.49 0.7172619047619048 0.13333333333333333 0.23214285714285715
1 0.36 0.7827380952380952 0.17333333333333334 0.26785714285714285
1 0.455 0.9315476190476191 0.21 0.125
1 0.23666666666666666 0.9136904761904762 0.21333333333333335 0.16071428571428573
1 0.07 0.9702380952380952 0.14 0.047619047619047616
1 0.06 0.8630952380952381 0.12 0.23809523809523808
1 0.18333333333333332 0.8244047619047619 0.18 0.19642857142857142
1 0.12 0.7172619047619048 0.13333333333333333 0.1488095238095238
1 0.0033333333333333335 0.5833333333333334 0.006666666666666667 0.14285714285714285
1 0.07666666666666666 0.5178571428571429 0.15333333333333332 0.32142857142857145
1 0.175 0.36904761904761907 0.13 0.13095238095238096
1 0.195 0.45535714285714285 0.10333333333333333 0.17261904761904762
1 0.13166666666666665 0.19047619047619047 0.03 0.09523809523809523
1 0.145 0.23511904761904762 0.07 0.07738095238095238
1 0.18 0.18452380952380953 0.04666666666666667 0.03571428571428571
1 0.051666666666666666 0.24107142857142858 0.10333333333333333 0.24404761904761904
1 0.16333333333333333 0.23511904761904762 0.13333333333333333 0.22023809523809523
1 0.31333333333333335 0.22916666666666666 0.25333333333333335 0.4107142857142857