1 0.5643153526970954 0.7942583732057417 0.2821576763485477 0.35406698564593303
1 0.7489626556016598 0.6507177033492823 0.2946058091286307 0.3349282296650718
1 0.8547717842323651 0.3684210526315789 0.2821576763485477 0.3253588516746411
1 0.9730290456431535 0.6124401913875598 0.04564315352697095 0.24880382775119617
1 0.9149377593360996 0.16507177033492823 0.16182572614107885 0.22488038277511962
1 0.7095435684647303 0.21052631578947367 0.24896265560165975 0.21052631578947367
1 0.5352697095435685 0.35406698564593303 0.29045643153526973 0.3253588516746411
1 0.6742738589211619 0.4569377990430622 0.15352697095435686 0.13875598086124402
1 0.47925311203319504 0.5980861244019139 0.2697095435684647 0.22009569377990432
1 0.2842323651452282 0.7559808612440191 0.23651452282157676 0.28708133971291866
1 0.22614107883817428 0.4688995215311005 0.2863070539419087 0.3157894736842105
1 0.33195020746887965 0.39952153110047844 0.12448132780082988 0.22488038277511962
1 0.3049792531120332 0.19856459330143542 0.35269709543568467 0.24401913875598086
1 0.549792531120332 0.14832535885167464 0.13692946058091288 0.12440191387559808
1 0.1037344398340249 0.3803827751196172 0.2074688796680498 0.37799043062200954
1 0.15352697095435686 0.6411483253588517 0.11618257261410789 0.18181818181818182