1 0.8204633204633205 0.9252577319587629 0.13513513513513514 0.13917525773195877
1 0.7084942084942085 0.8015463917525774 0.18146718146718147 0.23195876288659795
1 0.23166023166023167 0.8711340206185567 0.2471042471042471 0.24742268041237114
1 0.88996138996139 0.7139175257731959 0.0888030888030888 0.10824742268041238
1 0.9285714285714286 0.6365979381443299 0.0888030888030888 0.10824742268041238
1 0.9671814671814671 0.7061855670103093 0.05791505791505792 0.23711340206185566
1 0.9787644787644788 0.8144329896907216 0.03474903474903475 0.16494845360824742
1 0.8243243243243243 0.634020618556701 0.0888030888030888 0.10309278350515463
1 0.8764478764478765 0.634020618556701 0.023166023166023165 0.05154639175257732
1 0.8687258687258688 0.5567010309278351 0.08494208494208494 0.10309278350515463
1 0.9459459459459459 0.5567010309278351 0.06177606177606178 0.09278350515463918
1 0.9285714285714286 0.42010309278350516 0.13513513513513514 0.22164948453608246
1 0.9787644787644788 0.5592783505154639 0.03474903474903475 0.05670103092783505
1 0.8938223938223938 0.47164948453608246 0.06563706563706563 0.06701030927835051
1 0.832046332046332 0.48195876288659795 0.06563706563706563 0.11855670103092783
1 0.7741312741312741 0.5824742268041238 0.05019305019305019 0.08247422680412371
1 0.833976833976834 0.3788659793814433 0.10038610038610038 0.0979381443298969
1 0.8706563706563707 0.211340206185567 0.25096525096525096 0.35051546391752575
1 0.8552123552123552 0.13659793814432988 0.09652509652509653 0.20103092783505155
1 0.25096525096525096 0.5773195876288659 0.19305019305019305 0.23711340206185566
1 0.4343629343629344 0.6262886597938144 0.08108108108108109 0.12886597938144329
1 0.5 0.6443298969072165 0.07335907335907337 0.08247422680412371
1 0.667953667953668 0.47680412371134023 0.2702702702702703 0.42783505154639173
1 0.46525096525096526 0.5695876288659794 0.0888030888030888 0.10824742268041238
1 0.5347490347490348 0.5541237113402062 0.04247104247104247 0.07731958762886598
1 0.3745173745173745 0.6572164948453608 0.04633204633204633 0.07731958762886598
1 0.3783783783783784 0.5670103092783505 0.0694980694980695 0.10309278350515463
1 0.4942084942084942 0.4793814432989691 0.07722007722007722 0.13402061855670103
1 0.5347490347490348 0.4587628865979381 0.06563706563706563 0.10309278350515463
1 0.42084942084942084 0.5 0.07722007722007722 0.1134020618556701
1 0.3687258687258687 0.4742268041237113 0.06563706563706563 0.09278350515463918
1 0.4420849420849421 0.3917525773195876 0.08108108108108109 0.10309278350515463
1 0.5193050193050193 0.3556701030927835 0.07335907335907337 0.10309278350515463
1 0.5212355212355212 0.3479381443298969 0.10810810810810811 0.11855670103092783
1 0.4594594594594595 0.2912371134020619 0.11583011583011583 0.0979381443298969
1 0.3803088803088803 0.35309278350515466 0.05791505791505792 0.14948453608247422
1 0.2953667953667954 0.38917525773195877 0.13513513513513514 0.211340206185567
1 0.08494208494208494 0.35309278350515466 0.08494208494208494 0.10824742268041238
1 0.1969111969111969 0.4536082474226804 0.0694980694980695 0.08247422680412371
1 0.011583011583011582 0.6494845360824743 0.023166023166023165 0.10309278350515463
1 0.5115830115830116 0.1958762886597938 0.05791505791505792 0.14432989690721648
1 0.5791505791505791 0.2706185567010309 0.10810810810810811 0.27319587628865977
1 0.4594594594594595 0.2268041237113402 0.03861003861003861 0.10309278350515463
1 0.6023166023166023 0.09020618556701031 0.2625482625482625 0.18041237113402062
1 0.39768339768339767 0.10051546391752578 0.16988416988416988 0.20103092783505155
1 0.29922779922779924 0.14432989690721648 0.17374517374517376 0.15463917525773196
1 0.39575289575289574 0.25257731958762886 0.0888030888030888 0.12371134020618557
1 0.3166023166023166 0.25257731958762886 0.138996138996139 0.15463917525773196
1 0.17374517374517376 0.19329896907216496 0.16216216216216217 0.18041237113402062
1 0.052123552123552123 0.21649484536082475 0.10424710424710425 0.1958762886597938
1 0.021235521235521235 0.3711340206185567 0.04247104247104247 0.10309278350515463
1 0.11003861003861004 0.29381443298969073 0.09652509652509653 0.09278350515463918
1 0.18725868725868725 0.2809278350515464 0.11969111969111969 0.05670103092783505
1 0.17953667953667954 0.3247422680412371 0.09652509652509653 0.09278350515463918
1 0.18146718146718147 0.38402061855670105 0.10038610038610038 0.07731958762886598
1 0.1969111969111969 0.4175257731958763 0.07722007722007722 0.08247422680412371
1 0.021235521235521235 0.4639175257731959 0.04247104247104247 0.16494845360824742
1 0.10617760617760617 0.43556701030927836 0.11969111969111969 0.06701030927835051
1 0.10424710424710425 0.5051546391752577 0.12355212355212356 0.07216494845360824
1 0.07722007722007722 0.5592783505154639 0.15444015444015444 0.08762886597938144
1 0.04247104247104247 0.6469072164948454 0.06177606177606178 0.11855670103092783
1 0.11776061776061776 0.634020618556701 0.0888030888030888 0.13402061855670103