1 0.43454545454545457 0.33879781420765026 0.33090909090909093 0.15300546448087432
1 0.4218181818181818 0.4098360655737705 0.15272727272727274 0.06557377049180328
1 0.3563636363636364 0.45081967213114754 0.18181818181818182 0.14754098360655737
1 0.38545454545454544 0.5191256830601093 0.3054545454545455 0.28415300546448086
1 0.48727272727272725 0.4918032786885246 0.24727272727272728 0.31693989071038253
1 0.5745454545454546 0.4426229508196721 0.33454545454545453 0.34972677595628415
1 0.4909090909090909 0.5737704918032787 0.23272727272727273 0.2185792349726776
1 0.5054545454545455 0.6994535519125683 0.05818181818181818 0.13114754098360656
1 0.6163636363636363 0.5710382513661202 0.2290909090909091 0.3989071038251366
1 0.6418181818181818 0.7021857923497268 0.1709090909090909 0.3879781420765027
1 0.7072727272727273 0.6557377049180327 0.11272727272727273 0.32786885245901637
1 0.6709090909090909 0.8469945355191257 0.04727272727272727 0.07650273224043716
1 0.7618181818181818 0.644808743169399 0.16363636363636364 0.39344262295081966
1 0.7872727272727272 0.7158469945355191 0.1781818181818182 0.36065573770491804
1 0.7527272727272727 0.12021857923497267 0.4727272727272727 0.22950819672131148
1 0.8672727272727273 0.22404371584699453 0.2509090909090909 0.39344262295081966
1 0.8418181818181818 0.3825136612021858 0.3090909090909091 0.25136612021857924
1 0.9 0.40437158469945356 0.12 0.273224043715847