1 0.6853281853281853 0.7577319587628866 0.1969111969111969 0.18556701030927836
1 0.8011583011583011 0.7654639175257731 0.05791505791505792 0.05670103092783505
1 0.805019305019305 0.6958762886597938 0.1891891891891892 0.12371134020618557
1 0.9247104247104247 0.6082474226804123 0.14285714285714285 0.15463917525773196
1 0.28378378378378377 0.7603092783505154 0.24324324324324326 0.211340206185567
1 0.49613899613899615 0.7835051546391752 0.24324324324324326 0.17525773195876287
1 0.0888030888030888 0.654639175257732 0.1776061776061776 0.32989690721649484
1 0.752895752895753 0.09278350515463918 0.09266409266409266 0.18556701030927836
1 0.5366795366795367 0.39690721649484534 0.16216216216216217 0.20618556701030927
1 0.7046332046332047 0.3917525773195876 0.1583011583011583 0.27835051546391754
1 0.8725868725868726 0.4020618556701031 0.2471042471042471 0.25773195876288657
1 0.8822393822393823 0.3118556701030928 0.2277992277992278 0.30412371134020616
1 0.5617760617760618 0.17268041237113402 0.3204633204633205 0.2422680412371134
1 0.3185328185328185 0.2706185567010309 0.26640926640926643 0.30412371134020616
1 0.222007722007722 0.41237113402061853 0.3127413127413127 0.25773195876288657
1 0.5135135135135135 0.4329896907216495 0.3474903474903475 0.31958762886597936
1 0.48455598455598453 0.615979381443299 0.4594594594594595 0.28350515463917525
1 0.21042471042471042 0.5876288659793815 0.24324324324324326 0.24742268041237114
1 0.24324324324324326 0.46649484536082475 0.46332046332046334 0.36597938144329895
1 0.4980694980694981 0.4381443298969072 0.9961389961389961 0.8762886597938144