1 0.9180602006688964 0.49404761904761907 0.12374581939799331 0.40476190476190477
1 0.9682274247491639 0.4107142857142857 0.056856187290969896 0.14285714285714285
1 0.9230769230769231 0.6458333333333334 0.14715719063545152 0.1488095238095238
1 0.9046822742474916 0.28869047619047616 0.0903010033444816 0.18452380952380953
1 0.9364548494983278 0.19345238095238096 0.12040133779264214 0.3869047619047619
1 0.8277591973244147 0.30952380952380953 0.13712374581939799 0.6190476190476191
1 0.8127090301003345 0.7202380952380952 0.12709030100334448 0.19047619047619047
1 0.7157190635451505 0.6041666666666666 0.14046822742474915 0.5059523809523809
1 0.6053511705685619 0.4375 0.3076923076923077 0.5416666666666666
1 0.6070234113712375 0.7321428571428571 0.0903010033444816 0.2619047619047619
1 0.6488294314381271 0.5476190476190477 0.06688963210702341 0.17857142857142858
1 0.6354515050167224 0.25 0.13377926421404682 0.2261904761904762
1 0.5150501672240803 0.38095238095238093 0.23411371237458195 0.5714285714285714
1 0.6220735785953178 0.07142857142857142 0.08695652173913043 0.14285714285714285
1 0.7023411371237458 0.08035714285714286 0.12040133779264214 0.16071428571428573
1 0.451505016722408 0.2976190476190476 0.2809364548494983 0.5952380952380952
1 0.3762541806020067 0.6398809523809523 0.13043478260869565 0.19642857142857142
1 0.3494983277591973 0.7916666666666666 0.411371237458194 0.14285714285714285
1 0.45652173913043476 0.8571428571428571 0.11705685618729098 0.047619047619047616
1 0.27591973244147155 0.6726190476190477 0.1505016722408027 0.39285714285714285
1 0.23578595317725753 0.4255952380952381 0.23076923076923078 0.16071428571428573
1 0.32274247491638797 0.24702380952380953 0.21070234113712374 0.20833333333333334
1 0.1605351170568562 0.43452380952380953 0.20735785953177258 0.36904761904761907
1 0.17892976588628762 0.25297619047619047 0.12374581939799331 0.18452380952380953
1 0.03177257525083612 0.6041666666666666 0.06354515050167224 0.5059523809523809
1 0.0903010033444816 0.7738095238095238 0.11371237458193979 0.20238095238095238
1 0.11872909698996656 0.7113095238095238 0.16387959866220736 0.17261904761904762
1 0.07190635451505016 0.43452380952380953 0.14381270903010032 0.2619047619047619
1 0.07023411371237458 0.19047619047619047 0.14046822742474915 0.38095238095238093
1 0.3076923076923077 0.08333333333333333 0.33444816053511706 0.16666666666666666
1 0.3193979933110368 0.20238095238095238 0.19063545150501673 0.15476190476190477