1 0.7981818181818182 0.8879781420765027 0.26545454545454544 0.21311475409836064
1 0.9636363636363636 0.9836065573770492 0.06545454545454546 0.02185792349726776
1 0.990909090909091 0.8306010928961749 0.01090909090909091 0.13114754098360656
1 0.8545454545454545 0.6530054644808743 0.28363636363636363 0.4098360655737705
1 0.9381818181818182 0.3251366120218579 0.11636363636363636 0.43169398907103823
1 0.769090909090909 0.23497267759562843 0.21454545454545454 0.31693989071038253
1 0.68 0.3770491803278688 0.24727272727272728 0.32786885245901637
1 0.5909090909090909 0.6584699453551912 0.2581818181818182 0.3442622950819672
1 0.5472727272727272 0.8989071038251366 0.2509090909090909 0.1912568306010929
1 0.4218181818181818 0.7814207650273224 0.2109090909090909 0.31693989071038253
1 0.3054545454545455 0.9180327868852459 0.23272727272727273 0.15300546448087432
1 0.20363636363636364 0.7404371584699454 0.28363636363636363 0.43169398907103823
1 0.18181818181818182 0.25136612021857924 0.1890909090909091 0.4918032786885246
1 0.40545454545454546 0.4344262295081967 0.3018181818181818 0.4426229508196721
1 0.4581818181818182 0.16939890710382513 0.2909090909090909 0.30601092896174864
1 0.056363636363636366 0.8688524590163934 0.11272727272727273 0.25136612021857924
1 0.04181818181818182 0.6065573770491803 0.08363636363636363 0.36065573770491804
1 0.05454545454545454 0.3989071038251366 0.10909090909090909 0.26229508196721313
1 0.06727272727272728 0.13934426229508196 0.13454545454545455 0.2786885245901639