1 0.4090909090909091 0.5573770491803278 0.6 0.6010928961748634
1 0.9181818181818182 0.46994535519125685 0.15636363636363637 0.3825136612021858
1 0.5109090909090909 0.16393442622950818 0.5927272727272728 0.32786885245901637
1 0.045454545454545456 0.3360655737704918 0.09090909090909091 0.3333333333333333
1 0.8981818181818182 0.855191256830601 0.08727272727272728 0.12568306010928962
1 0.9563636363636364 0.7814207650273224 0.08 0.1092896174863388
1 0.9745454545454545 0.7076502732240437 0.04363636363636364 0.08196721311475409
1 0.9581818181818181 0.9426229508196722 0.07636363636363637 0.10382513661202186
1 0.8327272727272728 0.825136612021858 0.08727272727272728 0.09836065573770492
1 0.7781818181818182 0.7923497267759563 0.05818181818181818 0.06557377049180328
1 0.7290909090909091 0.8360655737704918 0.09818181818181818 0.07650273224043716
1 0.8763636363636363 0.9426229508196722 0.07272727272727272 0.10382513661202186
1 0.7909090909090909 0.9371584699453552 0.09818181818181818 0.11475409836065574
1 0.7236363636363636 0.9426229508196722 0.10181818181818182 0.10382513661202186
1 0.6363636363636364 0.9316939890710383 0.10909090909090909 0.12568306010928962
1 0.5327272727272727 0.8989071038251366 0.07636363636363637 0.11475409836065574
1 0.4727272727272727 0.8278688524590164 0.10181818181818182 0.12568306010928962
1 0.4509090909090909 0.9426229508196722 0.12363636363636364 0.10382513661202186
1 0.769090909090909 0.6639344262295082 0.11272727272727273 0.14754098360655737
1 0.6981818181818182 0.7568306010928961 0.05818181818181818 0.09289617486338798
1 0.8218181818181818 0.5601092896174863 0.04363636363636364 0.08196721311475409
1 0.9472727272727273 0.5191256830601093 0.05454545454545454 0.14207650273224043
1 0.9854545454545455 0.48360655737704916 0.02181818181818182 0.09289617486338798
1 0.7581818181818182 0.505464480874317 0.04727272727272727 0.09289617486338798
1 0.6836363636363636 0.5519125683060109 0.05090909090909091 0.09836065573770492
1 0.11636363636363636 0.6721311475409836 0.06545454545454546 0.08743169398907104
1 0.01818181818181818 0.7622950819672131 0.03636363636363636 0.060109289617486336
1 0.04181818181818182 0.8387978142076503 0.08363636363636363 0.10382513661202186
1 0.06909090909090909 0.9262295081967213 0.10181818181818182 0.1366120218579235
1 0.16727272727272727 0.9371584699453552 0.07272727272727272 0.11475409836065574
1 0.2290909090909091 0.8524590163934426 0.07272727272727272 0.12021857923497267
1 0.24545454545454545 0.9262295081967213 0.07636363636363637 0.1366120218579235
1 0.32727272727272727 0.8524590163934426 0.10909090909090909 0.07650273224043716
1 0.13454545454545455 0.8005464480874317 0.08727272727272728 0.08196721311475409
1 0.11818181818181818 0.7704918032786885 0.06909090909090909 0.09836065573770492
1 0.02909090909090909 0.31420765027322406 0.05818181818181818 0.11475409836065574
1 0.06545454545454546 0.38524590163934425 0.05090909090909091 0.07103825136612021
1 0.8672727272727273 0.16666666666666666 0.2290909090909091 0.3333333333333333
1 0.9872727272727273 0.3251366120218579 0.01818181818181818 0.060109289617486336
1 0.9618181818181818 0.37158469945355194 0.04727272727272727 0.07650273224043716
1 0.9872727272727273 0.40437158469945356 0.01818181818181818 0.06557377049180328
1 0.96 0.4207650273224044 0.04363636363636364 0.0546448087431694
1 0.9181818181818182 0.3797814207650273 0.04 0.04918032786885246
1 0.92 0.43169398907103823 0.03636363636363636 0.04371584699453552
1 0.8836363636363637 0.4098360655737705 0.02909090909090909 0.0546448087431694
1 0.8745454545454545 0.4918032786885246 0.04727272727272727 0.12021857923497267
1 0.9036363636363637 0.5136612021857924 0.04 0.1092896174863388
1 0.7454545454545455 0.4180327868852459 0.04363636363636364 0.08196721311475409
1 0.6781818181818182 0.43989071038251365 0.03272727272727273 0.060109289617486336
1 0.6327272727272727 0.3551912568306011 0.06545454545454546 0.09836065573770492
1 0.52 0.45901639344262296 0.07272727272727272 0.13114754098360656
1 0.5818181818181818 0.4808743169398907 0.05090909090909091 0.1092896174863388
1 0.6072727272727273 0.5792349726775956 0.08 0.12021857923497267
1 0.6254545454545455 0.6693989071038251 0.06545454545454546 0.10382513661202186
1 0.5763636363636364 0.6912568306010929 0.06909090909090909 0.11475409836065574
1 0.5181818181818182 0.726775956284153 0.04727272727272727 0.06557377049180328
1 0.5145454545454545 0.6584699453551912 0.06181818181818182 0.09289617486338798
1 0.52 0.5737704918032787 0.10181818181818182 0.1092896174863388
1 0.4618181818181818 0.5300546448087432 0.05818181818181818 0.14207650273224043
1 0.4727272727272727 0.40710382513661203 0.07272727272727272 0.11475409836065574
1 0.5327272727272727 0.3797814207650273 0.04 0.060109289617486336
1 0.4636363636363636 0.3251366120218579 0.06181818181818182 0.07103825136612021
1 0.4254545454545455 0.28688524590163933 0.04363636363636364 0.03825136612021858
1 0.36727272727272725 0.273224043715847 0.05090909090909091 0.04371584699453552
1 0.3472727272727273 0.3114754098360656 0.07636363636363637 0.07650273224043716
1 0.30363636363636365 0.3469945355191257 0.05454545454545454 0.11475409836065574
1 0.2545454545454545 0.3442622950819672 0.07272727272727272 0.08743169398907104
1 0.2690909090909091 0.43169398907103823 0.06545454545454546 0.08743169398907104
1 0.3472727272727273 0.45901639344262296 0.08363636363636363 0.1092896174863388
1 0.4072727272727273 0.5109289617486339 0.05818181818181818 0.11475409836065574
1 0.4090909090909091 0.6557377049180327 0.09818181818181818 0.14207650273224043
1 0.46545454545454545 0.6530054644808743 0.04363636363636364 0.10382513661202186
1 0.40545454545454546 0.7513661202185792 0.08363636363636363 0.09289617486338798
1 0.32545454545454544 0.674863387978142 0.11272727272727273 0.16939890710382513
1 0.3563636363636364 0.5765027322404371 0.08 0.1366120218579235
1 0.2927272727272727 0.5382513661202186 0.06909090909090909 0.12568306010928962
1 0.24727272727272728 0.6775956284153005 0.08 0.13114754098360656
1 0.29454545454545455 0.7513661202185792 0.06545454545454546 0.060109289617486336
1 0.22 0.5819672131147541 0.09090909090909091 0.11475409836065574
1 0.2290909090909091 0.4562841530054645 0.07272727272727272 0.1366120218579235
1 0.2309090909090909 0.4918032786885246 0.06909090909090909 0.08743169398907104
1 0.16545454545454547 0.6010928961748634 0.01818181818181818 0.07650273224043716
1 0.13818181818181818 0.4562841530054645 0.10909090909090909 0.21311475409836064
1 0.18363636363636363 0.319672131147541 0.20727272727272728 0.12568306010928962
1 0.04363636363636364 0.5573770491803278 0.08727272727272728 0.19672131147540983
1 0.08545454545454545 0.18579234972677597 0.1709090909090909 0.08743169398907104