1 0.8878676470588235 0.7231182795698925 0.16544117647058823 0.27419354838709675
1 0.9650735294117647 0.8387096774193549 0.0625 0.3118279569892473
1 0.8658088235294118 0.8978494623655914 0.15808823529411764 0.1935483870967742
1 0.7095588235294118 0.5161290322580645 0.21323529411764705 0.3333333333333333
1 0.6875 0.7311827956989247 0.2867647058823529 0.3548387096774194
1 0.6525735294117647 0.8682795698924731 0.1875 0.25268817204301075
1 0.7628676470588235 0.7849462365591398 0.0625 0.10752688172043011
1 0.75 0.9220430107526881 0.16911764705882354 0.14516129032258066
1 0.5367647058823529 0.6451612903225806 0.14705882352941177 0.22580645161290322
1 0.5845588235294118 0.43010752688172044 0.15441176470588236 0.27956989247311825
1 0.45588235294117646 0.5483870967741935 0.1323529411764706 0.16129032258064516
1 0.44485294117647056 0.6666666666666666 0.058823529411764705 0.12903225806451613
1 0.2867647058823529 0.7634408602150538 0.25 0.3010752688172043
1 0.39338235294117646 0.8575268817204301 0.29411764705882354 0.27419354838709675
1 0.4944852941176471 0.9381720430107527 0.20220588235294118 0.11290322580645161
1 0.21875 0.9381720430107527 0.07720588235294118 0.11290322580645161
1 0.0625 0.9086021505376344 0.125 0.17204301075268819
1 0.8878676470588235 0.3655913978494624 0.16544117647058823 0.24731182795698925
1 0.9779411764705882 0.4220430107526882 0.03676470588235294 0.20967741935483872
1 0.9540441176470589 0.22043010752688172 0.08455882352941177 0.26881720430107525
1 0.96875 0.04032258064516129 0.05514705882352941 0.08064516129032258
1 0.9375 0.08602150537634409 0.11029411764705882 0.16129032258064516
1 0.8492647058823529 0.15053763440860216 0.15441176470588236 0.22580645161290322
1 0.7444852941176471 0.28225806451612906 0.11397058823529412 0.15591397849462366
1 0.6580882352941176 0.239247311827957 0.11029411764705882 0.14516129032258066
1 0.7352941176470589 0.17473118279569894 0.08088235294117647 0.08064516129032258
1 0.7224264705882353 0.08064516129032258 0.09191176470588236 0.13978494623655913
1 0.8143382352941176 0.056451612903225805 0.08455882352941177 0.11290322580645161
1 0.6433823529411765 0.043010752688172046 0.11029411764705882 0.08602150537634409
1 0.6507352941176471 0.12365591397849462 0.058823529411764705 0.08602150537634409
1 0.59375 0.19623655913978494 0.09926470588235294 0.13440860215053763
1 0.5551470588235294 0.06182795698924731 0.07352941176470588 0.12365591397849462
1 0.5128676470588235 0.09946236559139784 0.04779411764705882 0.08064516129032258
1 0.5459558823529411 0.15591397849462366 0.06985294117647059 0.08602150537634409
1 0.5018382352941176 0.19623655913978494 0.04779411764705882 0.06989247311827956
1 0.5349264705882353 0.22849462365591397 0.03308823529411765 0.05913978494623656
1 0.4742647058823529 0.12903225806451613 0.029411764705882353 0.06451612903225806
1 0.46691176470588236 0.05913978494623656 0.051470588235294115 0.08602150537634409
1 0.5330882352941176 0.026881720430107527 0.11764705882352941 0.053763440860215055
1 0.47794117647058826 0.010752688172043012 0.07352941176470588 0.021505376344086023
1 0.4025735294117647 0.03225806451612903 0.09926470588235294 0.06451612903225806
1 0.38419117647058826 0.03763440860215054 0.04779411764705882 0.053763440860215055
1 0.4338235294117647 0.10752688172043011 0.051470588235294115 0.07526881720430108
1 0.39889705882352944 0.09946236559139784 0.025735294117647058 0.04838709677419355
1 0.4485294117647059 0.1774193548387097 0.03676470588235294 0.053763440860215055
1 0.4209558823529412 0.1693548387096774 0.03308823529411765 0.05913978494623656
1 0.4007352941176471 0.16129032258064516 0.029411764705882353 0.07526881720430108
1 0.38419117647058826 0.14516129032258066 0.025735294117647058 0.053763440860215055
1 0.36764705882352944 0.14516129032258066 0.014705882352941176 0.043010752688172046
1 0.34558823529411764 0.08064516129032258 0.07352941176470588 0.06451612903225806
1 0.35661764705882354 0.03763440860215054 0.0661764705882353 0.06451612903225806
1 0.33455882352941174 0.12365591397849462 0.051470588235294115 0.053763440860215055
1 0.19852941176470587 0.016129032258064516 0.014705882352941176 0.03225806451612903
1 0.22058823529411764 0.02956989247311828 0.022058823529411766 0.026881720430107527
1 0.22426470588235295 0.008064516129032258 0.029411764705882353 0.016129032258064516
1 0.2702205882352941 0.043010752688172046 0.06985294117647059 0.053763440860215055
1 0.2702205882352941 0.016129032258064516 0.04779411764705882 0.03225806451612903
1 0.31433823529411764 0.016129032258064516 0.04779411764705882 0.03225806451612903
1 0.29044117647058826 0.05913978494623656 0.03676470588235294 0.043010752688172046
1 0.2775735294117647 0.08870967741935484 0.01838235294117647 0.03763440860215054
1 0.29963235294117646 0.10215053763440861 0.025735294117647058 0.043010752688172046
1 0.10110294117647059 0.021505376344086023 0.04044117647058824 0.043010752688172046
1 0.14154411764705882 0.07526881720430108 0.0625 0.053763440860215055
1 0.042279411764705885 0.043010752688172046 0.0625 0.043010752688172046
1 0.09191176470588236 0.08602150537634409 0.08823529411764706 0.06451612903225806
1 0.022058823529411766 0.09408602150537634 0.04411764705882353 0.04838709677419355
1 0.07169117647058823 0.12903225806451613 0.08455882352941177 0.10752688172043011
1 0.03125 0.1424731182795699 0.0625 0.05913978494623656
1 0.14154411764705882 0.13709677419354838 0.0625 0.08064516129032258
1 0.1875 0.10483870967741936 0.04411764705882353 0.04838709677419355
1 0.029411764705882353 0.19086021505376344 0.058823529411764705 0.05913978494623656
1 0.0661764705882353 0.20698924731182797 0.058823529411764705 0.03763440860215054
1 0.14154411764705882 0.20698924731182797 0.08455882352941177 0.08064516129032258
1 0.07536764705882353 0.24731182795698925 0.07720588235294118 0.06451612903225806
1 0.014705882352941176 0.239247311827957 0.029411764705882353 0.026881720430107527
1 0.022058823529411766 0.29301075268817206 0.04411764705882353 0.10215053763440861
1 0.05698529411764706 0.27956989247311825 0.0625 0.06451612903225806
1 0.20588235294117646 0.1989247311827957 0.03676470588235294 0.053763440860215055
1 0.18933823529411764 0.16129032258064516 0.05514705882352941 0.053763440860215055
1 0.1948529411764706 0.12096774193548387 0.029411764705882353 0.04838709677419355
1 0.23161764705882354 0.1639784946236559 0.04411764705882353 0.04838709677419355
1 0.27941176470588236 0.1774193548387097 0.04411764705882353 0.06451612903225806
1 0.25919117647058826 0.13440860215053763 0.03308823529411765 0.043010752688172046
1 0.24816176470588236 0.09946236559139784 0.04779411764705882 0.0913978494623656
1 0.2610294117647059 0.22849462365591397 0.0661764705882353 0.0913978494623656
1 0.3088235294117647 0.21236559139784947 0.03676470588235294 0.04838709677419355
1 0.1801470588235294 0.239247311827957 0.058823529411764705 0.08064516129032258
1 0.21507352941176472 0.2903225806451613 0.0625 0.06451612903225806
1 0.27389705882352944 0.2956989247311828 0.05514705882352941 0.08602150537634409
1 0.2261029411764706 0.3763440860215054 0.08455882352941177 0.11827956989247312
1 0.14338235294117646 0.271505376344086 0.058823529411764705 0.08064516129032258
1 0.08823529411764706 0.3118279569892473 0.08088235294117647 0.08602150537634409
1 0.07169117647058823 0.3602150537634409 0.08455882352941177 0.08602150537634409
1 0.03676470588235294 0.41397849462365593 0.07352941176470588 0.13978494623655913
1 0.10110294117647059 0.4838709677419355 0.08455882352941177 0.0967741935483871
1 0.04411764705882353 0.4946236559139785 0.03676470588235294 0.053763440860215055
1 0.016544117647058824 0.5268817204301075 0.03308823529411765 0.06451612903225806
1 0.13786764705882354 0.4543010752688172 0.03308823529411765 0.026881720430107527
1 0.13602941176470587 0.40591397849462363 0.03676470588235294 0.04838709677419355
1 0.1636029411764706 0.4112903225806452 0.03308823529411765 0.04838709677419355
1 0.16544117647058823 0.34946236559139787 0.03676470588235294 0.043010752688172046
1 0.24448529411764705 0.3225806451612903 0.03308823529411765 0.053763440860215055
1 0.34558823529411764 0.31451612903225806 0.029411764705882353 0.04838709677419355
1 0.31985294117647056 0.32526881720430106 0.029411764705882353 0.04838709677419355
1 0.27941176470588236 0.3172043010752688 0.051470588235294115 0.10752688172043011
1 0.29044117647058826 0.25 0.022058823529411766 0.03763440860215054
1 0.3125 0.2553763440860215 0.029411764705882353 0.04838709677419355
1 0.34191176470588236 0.24731182795698925 0.029411764705882353 0.043010752688172046
1 0.3584558823529412 0.239247311827957 0.025735294117647058 0.03763440860215054
1 0.33088235294117646 0.27956989247311825 0.029411764705882353 0.03225806451612903
1 0.3547794117647059 0.28225806451612906 0.025735294117647058 0.03763440860215054
1 0.3805147058823529 0.271505376344086 0.025735294117647058 0.026881720430107527
1 0.3915441176470588 0.40591397849462363 0.04044117647058824 0.04838709677419355
1 0.4007352941176471 0.3172043010752688 0.029411764705882353 0.043010752688172046
1 0.12683823529411764 0.7661290322580645 0.05514705882352941 0.06989247311827956
1 0.06801470588235294 0.771505376344086 0.05514705882352941 0.10215053763440861
1 0.01838235294117647 0.7741935483870968 0.03676470588235294 0.10752688172043011
1 0.012867647058823529 0.696236559139785 0.025735294117647058 0.04838709677419355
1 0.17279411764705882 0.5779569892473119 0.051470588235294115 0.04838709677419355
1 0.20955882352941177 0.543010752688172 0.04411764705882353 0.07526881720430108
1 0.20404411764705882 0.6505376344086021 0.05514705882352941 0.06451612903225806
1 0.2775735294117647 0.5725806451612904 0.04779411764705882 0.05913978494623656
1 0.2959558823529412 0.5349462365591398 0.06985294117647059 0.06989247311827956
1 0.14154411764705882 0.6720430107526881 0.05514705882352941 0.06451612903225806
1 0.14705882352941177 0.706989247311828 0.058823529411764705 0.04838709677419355
1 0.3547794117647059 0.5403225806451613 0.04044117647058824 0.05913978494623656
1 0.3713235294117647 0.5806451612903226 0.03676470588235294 0.06451612903225806
1 0.29963235294117646 0.532258064516129 0.05514705882352941 0.053763440860215055
1 0.08272058823529412 0.5994623655913979 0.16544117647058823 0.15591397849462366
1 0.23897058823529413 0.5268817204301075 0.29411764705882354 0.11827956989247312
1 0.18933823529411764 0.44086021505376344 0.01838235294117647 0.043010752688172046
1 0.20955882352941177 0.47043010752688175 0.022058823529411766 0.03763440860215054
1 0.23161764705882354 0.44086021505376344 0.022058823529411766 0.043010752688172046
1 0.2536764705882353 0.43548387096774194 0.029411764705882353 0.043010752688172046
1 0.28125 0.4327956989247312 0.025735294117647058 0.03763440860215054
1 0.2849264705882353 0.3924731182795699 0.025735294117647058 0.043010752688172046
1 0.29411764705882354 0.3736559139784946 0.029411764705882353 0.04838709677419355
1 0.4099264705882353 0.3870967741935484 0.20220588235294118 0.0967741935483871
1 0.46875 0.4032258064516129 0.07720588235294118 0.11827956989247312
1 0.375 0.40591397849462363 0.10294117647058823 0.12365591397849462
1 0.3382352941176471 0.49731182795698925 0.11029411764705882 0.22043010752688172
1 0.1488970588235294 0.8413978494623656 0.04779411764705882 0.0913978494623656
1 0.14522058823529413 0.9112903225806451 0.04779411764705882 0.06989247311827956