1 0.8563636363636363 0.48360655737704916 0.22181818181818183 0.3442622950819672
1 0.9709090909090909 0.5355191256830601 0.05090909090909091 0.1092896174863388
1 0.9454545454545454 0.6174863387978142 0.10181818181818182 0.09836065573770492
1 0.8909090909090909 0.819672131147541 0.2109090909090909 0.34972677595628415
1 0.6909090909090909 0.7622950819672131 0.20363636363636364 0.2896174863387978
1 0.8 0.680327868852459 0.09454545454545454 0.1366120218579235
1 0.6981818181818182 0.9344262295081968 0.21818181818181817 0.12021857923497267
1 0.5727272727272728 0.8989071038251366 0.12 0.16939890710382513
1 0.5 0.7131147540983607 0.20727272727272728 0.3224043715846995
1 0.64 0.6092896174863388 0.14545454545454545 0.14754098360655737
1 0.7236363636363636 0.48633879781420764 0.12363636363636364 0.29508196721311475
1 0.4727272727272727 0.5 0.19636363636363635 0.2568306010928962
1 0.610909090909091 0.4972677595628415 0.10181818181818182 0.13114754098360656
1 0.6309090909090909 0.3251366120218579 0.1709090909090909 0.2677595628415301
1 0.74 0.21584699453551912 0.16363636363636364 0.2568306010928962
1 0.5963636363636363 0.16939890710382513 0.15272727272727274 0.2185792349726776
1 0.5109090909090909 0.21311475409836064 0.06909090909090909 0.1092896174863388
1 0.49818181818181817 0.33879781420765026 0.14545454545454545 0.18579234972677597
1 0.3509090909090909 0.35792349726775957 0.19272727272727272 0.2459016393442623
1 0.39454545454545453 0.1912568306010929 0.13454545454545455 0.16393442622950818
1 0.28 0.11748633879781421 0.15272727272727274 0.22404371584699453
1 0.1781818181818182 0.25136612021857924 0.2109090909090909 0.16393442622950818
1 0.16545454545454547 0.4180327868852459 0.20727272727272728 0.2896174863387978
1 0.13818181818181818 0.7049180327868853 0.13818181818181818 0.273224043715847
1 0.08181818181818182 0.8907103825136612 0.16363636363636364 0.20765027322404372
1 0.25272727272727274 0.855191256830601 0.22181818181818183 0.2786885245901639
1 0.2927272727272727 0.5983606557377049 0.1781818181818182 0.2459016393442623
1 0.39454545454545453 0.7404371584699454 0.08363636363636363 0.16939890710382513
1 0.42727272727272725 0.9098360655737705 0.2290909090909091 0.16939890710382513
1 0.06727272727272728 0.6202185792349727 0.13454545454545455 0.3442622950819672
1 0.04363636363636364 0.3551912568306011 0.08727272727272728 0.25136612021857924
1 0.038181818181818185 0.17486338797814208 0.07636363636363637 0.2185792349726776