1 0.5017985611510791 0.6132596685082873 0.36330935251798563 0.5303867403314917
1 0.8075539568345323 0.8038674033149171 0.3776978417266187 0.3812154696132597
1 0.8057553956834532 0.4088397790055249 0.381294964028777 0.4972375690607735
1 0.6726618705035972 0.14917127071823205 0.15827338129496402 0.20994475138121546
1 0.5269784172661871 0.23756906077348067 0.17625899280575538 0.2983425414364641
1 0.30035971223021585 0.30386740331491713 0.26258992805755393 0.3867403314917127
1 0.17266187050359713 0.6712707182320442 0.302158273381295 0.5027624309392266
1 0.5845323741007195 0.06077348066298342 0.1474820143884892 0.12154696132596685
1 0.7158273381294964 0.08011049723756906 0.09352517985611511 0.13812154696132597
1 0.10431654676258993 0.2265193370165746 0.06474820143884892 0.06629834254143646
1 0.0539568345323741 0.3342541436464088 0.1079136690647482 0.30386740331491713