1 0.7618181818181818 0.9098360655737705 0.14909090909090908 0.16939890710382513
1 0.8363636363636363 0.8415300546448088 0.04363636363636364 0.08743169398907104
1 0.8818181818181818 0.6721311475409836 0.09818181818181818 0.22950819672131148
1 0.9236363636363636 0.46994535519125685 0.10909090909090909 0.19672131147540983
1 0.8163636363636364 0.43169398907103823 0.1781818181818182 0.26229508196721313
1 0.8454545454545455 0.27049180327868855 0.1709090909090909 0.20218579234972678
1 0.7636363636363637 0.18032786885245902 0.14545454545454545 0.20765027322404372
1 0.7163636363636363 0.4180327868852459 0.08 0.3005464480874317
1 0.62 0.45901639344262296 0.19272727272727272 0.29508196721311475
1 0.769090909090909 0.6885245901639344 0.20727272727272728 0.30601092896174864
1 0.6254545454545455 0.8360655737704918 0.15272727272727274 0.16393442622950818
1 0.6218181818181818 0.6939890710382514 0.13090909090909092 0.20765027322404372
1 0.610909090909091 0.9371584699453552 0.16727272727272727 0.11475409836065574
1 0.4890909090909091 0.9098360655737705 0.14909090909090908 0.16939890710382513
1 0.5181818181818182 0.7540983606557377 0.12727272727272726 0.17486338797814208
1 0.45636363636363636 0.6038251366120219 0.1709090909090909 0.18032786885245902
1 0.4909090909090909 0.5765027322404371 0.13090909090909092 0.22404371584699453
1 0.4818181818181818 0.39344262295081966 0.11272727272727273 0.19672131147540983
1 0.4781818181818182 0.27595628415300544 0.12 0.12568306010928962
1 0.6090909090909091 0.25956284153005466 0.13454545454545455 0.1912568306010929
1 0.6381818181818182 0.19672131147540983 0.11272727272727273 0.16393442622950818
1 0.6781818181818182 0.07923497267759563 0.09090909090909091 0.1366120218579235
1 0.5545454545454546 0.07650273224043716 0.1709090909090909 0.15300546448087432
1 0.45636363636363636 0.14754098360655737 0.11272727272727273 0.16393442622950818
1 0.5254545454545455 0.19398907103825136 0.04727272727272727 0.08196721311475409
1 0.3836363636363636 0.25956284153005466 0.07636363636363637 0.10382513661202186
1 0.33636363636363636 0.09289617486338798 0.10545454545454545 0.18579234972677597
1 0.3927272727272727 0.09836065573770492 0.09454545454545454 0.19672131147540983
1 0.28363636363636363 0.20218579234972678 0.13090909090909092 0.17486338797814208
1 0.33636363636363636 0.42896174863387976 0.21454545454545454 0.3551912568306011
1 0.29454545454545455 0.6830601092896175 0.15272727272727274 0.17486338797814208
1 0.32181818181818184 0.8715846994535519 0.2 0.23497267759562843
1 0.42363636363636364 0.9562841530054644 0.15636363636363637 0.07650273224043716
1 0.26 0.9590163934426229 0.14909090909090908 0.07103825136612021
1 0.23272727272727273 0.7978142076502732 0.11636363636363636 0.20765027322404372
1 0.14909090909090908 0.6612021857923497 0.09454545454545454 0.15300546448087432
1 0.11090909090909092 0.7950819672131147 0.13454545454545455 0.18032786885245902
1 0.15454545454545454 0.860655737704918 0.09090909090909091 0.11475409836065574
1 0.2109090909090909 0.5710382513661202 0.14545454545454545 0.22404371584699453
1 0.20363636363636364 0.40437158469945356 0.08 0.13114754098360656
1 0.08727272727272728 0.5109289617486339 0.12363636363636364 0.14754098360655737
1 0.06 0.6229508196721312 0.12 0.22950819672131148
1 0.11090909090909092 0.2978142076502732 0.1781818181818182 0.2568306010928962
1 0.16363636363636364 0.17759562841530055 0.12363636363636364 0.16939890710382513
1 0.25272727272727274 0.11202185792349727 0.06181818181818182 0.07103825136612021
1 0.22727272727272727 0.2923497267759563 0.06909090909090909 0.09289617486338798