1 0.1776061776061776 0.2963917525773196 0.32432432432432434 0.3247422680412371
1 0.29922779922779924 0.5103092783505154 0.1891891891891892 0.24742268041237114
1 0.333976833976834 0.788659793814433 0.18146718146718147 0.27835051546391754
1 0.3687258687258687 0.7216494845360825 0.14285714285714285 0.30927835051546393
1 0.4942084942084942 0.7474226804123711 0.16216216216216217 0.24742268041237114
1 0.5386100386100386 0.8762886597938144 0.18146718146718147 0.23711340206185566
1 0.6756756756756757 0.8762886597938144 0.13127413127413126 0.23711340206185566
1 0.805019305019305 0.8891752577319587 0.14285714285714285 0.211340206185567
1 0.7972972972972973 0.770618556701031 0.39768339768339767 0.4484536082474227
1 0.7934362934362934 0.729381443298969 0.1274131274131274 0.3865979381443299
1 0.9247104247104247 0.5283505154639175 0.14285714285714285 0.25257731958762886
1 0.9420849420849421 0.6855670103092784 0.10810810810810811 0.05154639175257732
1 0.833976833976834 0.4948453608247423 0.16216216216216217 0.18556701030927836
1 0.7393822393822393 0.5257731958762887 0.1583011583011583 0.13402061855670103
1 0.8378378378378378 0.5876288659793815 0.05405405405405406 0.09278350515463918
1 0.9111969111969112 0.23195876288659795 0.16988416988416988 0.30927835051546393
1 0.9227799227799228 0.3917525773195876 0.14671814671814673 0.10309278350515463
1 0.9575289575289575 0.09278350515463918 0.07722007722007722 0.17525773195876287
1 0.8494208494208494 0.04896907216494845 0.14671814671814673 0.0979381443298969
1 0.8088803088803089 0.20103092783505155 0.0888030888030888 0.10309278350515463
1 0.7239382239382239 0.07731958762886598 0.1274131274131274 0.15463917525773196
1 0.6814671814671814 0.27835051546391754 0.2972972972972973 0.38144329896907214
1 0.5135135135135135 0.4690721649484536 0.18532818532818532 0.27835051546391754
1 0.3667953667953668 0.9432989690721649 0.14671814671814673 0.10309278350515463
1 0.28185328185328185 0.9458762886597938 0.0694980694980695 0.0979381443298969
1 0.222007722007722 0.9097938144329897 0.09652509652509653 0.17010309278350516
1 0.1138996138996139 0.8350515463917526 0.2277992277992278 0.31958762886597936
1 0.23552123552123552 0.6675257731958762 0.09266409266409266 0.2422680412371134
1 0.1833976833976834 0.6417525773195877 0.08108108108108109 0.0979381443298969
1 0.09845559845559845 0.5798969072164949 0.1969111969111969 0.26288659793814434
1 0.3552123552123552 0.18298969072164947 0.06177606177606178 0.18041237113402062
1 0.3416988416988417 0.37628865979381443 0.0888030888030888 0.07216494845360824
1 0.42277992277992277 0.3427835051546392 0.16602316602316602 0.20103092783505155
1 0.4826254826254826 0.22422680412371135 0.16216216216216217 0.23195876288659795
1 0.6061776061776062 0.05154639175257732 0.10810810810810811 0.10309278350515463
1 0.5231660231660231 0.03865979381443299 0.08108108108108109 0.07731958762886598
1 0.5366795366795367 0.09278350515463918 0.11583011583011583 0.10309278350515463
1 0.44015444015444016 0.06701030927835051 0.10038610038610038 0.13402061855670103
1 0.35135135135135137 0.07474226804123711 0.138996138996139 0.14948453608247422
1 0.25675675675675674 0.12371134020618557 0.15057915057915058 0.17525773195876287
1 0.25675675675675674 0.020618556701030927 0.04247104247104247 0.030927835051546393
1 0.13320463320463322 0.08505154639175258 0.14285714285714285 0.17010309278350516
1 0.032818532818532815 0.06443298969072164 0.06563706563706563 0.12886597938144329
1 0.052123552123552123 0.22938144329896906 0.10424710424710425 0.26288659793814434
1 0.015444015444015444 0.39690721649484534 0.03088803088803089 0.09278350515463918
1 0.4980694980694981 0.49742268041237114 0.9961389961389961 0.9948453608247423