1 0.7236363636363636 0.680327868852459 0.3709090909090909 0.3879781420765027
1 0.5072727272727273 0.8770491803278688 0.11272727272727273 0.12568306010928962
1 0.9072727272727272 0.453551912568306 0.11272727272727273 0.15300546448087432
1 0.8272727272727273 0.16120218579234974 0.025454545454545455 0.03825136612021858
1 0.8636363636363636 0.15846994535519127 0.03272727272727273 0.03278688524590164
1 0.8872727272727273 0.18579234972677597 0.02181818181818182 0.03278688524590164
1 0.8545454545454545 0.1994535519125683 0.04363636363636364 0.03825136612021858
1 0.8418181818181818 0.23770491803278687 0.05454545454545454 0.03825136612021858
1 0.8836363636363637 0.25136612021857924 0.02909090909090909 0.0546448087431694
1 0.8345454545454546 0.28415300546448086 0.04727272727272727 0.04371584699453552
1 0.8727272727272727 0.30601092896174864 0.03636363636363636 0.06557377049180328
1 0.8381818181818181 0.33060109289617484 0.04727272727272727 0.04918032786885246
1 0.7818181818181819 0.3251366120218579 0.014545454545454545 0.03825136612021858
1 0.8036363636363636 0.3360655737704918 0.02909090909090909 0.0273224043715847
1 0.769090909090909 0.3551912568306011 0.01818181818181818 0.04371584699453552
1 0.7963636363636364 0.4016393442622951 0.014545454545454545 0.04918032786885246
1 0.8218181818181818 0.4016393442622951 0.02181818181818182 0.04918032786885246
1 0.7654545454545455 0.40710382513661203 0.025454545454545455 0.04918032786885246
1 0.7509090909090909 0.44808743169398907 0.03272727272727273 0.04371584699453552
1 0.7890909090909091 0.4453551912568306 0.02909090909090909 0.03825136612021858
1 0.8145454545454546 0.43989071038251365 0.02909090909090909 0.060109289617486336
1 0.8054545454545454 0.4918032786885246 0.025454545454545455 0.0546448087431694
1 0.7818181818181819 0.4972677595628415 0.02909090909090909 0.06557377049180328
1 0.7472727272727273 0.505464480874317 0.04 0.04918032786885246
1 0.7163636363636363 0.5081967213114754 0.03636363636363636 0.0546448087431694
1 0.6927272727272727 0.35792349726775957 0.12 0.18032786885245902
1 0.7563636363636363 0.27049180327868855 0.02909090909090909 0.060109289617486336
1 0.7709090909090909 0.21311475409836064 0.03636363636363636 0.08743169398907104
1 0.730909090909091 0.2185792349726776 0.03636363636363636 0.06557377049180328
1 0.7163636363636363 0.15027322404371585 0.05818181818181818 0.09289617486338798
1 0.66 0.18579234972677597 0.06181818181818182 0.07650273224043716
1 0.6381818181818182 0.25956284153005466 0.05454545454545454 0.07103825136612021
1 0.6890909090909091 0.23224043715846995 0.04727272727272727 0.060109289617486336
1 0.6163636363636363 0.3224043715846995 0.07636363636363637 0.1092896174863388
1 0.6327272727272727 0.5109289617486339 0.12363636363636364 0.15846994535519127
1 0.4818181818181818 0.7076502732240437 0.11272727272727273 0.1912568306010929
1 0.4509090909090909 0.8360655737704918 0.09454545454545454 0.08743169398907104
1 0.38181818181818183 0.8661202185792349 0.07272727272727272 0.10382513661202186
1 0.3690909090909091 0.7076502732240437 0.12727272727272726 0.21311475409836064
1 0.25636363636363635 0.7704918032786885 0.10545454545454545 0.15300546448087432
1 0.1618181818181818 0.860655737704918 0.09818181818181818 0.15846994535519127
1 0.17454545454545456 0.680327868852459 0.09454545454545454 0.1366120218579235
1 0.26 0.6174863387978142 0.08363636363636363 0.15300546448087432
1 0.21818181818181817 0.5382513661202186 0.07272727272727272 0.10382513661202186
1 0.13454545454545455 0.5846994535519126 0.08 0.12021857923497267
1 0.09818181818181818 0.5081967213114754 0.08 0.09836065573770492
1 0.1890909090909091 0.4781420765027322 0.05818181818181818 0.08196721311475409
1 0.42727272727272725 0.32786885245901637 0.09818181818181818 0.15300546448087432
1 0.4672727272727273 0.2568306010928962 0.07636363636363637 0.08743169398907104
1 0.39454545454545453 0.15846994535519127 0.12 0.16393442622950818
1 0.5218181818181818 0.16120218579234974 0.14909090909090908 0.20218579234972678
1 0.18181818181818182 0.22404371584699453 0.10909090909090909 0.19672131147540983
1 0.26545454545454544 0.21584699453551912 0.12363636363636364 0.14754098360655737
1 0.12727272727272726 0.3442622950819672 0.08727272727272728 0.1092896174863388
1 0.14363636363636365 0.41530054644808745 0.09090909090909091 0.08743169398907104
1 0.4072727272727273 0.24863387978142076 0.03636363636363636 0.04918032786885246
1 0.37636363636363634 0.2650273224043716 0.025454545454545455 0.04918032786885246
1 0.3563636363636364 0.25956284153005466 0.03636363636363636 0.04918032786885246
1 0.32727272727272727 0.27049180327868855 0.03636363636363636 0.04918032786885246
1 0.29454545454545455 0.24863387978142076 0.04363636363636364 0.060109289617486336
1 0.2927272727272727 0.29508196721311475 0.04 0.0546448087431694
1 0.2672727272727273 0.3224043715846995 0.04 0.06557377049180328
1 0.3 0.34153005464480873 0.03272727272727273 0.04918032786885246
1 0.3418181818181818 0.35792349726775957 0.04363636363636364 0.04918032786885246
1 0.37636363636363634 0.3333333333333333 0.03272727272727273 0.06557377049180328
1 0.3690909090909091 0.37158469945355194 0.01090909090909091 0.02185792349726776
1 0.3236363636363636 0.40437158469945356 0.02909090909090909 0.06557377049180328
1 0.36727272727272725 0.40710382513661203 0.05090909090909091 0.03825136612021858
1 0.3 0.4180327868852459 0.04 0.060109289617486336
1 0.28363636363636363 0.3743169398907104 0.02909090909090909 0.03825136612021858
1 0.20727272727272728 0.32786885245901637 0.02909090909090909 0.0546448087431694
1 0.22727272727272727 0.31693989071038253 0.01818181818181818 0.0546448087431694
1 0.22 0.38524590163934425 0.025454545454545455 0.07103825136612021
1 0.1890909090909091 0.4344262295081967 0.05090909090909091 0.060109289617486336
1 0.2290909090909091 0.43989071038251365 0.02909090909090909 0.04918032786885246
1 0.18545454545454546 0.3633879781420765 0.03636363636363636 0.07103825136612021
1 0.5436363636363636 0.46174863387978143 0.025454545454545455 0.366120218579235
1 0.5454545454545454 0.4644808743169399 0.04363636363636364 0.39344262295081966
1 0.5672727272727273 0.41530054644808745 0.08727272727272728 0.09836065573770492
1 0.42727272727272725 0.4562841530054645 0.2290909090909091 0.12568306010928962
1 0.4818181818181818 0.4371584699453552 0.06909090909090909 0.22950819672131148
1 0.5290909090909091 0.2568306010928962 0.09090909090909091 0.12021857923497267
1 0.39090909090909093 0.4262295081967213 0.14909090909090908 0.07650273224043716
1 0.30363636363636365 0.5355191256830601 0.08363636363636363 0.13114754098360656
1 0.39636363636363636 0.5245901639344263 0.14545454545454545 0.08743169398907104