1 0.7329317269076305 0.806930693069307 0.19678714859437751 0.31683168316831684
1 0.9036144578313253 0.8564356435643564 0.18473895582329317 0.26732673267326734
1 0.9678714859437751 0.9678217821782178 0.05622489959839357 0.054455445544554455
1 0.5963855421686747 0.7821782178217822 0.25301204819277107 0.42574257425742573
1 0.4819277108433735 0.7945544554455446 0.26506024096385544 0.400990099009901
1 0.46987951807228917 0.11386138613861387 0.11244979919678715 0.13861386138613863
1 0.9257028112449799 0.15594059405940594 0.14056224899598393 0.3118811881188119
1 0.3353413654618474 0.13861386138613863 0.18875502008032127 0.13861386138613863
1 0.024096385542168676 0.3292079207920792 0.04819277108433735 0.22277227722772278
1 0.04618473895582329 0.04207920792079208 0.09236947791164658 0.08415841584158416
1 0.11646586345381527 0.14603960396039603 0.23293172690763053 0.29207920792079206
1 0.06626506024096386 0.22524752475247525 0.10843373493975904 0.13366336633663367
1 0.27710843373493976 0.297029702970297 0.3614457831325301 0.1485148514851485
1 0.5 0.41336633663366334 0.18875502008032127 0.19306930693069307
1 0.6646586345381527 0.37376237623762376 0.12449799196787148 0.07425742574257425
1 0.8775100401606426 0.32425742574257427 0.11646586345381527 0.034653465346534656
1 0.5401606425702812 0.49504950495049505 0.14859437751004015 0.19801980198019803
1 0.42168674698795183 0.5618811881188119 0.08835341365461848 0.10396039603960396
1 0.39156626506024095 0.5148514851485149 0.04417670682730924 0.0594059405940594
1 0.3654618473895582 0.47277227722772275 0.0642570281124498 0.054455445544554455
1 0.41566265060240964 0.039603960396039604 0.09236947791164658 0.07920792079207921
1 0.35943775100401604 0.8193069306930693 0.12449799196787148 0.12376237623762376
1 0.26305220883534136 0.698019801980198 0.08433734939759036 0.0891089108910891
1 0.3092369477911647 0.6410891089108911 0.08032128514056225 0.06435643564356436
1 0.3493975903614458 0.7277227722772277 0.05622489959839357 0.09900990099009901
1 0.3353413654618474 0.9183168316831684 0.10843373493975904 0.054455445544554455
1 0.3433734939759036 0.9579207920792079 0.13253012048192772 0.07425742574257425
1 0.18473895582329317 0.7871287128712872 0.08032128514056225 0.07920792079207921
1 0.15261044176706828 0.7623762376237624 0.0642570281124498 0.0594059405940594
1 0.26104417670682734 0.8044554455445545 0.08032128514056225 0.10396039603960396
1 0.07028112449799197 0.8366336633663366 0.14056224899598393 0.31683168316831684
1 0.2389558232931727 0.8663366336633663 0.25301204819277107 0.25742574257425743
1 0.38755020080321284 0.9257425742574258 0.1646586345381526 0.13861386138613863
1 0.7971887550200804 0.5792079207920792 0.060240963855421686 0.04950495049504951
1 0.8493975903614458 0.5816831683168316 0.04417670682730924 0.054455445544554455
1 0.8815261044176707 0.5594059405940595 0.04417670682730924 0.0594059405940594
1 0.9076305220883534 0.5816831683168316 0.0321285140562249 0.034653465346534656
1 0.8995983935742972 0.6014851485148515 0.04819277108433735 0.034653465346534656
1 0.8614457831325302 0.6138613861386139 0.028112449799196786 0.019801980198019802
1 0.9497991967871486 0.599009900990099 0.04417670682730924 0.039603960396039604
1 0.9618473895582329 0.5742574257425742 0.03614457831325301 0.039603960396039604
1 0.9538152610441767 0.5396039603960396 0.04417670682730924 0.04950495049504951
1 0.9397590361445783 0.4900990099009901 0.04819277108433735 0.0594059405940594
1 0.9819277108433735 0.49257425742574257 0.028112449799196786 0.054455445544554455
1 0.9116465863453815 0.4752475247524752 0.040160642570281124 0.06930693069306931
1 0.9196787148594378 0.5445544554455446 0.0321285140562249 0.0594059405940594
1 0.8895582329317269 0.5148514851485149 0.028112449799196786 0.0297029702970297
1 0.8614457831325302 0.4876237623762376 0.04417670682730924 0.04455445544554455
1 0.9618473895582329 0.4504950495049505 0.03614457831325301 0.04950495049504951
1 0.9859437751004017 0.44554455445544555 0.020080321285140562 0.0297029702970297
1 0.9859437751004017 0.41089108910891087 0.020080321285140562 0.019801980198019802
1 0.9497991967871486 0.41089108910891087 0.03614457831325301 0.0594059405940594
1 0.9176706827309237 0.36633663366336633 0.04417670682730924 0.04950495049504951
1 0.9016064257028112 0.38366336633663367 0.03614457831325301 0.04455445544554455
1 0.9156626506024096 0.4282178217821782 0.040160642570281124 0.054455445544554455
1 0.8674698795180723 0.4430693069306931 0.04819277108433735 0.034653465346534656
1 0.8714859437751004 0.4084158415841584 0.0321285140562249 0.024752475247524754
1 0.8594377510040161 0.3787128712871287 0.040160642570281124 0.04455445544554455
1 0.8333333333333334 0.37623762376237624 0.028112449799196786 0.039603960396039604
1 0.8353413654618473 0.42326732673267325 0.040160642570281124 0.04455445544554455
1 0.8353413654618473 0.452970297029703 0.0321285140562249 0.034653465346534656
1 0.8273092369477911 0.5198019801980198 0.04819277108433735 0.06930693069306931
1 0.7971887550200804 0.5321782178217822 0.03614457831325301 0.04455445544554455
1 0.8072289156626506 0.4900990099009901 0.040160642570281124 0.04950495049504951
1 0.8012048192771084 0.452970297029703 0.03614457831325301 0.04455445544554455
1 0.7911646586345381 0.41336633663366334 0.05622489959839357 0.06435643564356436
1 0.748995983935743 0.42574257425742573 0.03614457831325301 0.039603960396039604
1 0.7730923694779116 0.38613861386138615 0.03614457831325301 0.039603960396039604
1 0.7269076305220884 0.400990099009901 0.040160642570281124 0.039603960396039604
1 0.7168674698795181 0.43564356435643564 0.04417670682730924 0.039603960396039604
1 0.6767068273092369 0.452970297029703 0.04417670682730924 0.054455445544554455
1 0.6506024096385542 0.4628712871287129 0.040160642570281124 0.06435643564356436
1 0.6265060240963856 0.4504950495049505 0.0321285140562249 0.0594059405940594
1 0.6566265060240963 0.5222772277227723 0.05220883534136546 0.06435643564356436
1 0.6827309236947792 0.5544554455445545 0.0321285140562249 0.039603960396039604
1 0.7048192771084337 0.5272277227722773 0.03614457831325301 0.054455445544554455
1 0.7429718875502008 0.5 0.040160642570281124 0.039603960396039604
1 0.7570281124497992 0.47029702970297027 0.05220883534136546 0.0594059405940594
1 0.751004016064257 0.5495049504950495 0.04819277108433735 0.0594059405940594
1 0.16666666666666666 0.5173267326732673 0.3333333333333333 0.12376237623762376
1 0.13253012048192772 0.599009900990099 0.26506024096385544 0.06930693069306931
1 0.6827309236947792 0.15346534653465346 0.37751004016064255 0.16831683168316833