1 0.12 0.3288888888888889 0.19555555555555557 0.24
1 0.38222222222222224 0.10888888888888888 0.2222222222222222 0.21777777777777776
1 0.5422222222222223 0.12444444444444444 0.19555555555555557 0.1688888888888889
1 0.6533333333333333 0.3 0.2311111111111111 0.26222222222222225
1 0.6977777777777778 0.7777777777777778 0.1511111111111111 0.12444444444444444
1 0.7777777777777778 0.88 0.08888888888888889 0.08888888888888889
1 0.7844444444444445 0.9111111111111111 0.16444444444444445 0.11555555555555555
1 0.5133333333333333 0.7977777777777778 0.17333333333333334 0.3333333333333333
1 0.3111111111111111 0.7377777777777778 0.4088888888888889 0.13333333333333333
1 0.38 0.8755555555555555 0.10222222222222223 0.13333333333333333
1 0.14666666666666667 0.7466666666666667 0.13333333333333333 0.18666666666666668
1 0.4177777777777778 0.5755555555555556 0.14222222222222222 0.2088888888888889
1 0.32 0.37555555555555553 0.28444444444444444 0.28888888888888886
1 0.5044444444444445 0.25555555555555554 0.1111111111111111 0.03111111111111111
1 0.26 0.4 0.06666666666666667 0.4088888888888889
1 0.2288888888888889 0.2088888888888889 0.04 0.13333333333333333
1 0.20666666666666667 0.16444444444444445 0.10222222222222223 0.11555555555555555
1 0.14222222222222222 0.14888888888888888 0.044444444444444446 0.1288888888888889
1 0.17333333333333334 0.1288888888888889 0.06222222222222222 0.08888888888888889
1 0.4777777777777778 0.5333333333333333 0.12 0.11555555555555555
1 0.4222222222222222 0.5866666666666667 0.1511111111111111 0.17777777777777778
1 0.7933333333333333 0.27111111111111114 0.14666666666666667 0.2577777777777778
1 0.8311111111111111 0.5066666666666667 0.1688888888888889 0.2222222222222222
1 0.9288888888888889 0.6622222222222223 0.13333333333333333 0.2311111111111111
1 0.9355555555555556 0.39555555555555555 0.12 0.2577777777777778
1 0.024444444444444446 0.32666666666666666 0.04888888888888889 0.16444444444444445
1 0.49777777777777776 0.4888888888888889 0.9955555555555555 0.9777777777777777