1 0.8416988416988417 0.7371134020618557 0.2625482625482625 0.4020618556701031
1 0.9073359073359073 0.8195876288659794 0.1776061776061776 0.35051546391752575
1 0.915057915057915 0.5025773195876289 0.16216216216216217 0.28350515463917525
1 0.9015444015444015 0.18556701030927836 0.1891891891891892 0.3711340206185567
1 0.974903474903475 0.020618556701030927 0.04247104247104247 0.041237113402061855
1 0.7895752895752896 0.11082474226804123 0.25096525096525096 0.22164948453608246
1 0.7567567567567568 0.2422680412371134 0.0694980694980695 0.09278350515463918
1 0.7664092664092664 0.14432989690721648 0.09652509652509653 0.09278350515463918
1 0.7046332046332047 0.17783505154639176 0.07335907335907337 0.0979381443298969
1 0.693050193050193 0.26288659793814434 0.07335907335907337 0.1134020618556701
1 0.6467181467181468 0.33505154639175255 0.09652509652509653 0.12371134020618557
1 0.6814671814671814 0.38402061855670105 0.11196911196911197 0.13917525773195877
1 0.6235521235521235 0.5025773195876289 0.07335907335907337 0.13917525773195877
1 0.6042471042471043 0.41494845360824745 0.05791505791505792 0.07731958762886598
1 0.5772200772200772 0.33505154639175255 0.05019305019305019 0.07216494845360824
1 0.5366795366795367 0.2809278350515464 0.04633204633204633 0.04639175257731959
1 0.5791505791505791 0.2551546391752577 0.06177606177606178 0.07731958762886598
1 0.6351351351351351 0.24484536082474226 0.04247104247104247 0.04639175257731959
1 0.5656370656370656 0.18814432989690721 0.04247104247104247 0.06701030927835051
1 0.6274131274131274 0.18041237113402062 0.0888030888030888 0.18556701030927836
1 0.5579150579150579 0.09536082474226804 0.08108108108108109 0.11855670103092783
1 0.5135135135135135 0.05412371134020619 0.03088803088803089 0.05670103092783505
1 0.637065637065637 0.059278350515463915 0.2471042471042471 0.11855670103092783
1 0.4266409266409266 0.22164948453608246 0.25096525096525096 0.29896907216494845
1 0.4826254826254826 0.4845360824742268 0.2548262548262548 0.38144329896907214
1 0.6756756756756757 0.4329896907216495 0.4942084942084942 0.7319587628865979
1 0.6621621621621622 0.7680412371134021 0.0888030888030888 0.1134020618556701
1 0.6833976833976834 0.8324742268041238 0.08494208494208494 0.12886597938144329
1 0.7162162162162162 0.9226804123711341 0.21235521235521235 0.14432989690721648
1 0.26833976833976836 0.06443298969072164 0.26640926640926643 0.12886597938144329
1 0.33204633204633205 0.13402061855670103 0.16216216216216217 0.26804123711340205
1 0.3803088803088803 0.22164948453608246 0.17374517374517376 0.44329896907216493
1 0.38996138996138996 0.327319587628866 0.2471042471042471 0.654639175257732
1 0.39768339768339767 0.7319587628865979 0.2084942084942085 0.21649484536082475
1 0.43243243243243246 0.8917525773195877 0.0694980694980695 0.10309278350515463
1 0.46525096525096526 0.9432989690721649 0.04247104247104247 0.05154639175257732
1 0.4864864864864865 0.9871134020618557 0.023166023166023165 0.015463917525773196
1 0.5057915057915058 0.9484536082474226 0.03861003861003861 0.041237113402061855
1 0.5212355212355212 0.9768041237113402 0.03861003861003861 0.02577319587628866
1 0.5579150579150579 0.9587628865979382 0.05791505791505792 0.07216494845360824
1 0.6061776061776062 0.9716494845360825 0.05405405405405406 0.04639175257731959
1 0.5907335907335908 0.9252577319587629 0.03861003861003861 0.07731958762886598
1 0.6042471042471043 0.8685567010309279 0.04247104247104247 0.05670103092783505
1 0.611969111969112 0.8067010309278351 0.04247104247104247 0.07731958762886598
1 0.6602316602316602 0.7757731958762887 0.08494208494208494 0.0979381443298969
1 0.5675675675675675 0.8195876288659794 0.06177606177606178 0.061855670103092786
1 0.5501930501930502 0.8814432989690721 0.05791505791505792 0.08247422680412371
1 0.5212355212355212 0.8350515463917526 0.06177606177606178 0.061855670103092786
1 0.4671814671814672 0.8247422680412371 0.04633204633204633 0.05154639175257732
1 0.4420849420849421 0.8144329896907216 0.02702702702702703 0.05154639175257732
1 0.3687258687258687 0.8865979381443299 0.05019305019305019 0.07216494845360824
1 0.38223938223938225 0.845360824742268 0.03088803088803089 0.020618556701030927
1 0.36486486486486486 0.9355670103092784 0.04247104247104247 0.04639175257731959
1 0.3938223938223938 0.9587628865979382 0.04633204633204633 0.07216494845360824
1 0.4362934362934363 0.9716494845360825 0.05405405405405406 0.04639175257731959
1 0.3166023166023166 0.6804123711340206 0.04633204633204633 0.041237113402061855
1 0.2799227799227799 0.48711340206185566 0.1969111969111969 0.33505154639175255
1 0.40733590733590735 0.22164948453608246 0.305019305019305 0.28865979381443296
1 0.11776061776061776 0.18298969072164947 0.21235521235521235 0.36597938144329895
1 0.32625482625482627 0.12628865979381443 0.05791505791505792 0.06701030927835051
1 0.025096525096525095 0.27319587628865977 0.05019305019305019 0.5463917525773195
1 0.14671814671814673 0.5618556701030928 0.29343629343629346 0.865979381443299
1 0.16602316602316602 0.634020618556701 0.08494208494208494 0.21649484536082475
1 0.222007722007722 0.6572164948453608 0.02702702702702703 0.05670103092783505
1 0.23938223938223938 0.6881443298969072 0.04633204633204633 0.06701030927835051
1 0.222007722007722 0.7164948453608248 0.07335907335907337 0.07216494845360824
1 0.222007722007722 0.7628865979381443 0.05019305019305019 0.07216494845360824
1 0.1776061776061776 0.7525773195876289 0.04633204633204633 0.061855670103092786
1 0.1274131274131274 0.7551546391752577 0.03088803088803089 0.03608247422680412
1 0.1776061776061776 0.8221649484536082 0.04633204633204633 0.06701030927835051
1 0.2277992277992278 0.8427835051546392 0.05405405405405406 0.0979381443298969
1 0.1833976833976834 0.8891752577319587 0.05791505791505792 0.06701030927835051
1 0.17567567567567569 0.9561855670103093 0.05791505791505792 0.07731958762886598
1 0.2084942084942085 0.9690721649484536 0.03861003861003861 0.05154639175257732
1 0.22586872586872586 0.961340206185567 0.03474903474903475 0.06701030927835051
1 0.17567567567567569 0.9381443298969072 0.1274131274131274 0.1134020618556701
1 0.11583011583011583 0.8608247422680413 0.09266409266409266 0.15463917525773196
1 0.4980694980694981 0.49742268041237114 0.9961389961389961 0.9948453608247423