1 0.5636363636363636 0.2896174863387978 0.09454545454545454 0.15300546448087432
1 0.64 0.3551912568306011 0.10909090909090909 0.13114754098360656
1 0.64 0.45901639344262296 0.08727272727272728 0.17486338797814208
1 0.7454545454545455 0.505464480874317 0.10909090909090909 0.14754098360655737
1 0.84 0.5819672131147541 0.09454545454545454 0.1366120218579235
1 0.8418181818181818 0.7103825136612022 0.06909090909090909 0.12021857923497267
1 0.7472727272727273 0.73224043715847 0.12 0.15300546448087432
1 0.7490909090909091 0.6284153005464481 0.09454545454545454 0.08743169398907104
1 0.6745454545454546 0.5683060109289617 0.06909090909090909 0.15300546448087432
1 0.6236363636363637 0.6584699453551912 0.09818181818181818 0.16939890710382513
1 0.6581818181818182 0.773224043715847 0.12363636363636364 0.10382513661202186
1 0.5618181818181818 0.7295081967213115 0.08363636363636363 0.18032786885245902
1 0.49818181818181817 0.7868852459016393 0.09454545454545454 0.15300546448087432
1 0.4218181818181818 0.7595628415300546 0.06545454545454546 0.1092896174863388
1 0.33454545454545453 0.7704918032786885 0.11636363636363636 0.14207650273224043
1 0.3690909090909091 0.6693989071038251 0.09818181818181818 0.07103825136612021
1 0.44 0.6502732240437158 0.08727272727272728 0.13114754098360656
1 0.4890909090909091 0.6092896174863388 0.11272727272727273 0.16939890710382513
1 0.54 0.5765027322404371 0.04 0.04918032786885246
1 0.5654545454545454 0.4808743169398907 0.08363636363636363 0.15300546448087432
1 0.5036363636363637 0.2978142076502732 0.05454545454545454 0.04918032786885246
1 0.5 0.3633879781420765 0.06909090909090909 0.10382513661202186
1 0.14727272727272728 0.5191256830601093 0.12 0.12021857923497267
1 0.12545454545454546 0.6366120218579235 0.08363636363636363 0.09289617486338798
1 0.14 0.7486338797814208 0.09818181818181818 0.17486338797814208
1 0.19636363636363635 0.680327868852459 0.09454545454545454 0.16939890710382513
1 0.23636363636363636 0.7540983606557377 0.09454545454545454 0.12021857923497267
1 0.2872727272727273 0.639344262295082 0.10181818181818182 0.18579234972677597
1 0.35818181818181816 0.5956284153005464 0.09090909090909091 0.09836065573770492
1 0.44545454545454544 0.5027322404371585 0.12727272727272726 0.18579234972677597
1 0.41454545454545455 0.37158469945355194 0.11636363636363636 0.12021857923497267
1 0.4090909090909091 0.31420765027322406 0.11272727272727273 0.09289617486338798
1 0.33454545454545453 0.3797814207650273 0.07272727272727272 0.060109289617486336
1 0.32727272727272727 0.453551912568306 0.08 0.14207650273224043
1 0.25636363636363635 0.45081967213114754 0.09090909090909091 0.15846994535519127