1 0.45604395604395603 0.16486486486486487 0.38461538461538464 0.25405405405405407
1 0.6172161172161172 0.22972972972972974 0.2454212454212454 0.21081081081081082
1 0.7637362637362637 0.1810810810810811 0.18681318681318682 0.14594594594594595
1 0.7545787545787546 0.4297297297297297 0.3076923076923077 0.21081081081081082
1 0.7344322344322345 0.6 0.25274725274725274 0.1945945945945946
1 0.8864468864468864 0.5567567567567567 0.12454212454212454 0.11891891891891893
1 0.8736263736263736 0.6675675675675675 0.17216117216117216 0.14594594594594595
1 0.6794871794871795 0.7189189189189189 0.28205128205128205 0.24864864864864866
1 0.7692307692307693 0.7945945945945946 0.336996336996337 0.14054054054054055
1 0.47619047619047616 0.7243243243243244 0.30036630036630035 0.31351351351351353
1 0.2509157509157509 0.745945945945946 0.2454212454212454 0.22702702702702704
1 0.4175824175824176 0.8216216216216217 0.11721611721611722 0.11891891891891893
1 0.26373626373626374 0.5243243243243243 0.21245421245421245 0.42162162162162165
1 0.3791208791208791 0.527027027027027 0.14285714285714285 0.23243243243243245
1 0.11904761904761904 0.41621621621621624 0.20146520146520147 0.4
1 0.2619047619047619 0.42162162162162165 0.31868131868131866 0.4
1 0.489010989010989 0.46216216216216216 0.9267399267399268 0.8378378378378378