1 0.4573643410852713 0.18461538461538463 0.03875968992248062 0.08205128205128205
1 0.29457364341085274 0.15384615384615385 0.046511627906976744 0.09230769230769231
1 0.37790697674418605 0.14102564102564102 0.08139534883720931 0.07692307692307693
1 0.17635658914728683 0.11794871794871795 0.06589147286821706 0.06153846153846154
1 0.14728682170542637 0.0641025641025641 0.046511627906976744 0.09743589743589744
1 0.050387596899224806 0.08974358974358974 0.05426356589147287 0.09743589743589744
1 0.12015503875968993 0.023076923076923078 0.05426356589147287 0.046153846153846156
1 0.21705426356589147 0.028205128205128206 0.06976744186046512 0.05641025641025641
1 0.26356589147286824 0.09230769230769231 0.06201550387596899 0.05128205128205128
1 0.3081395348837209 0.05384615384615385 0.050387596899224806 0.09743589743589744
1 0.3682170542635659 0.06153846153846154 0.05426356589147287 0.08205128205128205
1 0.42248062015503873 0.07948717948717948 0.05426356589147287 0.09743589743589744
1 0.46511627906976744 0.08974358974358974 0.046511627906976744 0.08717948717948718
1 0.5251937984496124 0.12051282051282051 0.05813953488372093 0.05641025641025641
1 0.5232558139534884 0.06666666666666667 0.06976744186046512 0.05128205128205128
1 0.5775193798449613 0.10256410256410256 0.046511627906976744 0.06153846153846154
1 0.6375968992248062 0.1 0.05813953488372093 0.08717948717948718
1 0.689922480620155 0.1282051282051282 0.03875968992248062 0.08205128205128205
1 0.7441860465116279 0.09743589743589744 0.046511627906976744 0.07179487179487179
1 0.7325581395348837 0.03076923076923077 0.023255813953488372 0.06153846153846154
1 0.6821705426356589 0.017948717948717947 0.03875968992248062 0.035897435897435895
1 0.6472868217054264 0.035897435897435895 0.05426356589147287 0.03076923076923077
1 0.6976744186046512 0.03076923076923077 0.03875968992248062 0.06153846153846154
1 0.7112403100775194 0.07948717948717948 0.03488372093023256 0.046153846153846156
1 0.6201550387596899 0.015384615384615385 0.06201550387596899 0.03076923076923077
1 0.5794573643410853 0.041025641025641026 0.05813953488372093 0.05128205128205128
1 0.5232558139534884 0.020512820512820513 0.06976744186046512 0.041025641025641026
1 0.46511627906976744 0.020512820512820513 0.046511627906976744 0.041025641025641026
1 0.4263565891472868 0.02564102564102564 0.046511627906976744 0.05128205128205128
1 0.3875968992248062 0.020512820512820513 0.046511627906976744 0.041025641025641026
1 0.3391472868217054 0.01282051282051282 0.04263565891472868 0.02564102564102564
1 0.9476744186046512 0.15897435897435896 0.050387596899224806 0.09230769230769231
1 0.9573643410852714 0.31794871794871793 0.046511627906976744 0.07179487179487179
1 0.8236434108527132 0.3333333333333333 0.03488372093023256 0.08205128205128205
1 0.8372093023255814 0.38974358974358975 0.046511627906976744 0.06153846153846154
1 0.877906976744186 0.4256410256410256 0.03488372093023256 0.07179487179487179
1 0.7906976744186046 0.43846153846153846 0.046511627906976744 0.05641025641025641
1 0.75 0.40512820512820513 0.04263565891472868 0.041025641025641026
1 0.7151162790697675 0.3974358974358974 0.027131782945736434 0.06666666666666667
1 0.6744186046511628 0.41794871794871796 0.046511627906976744 0.06666666666666667
1 0.6511627906976745 0.4717948717948718 0.06976744186046512 0.05128205128205128
1 0.5968992248062015 0.5358974358974359 0.046511627906976744 0.05641025641025641
1 0.6085271317829457 0.5871794871794872 0.05426356589147287 0.06666666666666667
1 0.5348837209302325 0.5820512820512821 0.03875968992248062 0.07692307692307693
1 0.625968992248062 0.8358974358974359 0.050387596899224806 0.07179487179487179
1 0.7306201550387597 0.9051282051282051 0.05813953488372093 0.06666666666666667
1 0.7325581395348837 0.558974358974359 0.046511627906976744 0.07179487179487179
1 0.7577519379844961 0.45897435897435895 0.050387596899224806 0.046153846153846156
1 0.7790697674418605 0.5025641025641026 0.05426356589147287 0.05128205128205128
1 0.8468992248062015 0.5435897435897435 0.050387596899224806 0.06153846153846154
1 0.7965116279069767 0.5615384615384615 0.05813953488372093 0.05641025641025641
1 0.9089147286821705 0.5512820512820513 0.04263565891472868 0.07692307692307693
1 0.9476744186046512 0.5692307692307692 0.03488372093023256 0.08205128205128205
1 0.8875968992248062 0.7923076923076923 0.21705426356589147 0.40512820512820513
1 0.1375968992248062 0.1641025641025641 0.2751937984496124 0.3282051282051282
1 0.7383720930232558 0.19487179487179487 0.5155038759689923 0.38974358974358975
1 0.8817829457364341 0.43846153846153846 0.22868217054263565 0.39487179487179486
1 0.05232558139534884 0.5025641025641026 0.10465116279069768 0.27692307692307694
1 0.42248062015503873 0.8564102564102564 0.05426356589147287 0.10256410256410256
1 0.42054263565891475 0.7435897435897436 0.06589147286821706 0.05128205128205128
1 0.3546511627906977 0.8153846153846154 0.04263565891472868 0.06153846153846154
1 0.3643410852713178 0.9230769230769231 0.07751937984496124 0.06153846153846154
1 0.3062015503875969 0.8974358974358975 0.046511627906976744 0.08205128205128205
1 0.25193798449612403 0.9 0.06976744186046512 0.08717948717948718
1 0.27906976744186046 0.9641025641025641 0.07751937984496124 0.06153846153846154
1 0.20930232558139536 0.9743589743589743 0.05426356589147287 0.041025641025641026
1 0.18604651162790697 0.9435897435897436 0.07751937984496124 0.08205128205128205
1 0.14534883720930233 0.8282051282051283 0.05813953488372093 0.06666666666666667
1 0.45930232558139533 0.6923076923076923 0.050387596899224806 0.05128205128205128
1 0.046511627906976744 0.7205128205128205 0.07751937984496124 0.06666666666666667
1 0.09883720930232558 0.676923076923077 0.06589147286821706 0.07179487179487179
1 0.1569767441860465 0.6282051282051282 0.08139534883720931 0.1282051282051282
1 0.04263565891472868 0.8717948717948718 0.08527131782945736 0.07179487179487179
1 0.0872093023255814 0.7923076923076923 0.07364341085271318 0.11794871794871795
1 0.28294573643410853 0.8025641025641026 0.05426356589147287 0.11794871794871795
1 0.25775193798449614 0.6282051282051282 0.06589147286821706 0.05641025641025641
1 0.21511627906976744 0.4897435897435897 0.08914728682170543 0.07692307692307693
1 0.374031007751938 0.5333333333333333 0.050387596899224806 0.10256410256410256
1 0.562015503875969 0.9 0.06976744186046512 0.05641025641025641
1 0.24612403100775193 0.7256410256410256 0.47674418604651164 0.5384615384615384
1 0.6666666666666666 0.7205128205128205 0.40310077519379844 0.5487179487179488
1 0.04263565891472868 0.33589743589743587 0.08527131782945736 0.16923076923076924
1 0.38372093023255816 0.36923076923076925 0.5658914728682171 0.4205128205128205
1 0.29069767441860467 0.5256410256410257 0.05426356589147287 0.046153846153846156
1 0.29844961240310075 0.47692307692307695 0.06201550387596899 0.05128205128205128
1 0.2616279069767442 0.4564102564102564 0.05813953488372093 0.05128205128205128
1 0.3081395348837209 0.44358974358974357 0.050387596899224806 0.05641025641025641
1 0.3313953488372093 0.4230769230769231 0.05813953488372093 0.07692307692307693
1 0.2868217054263566 0.3974358974358974 0.05426356589147287 0.05641025641025641
1 0.23837209302325582 0.40512820512820513 0.050387596899224806 0.06153846153846154
1 0.2558139534883721 0.3564102564102564 0.05426356589147287 0.05641025641025641
1 0.20155038759689922 0.3564102564102564 0.03875968992248062 0.06666666666666667
1 0.20348837209302326 0.4256410256410256 0.04263565891472868 0.06153846153846154
1 0.16666666666666666 0.39487179487179486 0.03875968992248062 0.07179487179487179
1 0.13178294573643412 0.382051282051282 0.046511627906976744 0.06666666666666667