1 0.44642857142857145 0.17666666666666667 0.14285714285714285 0.06
1 0.5446428571428571 0.32166666666666666 0.125 0.08333333333333333
1 0.4107142857142857 0.3233333333333333 0.16666666666666666 0.1
1 0.23809523809523808 0.31333333333333335 0.10714285714285714 0.06
1 0.32142857142857145 0.2783333333333333 0.14285714285714285 0.056666666666666664
1 0.16666666666666666 0.37666666666666665 0.15476190476190477 0.06
1 0.26785714285714285 0.355 0.09523809523809523 0.07666666666666666
1 0.08035714285714286 0.4216666666666667 0.13690476190476192 0.09
1 0.19642857142857142 0.42 0.14285714285714285 0.06666666666666667
1 0.3630952380952381 0.4083333333333333 0.19047619047619047 0.09
1 0.5595238095238095 0.4116666666666667 0.17857142857142858 0.08333333333333333
1 0.4255952380952381 0.475 0.16071428571428573 0.10333333333333333
1 0.5952380952380952 0.49666666666666665 0.16666666666666666 0.10666666666666667
1 0.6994047619047619 0.5016666666666667 0.125 0.09666666666666666
1 0.23511904761904762 0.49333333333333335 0.17261904761904762 0.09333333333333334
1 0.047619047619047616 0.58 0.09523809523809523 0.08666666666666667
1 0.3958333333333333 0.6783333333333333 0.18452380952380953 0.10333333333333333
1 0.5416666666666666 0.615 0.19047619047619047 0.11666666666666667
1 0.5625 0.695 0.18452380952380953 0.09666666666666666
1 0.6845238095238095 0.6066666666666667 0.11904761904761904 0.1
1 0.4375 0.5716666666666667 0.1130952380952381 0.07666666666666666
1 0.30357142857142855 0.6216666666666667 0.10714285714285714 0.05
1 0.2767857142857143 0.57 0.13690476190476192 0.05333333333333334
1 0.18452380952380953 0.61 0.14285714285714285 0.08666666666666667
1 0.27380952380952384 0.6983333333333334 0.20238095238095238 0.11
1 0.12797619047619047 0.695 0.1130952380952381 0.08333333333333333
1 0.03869047619047619 0.6283333333333333 0.07738095238095238 0.05
1 0.03571428571428571 0.6983333333333334 0.07142857142857142 0.08333333333333333
1 0.0744047619047619 0.775 0.10119047619047619 0.11
1 0.19047619047619047 0.7966666666666666 0.14285714285714285 0.09333333333333334
1 0.2708333333333333 0.78 0.16071428571428573 0.06666666666666667
1 0.44642857142857145 0.7616666666666667 0.17857142857142858 0.06333333333333334
1 0.33035714285714285 0.8283333333333334 0.125 0.06333333333333334