1 0.8011583011583011 0.36082474226804123 0.08108108108108109 0.12371134020618557
1 0.43822393822393824 0.5592783505154639 0.11196911196911197 0.17010309278350516
1 0.6138996138996139 0.7654639175257731 0.11583011583011583 0.11855670103092783
1 0.7162162162162162 0.8582474226804123 0.11196911196911197 0.17010309278350516
1 0.7413127413127413 0.7319587628865979 0.12355212355212356 0.12371134020618557
1 0.7760617760617761 0.6134020618556701 0.06177606177606178 0.1134020618556701
1 0.5733590733590733 0.5180412371134021 0.06563706563706563 0.0979381443298969
1 0.4594594594594595 0.45103092783505155 0.07722007722007722 0.05670103092783505
1 0.5 0.27835051546391754 0.09652509652509653 0.10309278350515463
1 0.43243243243243246 0.2654639175257732 0.03861003861003861 0.07731958762886598
1 0.12162162162162163 0.3943298969072165 0.08108108108108109 0.13917525773195877
1 0.11969111969111969 0.6056701030927835 0.13127413127413126 0.13917525773195877
1 0.18725868725868725 0.7036082474226805 0.10424710424710425 0.13917525773195877
1 0.3803088803088803 0.8737113402061856 0.07335907335907337 0.03608247422680412
1 0.4613899613899614 0.9149484536082474 0.1274131274131274 0.12886597938144329
1 0.38223938223938225 0.6984536082474226 0.10810810810810811 0.22164948453608246
1 0.3281853281853282 0.07731958762886598 0.09266409266409266 0.10309278350515463
1 0.4305019305019305 0.12886597938144329 0.07335907335907337 0.1134020618556701
1 0.4942084942084942 0.15979381443298968 0.61003861003861 0.26804123711340205
1 0.4613899613899614 0.4536082474226804 0.7606177606177607 0.3402061855670103
1 0.5173745173745173 0.6829896907216495 0.7722007722007722 0.31443298969072164
1 0.5366795366795367 0.8917525773195877 0.5482625482625483 0.20618556701030927
1 0.944015444015444 0.7860824742268041 0.019305019305019305 0.02577319587628866
1 0.9633204633204633 0.5515463917525774 0.04247104247104247 0.030927835051546393
1 0.9227799227799228 0.5154639175257731 0.05405405405405406 0.041237113402061855
1 0.8957528957528957 0.3479381443298969 0.04633204633204633 0.03608247422680412
1 0.9111969111969112 0.5438144329896907 0.16988416988416988 0.26288659793814434