1 0.12727272727272726 0.9043715846994536 0.2545454545454545 0.18032786885245902
1 0.18545454545454546 0.9480874316939891 0.19636363636363635 0.09289617486338798
1 0.4018181818181818 0.4672131147540984 0.29454545454545455 0.1912568306010929
1 0.4781818181818182 0.6530054644808743 0.11272727272727273 0.2459016393442623
1 0.36363636363636365 0.6530054644808743 0.15272727272727274 0.16939890710382513
1 0.3981818181818182 0.76775956284153 0.1709090909090909 0.11475409836065574
1 0.28 0.6912568306010929 0.09454545454545454 0.11475409836065574
1 0.22363636363636363 0.6174863387978142 0.12727272727272726 0.07650273224043716
1 0.21818181818181817 0.5491803278688525 0.14545454545454545 0.07103825136612021
1 0.6745454545454546 0.7868852459016393 0.37454545454545457 0.12021857923497267
1 0.7763636363636364 0.47540983606557374 0.3236363636363636 0.6666666666666666
1 0.9672727272727273 0.6120218579234973 0.05818181818181818 0.30601092896174864
1 0.8781818181818182 0.44808743169398907 0.21454545454545454 0.2185792349726776
1 0.9 0.5683060109289617 0.11272727272727273 0.2185792349726776
1 0.6963636363636364 0.5300546448087432 0.1709090909090909 0.4262295081967213
1 0.6163636363636363 0.5901639344262295 0.14181818181818182 0.30601092896174864
1 0.5545454545454546 0.5792349726775956 0.09818181818181818 0.34972677595628415
1 0.5290909090909091 0.15846994535519127 0.1709090909090909 0.13114754098360656
1 0.6381818181818182 0.14207650273224043 0.3018181818181818 0.19672131147540983
1 0.8418181818181818 0.12568306010928962 0.3090909090909091 0.24043715846994534
1 0.7654545454545455 0.10655737704918032 0.06181818181818182 0.04918032786885246
1 0.8945454545454545 0.2103825136612022 0.20363636363636364 0.1912568306010929
1 0.8545454545454545 0.2459016393442623 0.14545454545454545 0.09836065573770492
1 0.9490909090909091 0.33060109289617484 0.09454545454545454 0.20218579234972678
1 0.6618181818181819 0.0546448087431694 0.08 0.09836065573770492
1 0.5581818181818182 0.0273224043715847 0.12 0.0546448087431694
1 0.46545454545454545 0.03278688524590164 0.07272727272727272 0.06557377049180328
1 0.4381818181818182 0.1092896174863388 0.09090909090909091 0.13114754098360656
1 0.38 0.09836065573770492 0.03272727272727273 0.07650273224043716
1 0.3527272727272727 0.1284153005464481 0.08 0.10382513661202186
1 0.2818181818181818 0.16666666666666666 0.07636363636363637 0.07103825136612021
1 0.21818181818181817 0.2540983606557377 0.08727272727272728 0.18032786885245902
1 0.3490909090909091 0.24863387978142076 0.19636363636363635 0.1366120218579235
1 0.4109090909090909 0.1830601092896175 0.05090909090909091 0.060109289617486336
1 0.3527272727272727 0.273224043715847 0.41454545454545455 0.17486338797814208
1 0.5545454545454546 0.22131147540983606 0.12 0.08196721311475409
1 0.3836363636363636 0.3469945355191257 0.6290909090909091 0.2459016393442623
1 0.26545454545454544 0.412568306010929 0.11636363636363636 0.03825136612021858
1 0.39090909090909093 0.36885245901639346 0.6072727272727273 0.2896174863387978
1 0.5309090909090909 0.4180327868852459 0.9309090909090909 0.8360655737704918