1 0.36450381679389315 0.7864583333333334 0.20229007633587787 0.22916666666666666
1 0.5152671755725191 0.6197916666666666 0.17557251908396945 0.23958333333333334
1 0.6240458015267175 0.3932291666666667 0.17938931297709923 0.2760416666666667
1 0.7748091603053435 0.5833333333333334 0.21374045801526717 0.25
1 0.9141221374045801 0.4947916666666667 0.16412213740458015 0.25
1 0.9217557251908397 0.21875 0.14885496183206107 0.2708333333333333
1 0.8225190839694656 0.09635416666666667 0.17938931297709923 0.19270833333333334
1 0.6622137404580153 0.1328125 0.14885496183206107 0.24479166666666666
1 0.5057251908396947 0.1171875 0.1946564885496183 0.22395833333333334
1 0.5744274809160306 0.018229166666666668 0.12595419847328243 0.036458333333333336
1 0.3416030534351145 0.013020833333333334 0.18702290076335878 0.026041666666666668
1 0.3568702290076336 0.11979166666666667 0.20229007633587787 0.23958333333333334
1 0.44656488549618323 0.3177083333333333 0.183206106870229 0.22916666666666666
1 0.41412213740458015 0.5078125 0.23282442748091603 0.3072916666666667
1 0.2767175572519084 0.59375 0.1183206106870229 0.19791666666666666
1 0.11641221374045801 0.5494791666666666 0.21755725190839695 0.24479166666666666
1 0.2480916030534351 0.3567708333333333 0.22137404580152673 0.296875
1 0.10114503816793893 0.3020833333333333 0.1946564885496183 0.25
1 0.15076335877862596 0.1015625 0.20229007633587787 0.203125
1 0.7309160305343512 0.7005208333333334 0.5305343511450382 0.390625