1 0.6044444444444445 0.21777777777777776 0.28444444444444444 0.26666666666666666
1 0.7244444444444444 0.31555555555555553 0.17777777777777778 0.24
1 0.7822222222222223 0.4311111111111111 0.12444444444444444 0.10666666666666667
1 0.8644444444444445 0.5355555555555556 0.17333333333333334 0.21777777777777776
1 0.8066666666666666 0.6466666666666666 0.23555555555555555 0.28
1 0.6933333333333334 0.7644444444444445 0.2222222222222222 0.2577777777777778
1 0.4888888888888889 0.7644444444444445 0.24888888888888888 0.26666666666666666
1 0.23777777777777778 0.7822222222222223 0.24444444444444444 0.19555555555555557
1 0.30666666666666664 0.6422222222222222 0.24888888888888888 0.17333333333333334
1 0.3844444444444444 0.5555555555555556 0.17333333333333334 0.1688888888888889
1 0.5511111111111111 0.6266666666666667 0.24 0.13333333333333333
1 0.5488888888888889 0.4488888888888889 0.27111111111111114 0.2311111111111111
1 0.44 0.19111111111111112 0.20444444444444446 0.24
1 0.3111111111111111 0.36 0.26666666666666666 0.24888888888888888
1 0.18444444444444444 0.4822222222222222 0.2088888888888889 0.16444444444444445
1 0.14222222222222222 0.6244444444444445 0.2311111111111111 0.23555555555555555