1 0.49809160305343514 0.7265625 0.1946564885496183 0.2552083333333333
1 0.4961832061068702 0.8723958333333334 0.16030534351145037 0.046875
1 0.33587786259541985 0.7942708333333334 0.1450381679389313 0.203125
1 0.3053435114503817 0.6354166666666666 0.17557251908396945 0.20833333333333334
1 0.4961832061068702 0.4973958333333333 0.22137404580152673 0.24479166666666666
1 0.5324427480916031 0.3619791666666667 0.14885496183206107 0.140625
1 0.39122137404580154 0.375 0.13358778625954199 0.14583333333333334
1 0.26145038167938933 0.4427083333333333 0.13358778625954199 0.15625
1 0.35877862595419846 0.4791666666666667 0.08396946564885496 0.10416666666666667
1 0.13740458015267176 0.4114583333333333 0.0916030534351145 0.125
1 0.14885496183206107 0.2838541666666667 0.16793893129770993 0.109375
1 0.2595419847328244 0.3541666666666667 0.12213740458015267 0.11458333333333333
1 0.22328244274809161 0.2578125 0.14122137404580154 0.08854166666666667
1 0.3893129770992366 0.23697916666666666 0.19083969465648856 0.13020833333333334
1 0.5057251908396947 0.11979166666666667 0.13358778625954199 0.15625
1 0.36259541984732824 0.10677083333333333 0.12213740458015267 0.16145833333333334
1 0.2824427480916031 0.11979166666666667 0.08396946564885496 0.13541666666666666
1 0.2385496183206107 0.06510416666666667 0.09541984732824428 0.08854166666666667
1 0.30916030534351147 0.028645833333333332 0.0916030534351145 0.057291666666666664
1 0.12022900763358779 0.15885416666666666 0.10305343511450382 0.109375
1 0.15076335877862596 0.7421875 0.22519083969465647 0.296875