1 0.96 0.7377777777777778 0.07111111111111111 0.08
1 0.9777777777777777 0.7155555555555555 0.035555555555555556 0.035555555555555556
1 0.9466666666666667 0.7644444444444445 0.09777777777777778 0.09777777777777778
1 0.9622222222222222 0.8133333333333334 0.06666666666666667 0.07111111111111111
1 0.9111111111111111 0.8088888888888889 0.10666666666666667 0.11555555555555555
1 0.9822222222222222 0.8622222222222222 0.02666666666666667 0.02666666666666667
1 0.9466666666666667 0.8577777777777778 0.09777777777777778 0.09777777777777778
1 0.9044444444444445 0.8311111111111111 0.18222222222222223 0.19555555555555557
1 0.9733333333333334 0.9444444444444444 0.044444444444444446 0.04888888888888889
1 0.9311111111111111 0.9333333333333333 0.04888888888888889 0.035555555555555556
1 0.8377777777777777 0.8666666666666667 0.10222222222222223 0.2222222222222222
1 0.8266666666666667 0.8911111111111111 0.08 0.10222222222222223
1 0.8311111111111111 0.9066666666666666 0.06222222222222222 0.044444444444444446
1 0.9822222222222222 0.6311111111111111 0.02666666666666667 0.13333333333333333
1 0.9666666666666667 0.6355555555555555 0.022222222222222223 0.12444444444444444
1 0.9511111111111111 0.6266666666666667 0.02666666666666667 0.13333333333333333
1 0.9266666666666666 0.6222222222222222 0.03111111111111111 0.14222222222222222
1 0.8911111111111111 0.6622222222222223 0.03111111111111111 0.1511111111111111
1 0.8755555555555555 0.6244444444444445 0.044444444444444446 0.13777777777777778
1 0.8688888888888889 0.7044444444444444 0.03111111111111111 0.09333333333333334
1 0.8511111111111112 0.6422222222222222 0.03111111111111111 0.09333333333333334
1 0.84 0.6111111111111112 0.035555555555555556 0.07555555555555556
1 0.7755555555555556 0.5777777777777777 0.09333333333333334 0.11555555555555555
1 0.7977777777777778 0.6688888888888889 0.10222222222222223 0.1288888888888889
1 0.6888888888888889 0.88 0.16 0.09777777777777778
1 0.7422222222222222 0.8222222222222222 0.10666666666666667 0.08
1 0.64 0.7977777777777778 0.08888888888888889 0.06666666666666667
1 0.5444444444444444 0.92 0.057777777777777775 0.06222222222222222
1 0.5977777777777777 0.9088888888888889 0.057777777777777775 0.04
1 0.4911111111111111 0.92 0.04888888888888889 0.06222222222222222
1 0.5066666666666667 0.8577777777777778 0.08888888888888889 0.05333333333333334
1 0.5155555555555555 0.7933333333333333 0.08888888888888889 0.08444444444444445
1 0.5777777777777777 0.8488888888888889 0.05333333333333334 0.10666666666666667
1 0.5888888888888889 0.7511111111111111 0.09333333333333334 0.05333333333333334
1 0.6177777777777778 0.6866666666666666 0.14222222222222222 0.08444444444444445
1 0.7044444444444444 0.7466666666666667 0.1111111111111111 0.08
1 0.6888888888888889 0.66 0.07111111111111111 0.08444444444444445
1 0.7177777777777777 0.6311111111111111 0.06666666666666667 0.06222222222222222
1 0.6777777777777778 0.5911111111111111 0.057777777777777775 0.06222222222222222
1 0.6422222222222222 0.5688888888888889 0.09333333333333334 0.08
1 0.5622222222222222 0.6 0.08444444444444445 0.08
1 0.6222222222222222 0.6266666666666667 0.07111111111111111 0.07111111111111111
1 0.4955555555555556 0.6244444444444445 0.1111111111111111 0.06666666666666667
1 0.5155555555555555 0.6822222222222222 0.08888888888888889 0.08444444444444445
1 0.49777777777777776 0.7266666666666667 0.05333333333333334 0.04888888888888889
1 0.4533333333333333 0.9266666666666666 0.13333333333333333 0.13777777777777778
1 0.4222222222222222 0.9355555555555556 0.1688888888888889 0.12
1 0.35777777777777775 0.9511111111111111 0.10222222222222223 0.08888888888888889
1 0.022222222222222223 0.9 0.044444444444444446 0.04888888888888889
1 0.05333333333333334 0.8555555555555555 0.05333333333333334 0.04888888888888889
1 0.015555555555555555 0.8533333333333334 0.03111111111111111 0.05333333333333334
1 0.07111111111111111 0.8222222222222222 0.05333333333333334 0.044444444444444446
1 0.022222222222222223 0.8022222222222222 0.044444444444444446 0.04
1 0.08 0.7822222222222223 0.044444444444444446 0.02666666666666667
1 0.06222222222222222 0.7577777777777778 0.05333333333333334 0.03111111111111111
1 0.051111111111111114 0.7311111111111112 0.03111111111111111 0.022222222222222223
1 0.015555555555555555 0.7333333333333333 0.03111111111111111 0.044444444444444446
1 0.011111111111111112 0.7755555555555556 0.022222222222222223 0.04
1 0.09111111111111111 0.5666666666666667 0.16444444444444445 0.22666666666666666
1 0.10444444444444445 0.3622222222222222 0.13777777777777778 0.06666666666666667
1 0.09333333333333334 0.3711111111111111 0.13333333333333333 0.03111111111111111
1 0.08 0.3888888888888889 0.16 0.022222222222222223
1 0.09333333333333334 0.42 0.08888888888888889 0.04
1 0.051111111111111114 0.4288888888888889 0.10222222222222223 0.022222222222222223
1 0.07333333333333333 0.39111111111111113 0.14666666666666667 0.11555555555555555
1 0.07111111111111111 0.22 0.11555555555555555 0.06666666666666667
1 0.09555555555555556 0.1622222222222222 0.08444444444444445 0.09333333333333334
1 0.03333333333333333 0.17333333333333334 0.04 0.06222222222222222
1 0.02 0.12 0.04 0.14222222222222222
1 0.011111111111111112 0.22444444444444445 0.022222222222222223 0.06666666666666667
1 0.19555555555555557 0.16 0.08 0.08888888888888889
1 0.20444444444444446 0.21333333333333335 0.05333333333333334 0.05333333333333334
1 0.1688888888888889 0.31333333333333335 0.044444444444444446 0.23555555555555555
1 0.19333333333333333 0.33111111111111113 0.04888888888888889 0.23555555555555555
1 0.22 0.36 0.07555555555555556 0.26666666666666666
1 0.24888888888888888 0.18222222222222223 0.05333333333333334 0.08888888888888889
1 0.28444444444444444 0.3111111111111111 0.10666666666666667 0.36444444444444446
1 0.29333333333333333 0.38222222222222224 0.05333333333333334 0.2222222222222222
1 0.3466666666666667 0.25555555555555554 0.05333333333333334 0.22666666666666666
1 0.3488888888888889 0.31333333333333335 0.08444444444444445 0.3422222222222222
1 0.37555555555555553 0.3422222222222222 0.04 0.29333333333333333
1 0.41555555555555557 0.31777777777777777 0.057777777777777775 0.30666666666666664
1 0.3422222222222222 0.10222222222222223 0.07111111111111111 0.08
1 0.39111111111111113 0.11555555555555555 0.044444444444444446 0.07111111111111111
1 0.4111111111111111 0.13555555555555557 0.057777777777777775 0.04888888888888889
1 0.3333333333333333 0.044444444444444446 0.06222222222222222 0.05333333333333334
1 0.27555555555555555 0.09777777777777778 0.07111111111111111 0.11555555555555555
1 0.2511111111111111 0.06888888888888889 0.06666666666666667 0.09333333333333334
1 0.15555555555555556 0.02 0.21333333333333335 0.04
1 0.44 0.04888888888888889 0.09777777777777778 0.09777777777777778
1 0.6222222222222222 0.08222222222222222 0.14222222222222222 0.13777777777777778
1 0.45111111111111113 0.3333333333333333 0.07555555555555556 0.29333333333333333
1 0.48 0.29777777777777775 0.08 0.37333333333333335
1 0.5133333333333333 0.30444444444444446 0.04 0.28888888888888886
1 0.5422222222222223 0.29555555555555557 0.05333333333333334 0.37777777777777777
1 0.5711111111111111 0.31555555555555553 0.06666666666666667 0.3377777777777778
1 0.6022222222222222 0.3377777777777778 0.06666666666666667 0.3022222222222222
1 0.6377777777777778 0.32222222222222224 0.06666666666666667 0.3244444444444444
1 0.6666666666666666 0.3288888888888889 0.044444444444444446 0.32
1 0.6977777777777778 0.3333333333333333 0.05333333333333334 0.35555555555555557
1 0.7311111111111112 0.38 0.04 0.21777777777777776
1 0.7044444444444444 0.29777777777777775 0.013333333333333334 0.2222222222222222
1 0.7777777777777778 0.15555555555555556 0.05333333333333334 0.05333333333333334
1 0.7488888888888889 0.09777777777777778 0.06666666666666667 0.05333333333333334
1 0.7244444444444444 0.14444444444444443 0.06222222222222222 0.057777777777777775
1 0.8044444444444444 0.06888888888888889 0.044444444444444446 0.04888888888888889
1 0.8377777777777777 0.057777777777777775 0.057777777777777775 0.02666666666666667
1 0.8466666666666667 0.09555555555555556 0.08444444444444445 0.07555555555555556
1 0.7977777777777778 0.11333333333333333 0.04 0.04
1 0.8577777777777778 0.13333333333333333 0.06222222222222222 0.08888888888888889
1 0.9 0.13111111111111112 0.03111111111111111 0.07555555555555556
1 0.92 0.16444444444444445 0.035555555555555556 0.07111111111111111
1 0.94 0.19555555555555557 0.03111111111111111 0.035555555555555556
1 0.8288888888888889 0.16 0.04 0.02666666666666667
1 0.9822222222222222 0.06888888888888889 0.02666666666666667 0.08444444444444445
1 0.9511111111111111 0.10888888888888888 0.08 0.04888888888888889
1 0.9688888888888889 0.16666666666666666 0.05333333333333334 0.09333333333333334
1 0.7955555555555556 0.24222222222222223 0.06222222222222222 0.04
1 0.8533333333333334 0.24444444444444444 0.06222222222222222 0.035555555555555556
1 0.86 0.27555555555555555 0.09333333333333334 0.044444444444444446
1 0.7866666666666666 0.2733333333333333 0.035555555555555556 0.022222222222222223
1 0.8377777777777777 0.28444444444444444 0.057777777777777775 0.02666666666666667
1 0.7844444444444445 0.4177777777777778 0.07555555555555556 0.05333333333333334
1 0.8377777777777777 0.41333333333333333 0.04 0.044444444444444446
1 0.8466666666666667 0.44666666666666666 0.04888888888888889 0.03111111111111111
1 0.8688888888888889 0.4711111111111111 0.057777777777777775 0.035555555555555556
1 0.8111111111111111 0.46444444444444444 0.057777777777777775 0.04
1 0.8177777777777778 0.3711111111111111 0.10666666666666667 0.04888888888888889
1 0.9 0.43777777777777777 0.07555555555555556 0.09333333333333334
1 0.9644444444444444 0.4444444444444444 0.06222222222222222 0.07111111111111111
1 0.9733333333333334 0.40444444444444444 0.044444444444444446 0.06222222222222222
1 0.9666666666666667 0.3466666666666667 0.04888888888888889 0.05333333333333334
1 0.9266666666666666 0.3711111111111111 0.04888888888888889 0.057777777777777775
1 0.8933333333333333 0.3844444444444444 0.044444444444444446 0.057777777777777775
1 0.8688888888888889 0.35777777777777775 0.07555555555555556 0.04
1 0.9222222222222223 0.3288888888888889 0.04888888888888889 0.02666666666666667
1 0.3511111111111111 0.5933333333333334 0.05333333333333334 0.04888888888888889
1 0.3088888888888889 0.6 0.03111111111111111 0.035555555555555556
1 0.34 0.6222222222222222 0.03111111111111111 0.05333333333333334
1 0.28444444444444444 0.6111111111111112 0.05333333333333334 0.022222222222222223
1 0.2222222222222222 0.6133333333333333 0.06222222222222222 0.02666666666666667
1 0.2688888888888889 0.7644444444444445 0.09333333333333334 0.13333333333333333
1 0.3488888888888889 0.8222222222222222 0.06666666666666667 0.11555555555555555
1 0.37333333333333335 0.8088888888888889 0.08 0.06222222222222222
1 0.37333333333333335 0.7866666666666666 0.06222222222222222 0.02666666666666667
1 0.43555555555555553 0.7822222222222223 0.08 0.08
1 0.4488888888888889 0.7533333333333333 0.05333333333333334 0.06666666666666667
1 0.27111111111111114 0.8377777777777777 0.044444444444444446 0.08444444444444445
1 0.22 0.8333333333333334 0.04888888888888889 0.04
1 0.19555555555555557 0.7955555555555556 0.02666666666666667 0.06222222222222222
1 0.14444444444444443 0.8088888888888889 0.06666666666666667 0.08888888888888889
1 0.1288888888888889 0.8711111111111111 0.02666666666666667 0.02666666666666667
1 0.1511111111111111 0.8977777777777778 0.044444444444444446 0.035555555555555556
1 0.2111111111111111 0.8888888888888888 0.07555555555555556 0.02666666666666667
1 0.2511111111111111 0.8866666666666667 0.07555555555555556 0.03111111111111111
1 0.22444444444444445 0.8466666666666667 0.06666666666666667 0.057777777777777775
1 0.18666666666666668 0.7288888888888889 0.06222222222222222 0.06222222222222222
1 0.12444444444444444 0.7155555555555555 0.11555555555555555 0.02666666666666667
1 0.1288888888888889 0.7422222222222222 0.02666666666666667 0.02666666666666667
1 0.10222222222222223 0.7511111111111111 0.035555555555555556 0.035555555555555556
1 0.20666666666666667 0.6777777777777778 0.022222222222222223 0.03111111111111111
1 0.22666666666666666 0.6733333333333333 0.06222222222222222 0.06666666666666667
1 0.2644444444444444 0.6955555555555556 0.057777777777777775 0.057777777777777775
1 0.2733333333333333 0.7666666666666667 0.09333333333333334 0.12
1 0.36666666666666664 0.7333333333333333 0.07555555555555556 0.06222222222222222
1 0.3111111111111111 0.6511111111111111 0.24888888888888888 0.15555555555555556
1 0.37555555555555553 0.7755555555555556 0.17333333333333334 0.2088888888888889
1 0.2288888888888889 0.7955555555555556 0.22666666666666666 0.19555555555555557