1 0.8733766233766234 0.5945121951219512 0.14935064935064934 0.23780487804878048
1 0.9237012987012987 0.3719512195121951 0.10714285714285714 0.1951219512195122
1 0.7743506493506493 0.32621951219512196 0.09415584415584416 0.17682926829268292
1 0.8587662337662337 0.051829268292682924 0.08766233766233766 0.10365853658536585
1 0.9204545454545454 0.13719512195121952 0.048701298701298704 0.1524390243902439
1 0.9675324675324676 0.04878048780487805 0.05844155844155844 0.0975609756097561
1 0.9058441558441559 0.10670731707317073 0.18181818181818182 0.21341463414634146
1 0.8165584415584416 0.20426829268292682 0.05519480519480519 0.16463414634146342
1 0.875 0.21341463414634146 0.08766233766233766 0.17073170731707318
1 0.6931818181818182 0.25914634146341464 0.1461038961038961 0.22560975609756098
1 0.6461038961038961 0.07317073170731707 0.12987012987012986 0.14634146341463414
1 0.7337662337662337 0.04878048780487805 0.07792207792207792 0.0975609756097561
1 0.650974025974026 0.18292682926829268 0.11363636363636363 0.14634146341463414
1 0.560064935064935 0.2774390243902439 0.1266233766233766 0.22560975609756098
1 0.512987012987013 0.08231707317073171 0.12337662337662338 0.16463414634146342
1 0.43993506493506496 0.22560975609756098 0.12012987012987013 0.23170731707317074
1 0.36363636363636365 0.17378048780487804 0.07792207792207792 0.20121951219512196
1 0.375 0.08536585365853659 0.1331168831168831 0.17073170731707318
1 0.44642857142857145 0.9085365853658537 0.1331168831168831 0.17073170731707318
1 0.36688311688311687 0.6646341463414634 0.11688311688311688 0.2682926829268293
1 0.24512987012987014 0.9390243902439024 0.1590909090909091 0.10975609756097561
1 0.1266233766233766 0.8536585365853658 0.22727272727272727 0.2804878048780488
1 0.09415584415584416 0.9573170731707317 0.11688311688311688 0.07317073170731707
1 0.037337662337662336 0.6707317073170732 0.07467532467532467 0.3780487804878049
1 0.0762987012987013 0.6737804878048781 0.08116883116883117 0.18902439024390244
1 0.07305194805194805 0.6036585365853658 0.1331168831168831 0.21951219512195122
1 0.032467532467532464 0.3932926829268293 0.06493506493506493 0.25
1 0.01461038961038961 0.21341463414634146 0.02922077922077922 0.10975609756097561
1 0.07792207792207792 0.38109756097560976 0.09740259740259741 0.23780487804878048
1 0.17532467532467533 0.3902439024390244 0.12987012987012986 0.21951219512195122
1 0.24512987012987014 0.3871951219512195 0.02922077922077922 0.11585365853658537
1 0.32954545454545453 0.3201219512195122 0.1331168831168831 0.27439024390243905
1 0.2305194805194805 0.19207317073170732 0.12337662337662338 0.23780487804878048
1 0.1331168831168831 0.08536585365853659 0.14935064935064934 0.17073170731707318
1 0.1672077922077922 0.5762195121951219 0.10064935064935066 0.16463414634146342
1 0.23376623376623376 0.7073170731707317 0.11038961038961038 0.23170731707317074
1 0.275974025974026 0.5152439024390244 0.1038961038961039 0.20121951219512196
1 0.07954545454545454 0.1524390243902439 0.1590909090909091 0.24390243902439024
1 0.25487012987012986 0.07926829268292683 0.10714285714285714 0.15853658536585366
1 0.030844155844155844 0.018292682926829267 0.06168831168831169 0.036585365853658534