1 0.9507299270072993 0.9103260869565217 0.09124087591240876 0.16847826086956522
1 0.9470802919708029 0.7690217391304348 0.09854014598540146 0.125
1 0.885036496350365 0.7255434782608695 0.09124087591240876 0.15760869565217392
1 0.9562043795620438 0.6385869565217391 0.08029197080291971 0.15760869565217392
1 0.9288321167883211 0.5760869565217391 0.09854014598540146 0.14130434782608695
1 0.8631386861313869 0.5652173913043478 0.08394160583941605 0.15217391304347827
1 0.9890510948905109 0.532608695652174 0.014598540145985401 0.043478260869565216
1 0.9124087591240876 0.3125 0.1678832116788321 0.3858695652173913
1 0.8540145985401459 0.07608695652173914 0.21897810218978103 0.15217391304347827
1 0.7664233576642335 0.15489130434782608 0.08759124087591241 0.125
1 0.6861313868613139 0.23369565217391305 0.0948905109489051 0.15217391304347827
1 0.6204379562043796 0.33152173913043476 0.08759124087591241 0.13043478260869565
1 0.7007299270072993 0.375 0.08759124087591241 0.13043478260869565
1 0.7700729927007299 0.2907608695652174 0.08029197080291971 0.14673913043478262
1 0.7135036496350365 0.02717391304347826 0.08394160583941605 0.05434782608695652
1 0.6240875912408759 0.04891304347826087 0.0948905109489051 0.09782608695652174
1 0.6861313868613139 0.11413043478260869 0.12408759124087591 0.13043478260869565
1 0.6021897810218978 0.19021739130434784 0.072992700729927 0.17391304347826086
1 0.5291970802919708 0.328804347826087 0.08029197080291971 0.15760869565217392
1 0.5383211678832117 0.12228260869565218 0.12773722627737227 0.1358695652173913
1 0.5492700729927007 0.029891304347826088 0.05474452554744526 0.059782608695652176
1 0.48175182481751827 0.09239130434782608 0.072992700729927 0.18478260869565216
1 0.4708029197080292 0.10869565217391304 0.10948905109489052 0.21739130434782608
1 0.5018248175182481 0.10597826086956522 0.08394160583941605 0.21195652173913043
1 0.3777372262773723 0.1358695652173913 0.15693430656934307 0.2717391304347826
1 0.26277372262773724 0.08967391304347826 0.058394160583941604 0.08152173913043478
1 0.24452554744525548 0.024456521739130436 0.043795620437956206 0.04891304347826087
1 0.2864963503649635 0.024456521739130436 0.040145985401459854 0.04891304347826087
1 0.20985401459854014 0.07065217391304347 0.06204379562043796 0.09782608695652174
1 0.17883211678832117 0.016304347826086956 0.051094890510948905 0.03260869565217391
1 0.15328467153284672 0.09782608695652174 0.051094890510948905 0.08695652173913043
1 0.2208029197080292 0.16032608695652173 0.07664233576642336 0.09239130434782608
1 0.20255474452554745 0.1983695652173913 0.040145985401459854 0.059782608695652176
1 0.14963503649635038 0.1875 0.058394160583941604 0.11413043478260869
1 0.08941605839416059 0.11413043478260869 0.07664233576642336 0.10869565217391304
1 0.11131386861313869 0.03260869565217391 0.07664233576642336 0.06521739130434782
1 0.2572992700729927 0.25271739130434784 0.09124087591240876 0.1358695652173913
1 0.7737226277372263 0.4076086956521739 0.15328467153284672 0.25
1 0.9087591240875912 0.1766304347826087 0.17518248175182483 0.20108695652173914
1 0.058394160583941604 0.11956521739130435 0.11678832116788321 0.2391304347826087
1 0.06751824817518248 0.2717391304347826 0.13503649635036497 0.32608695652173914