1 0.7873134328358209 0.14361702127659576 0.2835820895522388 0.2765957446808511
1 0.6156716417910447 0.10372340425531915 0.11940298507462686 0.10106382978723404
1 0.5055970149253731 0.28191489361702127 0.048507462686567165 0.06382978723404255
1 0.47947761194029853 0.4308510638297872 0.018656716417910446 0.02127659574468085
1 0.539179104477612 0.5212765957446809 0.026119402985074626 0.031914893617021274
1 0.5671641791044776 0.45478723404255317 0.05223880597014925 0.0797872340425532
1 0.6063432835820896 0.35904255319148937 0.048507462686567165 0.0797872340425532
1 0.6473880597014925 0.2978723404255319 0.048507462686567165 0.0851063829787234
1 0.6753731343283582 0.21010638297872342 0.029850746268656716 0.047872340425531915
1 0.7294776119402985 0.22606382978723405 0.041044776119402986 0.06914893617021277
1 0.7555970149253731 0.2978723404255319 0.06343283582089553 0.1276595744680851
1 0.6958955223880597 0.31648936170212766 0.06343283582089553 0.14361702127659576
1 0.6417910447761194 0.39361702127659576 0.08955223880597014 0.11702127659574468
1 0.7313432835820896 0.40425531914893614 0.11940298507462686 0.06382978723404255
1 0.8302238805970149 0.36436170212765956 0.048507462686567165 0.0797872340425532
1 0.8059701492537313 0.3776595744680851 0.03731343283582089 0.05319148936170213
1 0.8339552238805971 0.40425531914893614 0.07835820895522388 0.06382978723404255
1 0.8264925373134329 0.6143617021276596 0.1455223880597015 0.35638297872340424
1 0.7425373134328358 0.6303191489361702 0.04477611940298507 0.15425531914893617
1 0.5914179104477612 0.5186170212765957 0.055970149253731345 0.05851063829787234
1 0.6772388059701493 0.5212765957446809 0.12313432835820895 0.11702127659574468
1 0.753731343283582 0.5186170212765957 0.029850746268656716 0.05851063829787234
1 0.6921641791044776 0.6170212765957447 0.06343283582089553 0.09574468085106383
1 0.6716417910447762 0.6569148936170213 0.05970149253731343 0.09042553191489362
1 0.621268656716418 0.6276595744680851 0.06343283582089553 0.0851063829787234
1 0.5783582089552238 0.5797872340425532 0.029850746268656716 0.07446808510638298
1 0.5317164179104478 0.6781914893617021 0.07835820895522388 0.10106382978723404
1 0.458955223880597 0.7287234042553191 0.07462686567164178 0.10638297872340426
1 0.5242537313432836 0.7632978723404256 0.048507462686567165 0.047872340425531915
1 0.4533582089552239 0.800531914893617 0.033582089552238806 0.047872340425531915
1 0.6194029850746269 0.7606382978723404 0.05970149253731343 0.10638297872340426
1 0.6977611940298507 0.8138297872340425 0.08955223880597014 0.14893617021276595
1 0.5764925373134329 0.3324468085106383 0.22014925373134328 0.3776595744680851