1 0.391304347826087 0.6967213114754098 0.1956521739130435 0.3114754098360656
1 0.5380434782608695 0.546448087431694 0.09057971014492754 0.13114754098360656
1 0.6630434782608695 0.5273224043715847 0.057971014492753624 0.07103825136612021
1 0.7047101449275363 0.4918032786885246 0.03985507246376811 0.04371584699453552
1 0.7536231884057971 0.5136612021857924 0.057971014492753624 0.06557377049180328
1 0.8822463768115942 0.5218579234972678 0.03985507246376811 0.03825136612021858
1 0.8985507246376812 0.5846994535519126 0.043478260869565216 0.06557377049180328
1 0.9565217391304348 0.5628415300546448 0.07246376811594203 0.09836065573770492
1 0.4076086956521739 0.5027322404371585 0.06159420289855073 0.08743169398907104
1 0.3713768115942029 0.4972677595628415 0.03985507246376811 0.07650273224043716
1 0.32608695652173914 0.4972677595628415 0.06521739130434782 0.08743169398907104
1 0.3442028985507246 0.453551912568306 0.036231884057971016 0.02185792349726776
1 0.38768115942028986 0.45081967213114754 0.057971014492753624 0.01639344262295082
1 0.48731884057971014 0.4781420765027322 0.03985507246376811 0.03825136612021858
1 0.5253623188405797 0.4781420765027322 0.036231884057971016 0.01639344262295082
1 0.5634057971014492 0.47540983606557374 0.03985507246376811 0.03278688524590164