1 0.9226415094339623 0.6763157894736842 0.1471698113207547 0.4473684210526316
1 0.9188679245283019 0.8657894736842106 0.15471698113207547 0.1
1 0.7339622641509433 0.7421052631578947 0.27547169811320754 0.35789473684210527
1 0.4075471698113208 0.8289473684210527 0.3169811320754717 0.18421052631578946
1 0.07924528301886792 0.8421052631578947 0.15849056603773584 0.14736842105263157
1 0.23773584905660378 0.8026315789473685 0.21132075471698114 0.23684210526315788
1 0.46226415094339623 0.7315789473684211 0.23018867924528302 0.2736842105263158
1 0.5509433962264151 0.5605263157894737 0.35471698113207545 0.5
1 0.7037735849056603 0.42105263157894735 0.23018867924528302 0.30526315789473685
1 0.8716981132075472 0.2789473684210526 0.2490566037735849 0.3894736842105263
1 0.7245283018867924 0.13157894736842105 0.2490566037735849 0.2631578947368421
1 0.9075471698113208 0.07105263157894737 0.17735849056603772 0.14210526315789473
1 0.5264150943396226 0.24473684210526317 0.16981132075471697 0.1736842105263158
1 0.4339622641509434 0.3473684210526316 0.25660377358490566 0.35789473684210527
1 0.5528301886792453 0.1 0.16226415094339622 0.2
1 0.38301886792452833 0.08157894736842106 0.19245283018867926 0.1631578947368421
1 0.3150943396226415 0.19210526315789472 0.17735849056603772 0.2578947368421053
1 0.2622641509433962 0.031578947368421054 0.05660377358490566 0.06315789473684211
1 0.11886792452830189 0.1 0.23773584905660378 0.2
1 0.1490566037735849 0.29473684210526313 0.2830188679245283 0.37894736842105264
1 0.28679245283018867 0.48947368421052634 0.17358490566037735 0.3263157894736842
1 0.15283018867924528 0.6605263157894737 0.27547169811320754 0.3736842105263158
1 0.03018867924528302 0.6421052631578947 0.06037735849056604 0.28421052631578947
1 0.01509433962264151 0.32894736842105265 0.03018867924528302 0.26842105263157895
1 0.4981132075471698 0.4605263157894737 0.9962264150943396 0.9210526315789473