1 0.9381818181818182 0.9289617486338798 0.11636363636363636 0.13114754098360656
1 0.7872727272727272 0.8989071038251366 0.1709090909090909 0.1912568306010929
1 0.6745454545454546 0.7704918032786885 0.1781818181818182 0.24043715846994534
1 0.6654545454545454 0.9699453551912568 0.06545454545454546 0.04918032786885246
1 0.5290909090909091 0.9234972677595629 0.2 0.14207650273224043
1 0.8163636363636364 0.6311475409836066 0.16363636363636364 0.2459016393442623
1 0.889090909090909 0.592896174863388 0.13454545454545455 0.21311475409836064
1 0.9709090909090909 0.5765027322404371 0.05090909090909091 0.20218579234972678
1 0.6963636363636364 0.505464480874317 0.1781818181818182 0.2677595628415301
1 0.7872727272727272 0.43169398907103823 0.09090909090909091 0.17486338797814208
1 0.8872727272727273 0.412568306010929 0.13818181818181818 0.18032786885245902
1 0.9581818181818181 0.4016393442622951 0.07636363636363637 0.18032786885245902
1 0.9472727272727273 0.20491803278688525 0.09818181818181818 0.21311475409836064
1 0.7109090909090909 0.2650273224043716 0.1781818181818182 0.2568306010928962
1 0.8490909090909091 0.3087431693989071 0.10545454545454545 0.11475409836065574
1 0.82 0.21584699453551912 0.12727272727272726 0.22404371584699453
1 0.5018181818181818 0.8415300546448088 0.19636363636363635 0.18579234972677597
1 0.6436363636363637 0.9043715846994536 0.08727272727272728 0.08196721311475409
1 0.3781818181818182 0.953551912568306 0.10909090909090909 0.08196721311475409
1 0.2872727272727273 0.8306010928961749 0.2109090909090909 0.32786885245901637
1 0.15818181818181817 0.9480874316939891 0.14909090909090908 0.09289617486338798
1 0.0890909090909091 0.8387978142076503 0.1781818181818182 0.3114754098360656
1 0.18 0.6721311475409836 0.13454545454545455 0.22950819672131148
1 0.27454545454545454 0.5437158469945356 0.1709090909090909 0.2568306010928962
1 0.39636363636363636 0.6092896174863388 0.20363636363636364 0.3114754098360656
1 0.40545454545454546 0.8005464480874317 0.06181818181818182 0.08196721311475409
1 0.5490909090909091 0.6338797814207651 0.16 0.273224043715847
1 0.5781818181818181 0.4972677595628415 0.07272727272727272 0.1092896174863388
1 0.5509090909090909 0.34153005464480873 0.15636363636363637 0.2459016393442623
1 0.4818181818181818 0.4644808743169399 0.08363636363636363 0.08743169398907104
1 0.3927272727272727 0.3469945355191257 0.16 0.23497267759562843
1 0.056363636363636366 0.6065573770491803 0.11272727272727273 0.273224043715847
1 0.09818181818181818 0.5136612021857924 0.13818181818181818 0.17486338797814208
1 0.1709090909090909 0.3907103825136612 0.1890909090909091 0.2786885245901639
1 0.24909090909090909 0.31420765027322406 0.12727272727272726 0.16939890710382513
1 0.24727272727272728 0.12021857923497267 0.16727272727272727 0.24043715846994534
1 0.4581818181818182 0.1448087431693989 0.14545454545454545 0.2568306010928962
1 0.5127272727272727 0.0273224043715847 0.08 0.0546448087431694
1 0.6018181818181818 0.1092896174863388 0.16363636363636364 0.2185792349726776
1 0.7363636363636363 0.07377049180327869 0.14181818181818182 0.14754098360655737
1 0.8218181818181818 0.08196721311475409 0.06545454545454546 0.08743169398907104
1 0.8236363636363636 0.02185792349726776 0.04 0.04371584699453552
1 0.9181818181818182 0.07103825136612021 0.15636363636363637 0.14207650273224043
1 0.8909090909090909 0.19672131147540983 0.05090909090909091 0.15300546448087432
1 0.24 0.02185792349726776 0.17454545454545456 0.04371584699453552
1 0.15272727272727274 0.16120218579234974 0.11636363636363636 0.18032786885245902
1 0.06909090909090909 0.3469945355191257 0.13818181818181818 0.2568306010928962
1 0.04727272727272727 0.19672131147540983 0.09454545454545454 0.14207650273224043
1 0.11636363636363636 0.08743169398907104 0.18181818181818182 0.17486338797814208
1 0.02909090909090909 0.03825136612021858 0.05818181818181818 0.07650273224043716
1 0.016363636363636365 0.08469945355191257 0.03272727272727273 0.08196721311475409
1 0.012727272727272728 0.15300546448087432 0.025454545454545455 0.12021857923497267
1 0.49818181818181817 0.4972677595628415 0.9963636363636363 0.994535519125683