1 0.8524590163934426 0.8618181818181818 0.20765027322404372 0.15272727272727274
1 0.8633879781420765 0.9654545454545455 0.26229508196721313 0.06181818181818182
1 0.9726775956284153 0.8854545454545455 0.04371584699453552 0.09090909090909091
1 0.6311475409836066 0.9036363636363637 0.23497267759562843 0.14909090909090908
1 0.6939890710382514 0.9709090909090909 0.09836065573770492 0.05090909090909091
1 0.7185792349726776 0.9 0.09289617486338798 0.10545454545454545
1 0.37158469945355194 0.9618181818181818 0.2185792349726776 0.06909090909090909
1 0.5191256830601093 0.9618181818181818 0.18579234972677597 0.06909090909090909
1 0.4426229508196721 0.8618181818181818 0.2185792349726776 0.12363636363636364
1 0.5081967213114754 0.7418181818181818 0.2185792349726776 0.13818181818181818
1 0.6284153005464481 0.78 0.19672131147540983 0.11272727272727273
1 0.819672131147541 0.7236363636363636 0.25136612021857924 0.13818181818181818
1 0.9480874316939891 0.6654545454545454 0.09289617486338798 0.14545454545454545
1 0.9453551912568307 0.7872727272727272 0.09836065573770492 0.10545454545454545
1 0.2568306010928962 0.7054545454545454 0.24043715846994534 0.18181818181818182
1 0.2103825136612022 0.8727272727272727 0.21311475409836064 0.15272727272727274
1 0.07377049180327869 0.730909090909091 0.14754098360655737 0.14545454545454545
1 0.08196721311475409 0.5909090909090909 0.16393442622950818 0.15636363636363637
1 0.24863387978142076 0.5345454545454545 0.1912568306010929 0.16727272727272727
1 0.44808743169398907 0.5963636363636363 0.273224043715847 0.17454545454545456
1 0.6092896174863388 0.4636363636363636 0.2677595628415301 0.1781818181818182
1 0.8852459016393442 0.5381818181818182 0.2185792349726776 0.11636363636363636
1 0.7349726775956285 0.6345454545454545 0.2677595628415301 0.15636363636363637
1 0.6338797814207651 0.5636363636363636 0.2185792349726776 0.12363636363636364
1 0.8852459016393442 0.3927272727272727 0.2185792349726776 0.18181818181818182
1 0.9371584699453552 0.32545454545454544 0.11475409836065574 0.03272727272727273
1 0.7404371584699454 0.32 0.2459016393442623 0.14545454545454545
1 0.8770491803278688 0.2018181818181818 0.23497267759562843 0.1781818181818182
1 0.8961748633879781 0.06 0.19672131147540983 0.12
1 0.7295081967213115 0.19454545454545455 0.1912568306010929 0.10545454545454545
1 0.5191256830601093 0.22727272727272727 0.24043715846994534 0.15636363636363637
1 0.5327868852459017 0.3054545454545455 0.21311475409836064 0.08
1 0.5273224043715847 0.4036363636363636 0.20218579234972678 0.12363636363636364
1 0.3005464480874317 0.3709090909090909 0.26229508196721313 0.14545454545454545
1 0.1885245901639344 0.44 0.18032786885245902 0.13090909090909092
1 0.08469945355191257 0.41454545454545455 0.16939890710382513 0.17454545454545456
1 0.12021857923497267 0.30363636363636365 0.24043715846994534 0.15636363636363637
1 0.30601092896174864 0.25272727272727274 0.273224043715847 0.15636363636363637
1 0.15300546448087432 0.14727272727272728 0.2185792349726776 0.16363636363636364
1 0.34153005464480873 0.09090909090909091 0.2568306010928962 0.14545454545454545
1 0.5191256830601093 0.04727272727272727 0.19672131147540983 0.09454545454545454
1 0.6693989071038251 0.06909090909090909 0.2677595628415301 0.13818181818181818
1 0.20765027322404372 0.03636363636363636 0.20765027322404372 0.07272727272727272
1 0.0546448087431694 0.05818181818181818 0.1092896174863388 0.10181818181818182
1 0.05737704918032787 0.22181818181818183 0.11475409836065574 0.14545454545454545
1 0.4972677595628415 0.49818181818181817 0.994535519125683 0.9963636363636363