1 0.4336917562724014 0.35359116022099446 0.07168458781362007 0.143646408839779
1 0.35842293906810035 0.31215469613259667 0.0931899641577061 0.10497237569060773
1 0.4121863799283154 0.4171270718232044 0.08602150537634409 0.09392265193370165
1 0.4336917562724014 0.48066298342541436 0.15053763440860216 0.09944751381215469
1 0.34229390681003585 0.430939226519337 0.06810035842293907 0.09944751381215469
1 0.33154121863799285 0.49171270718232046 0.06093189964157706 0.06629834254143646
1 0.3154121863799283 0.6823204419889503 0.05017921146953405 0.11602209944751381
1 0.2831541218637993 0.5966850828729282 0.043010752688172046 0.055248618784530384
1 0.22580645161290322 0.6353591160220995 0.05734767025089606 0.055248618784530384
1 0.26881720430107525 0.6961325966850829 0.05017921146953405 0.12154696132596685
1 0.24731182795698925 0.7348066298342542 0.05734767025089606 0.08839779005524862
1 0.1917562724014337 0.7237569060773481 0.053763440860215055 0.11049723756906077
1 0.22580645161290322 0.6850828729281768 0.05017921146953405 0.022099447513812154
1 0.24731182795698925 0.7845303867403315 0.07168458781362007 0.07734806629834254
1 0.3333333333333333 0.7900552486187845 0.05017921146953405 0.11049723756906077
1 0.37455197132616486 0.6878453038674033 0.053763440860215055 0.08287292817679558
1 0.4014336917562724 0.8066298342541437 0.07885304659498207 0.16574585635359115
1 0.471326164874552 0.7651933701657458 0.1111111111111111 0.18232044198895028
1 0.5698924731182796 0.7679558011049724 0.11469534050179211 0.17679558011049723
1 0.6182795698924731 0.8453038674033149 0.017921146953405017 0.055248618784530384
1 0.6379928315412187 0.8425414364640884 0.02867383512544803 0.13812154696132597
1 0.6397849462365591 0.712707182320442 0.025089605734767026 0.11049723756906077
1 0.6774193548387096 0.8093922651933702 0.043010752688172046 0.1712707182320442
1 0.7150537634408602 0.8977900552486188 0.04659498207885305 0.13812154696132597
1 0.7419354838709677 0.8950276243093923 0.07885304659498207 0.17679558011049723
1 0.6845878136200717 0.7099447513812155 0.05734767025089606 0.11602209944751381
1 0.6863799283154122 0.6823204419889503 0.025089605734767026 0.08287292817679558
1 0.7186379928315412 0.6961325966850829 0.04659498207885305 0.143646408839779
1 0.7759856630824373 0.6795580110497238 0.15412186379928317 0.15469613259668508
1 0.7670250896057348 0.7430939226519337 0.0931899641577061 0.11602209944751381
1 0.8369175627240143 0.8093922651933702 0.03942652329749104 0.0718232044198895
1 0.8118279569892473 0.8204419889502762 0.04659498207885305 0.06077348066298342
1 0.7867383512544803 0.8453038674033149 0.07526881720430108 0.08839779005524862
1 0.8584229390681004 0.7651933701657458 0.06093189964157706 0.0718232044198895
1 0.8530465949820788 0.7182320441988951 0.1003584229390681 0.09944751381215469
1 0.8422939068100358 0.6767955801104972 0.0931899641577061 0.0718232044198895
1 0.8835125448028673 0.649171270718232 0.06810035842293907 0.06077348066298342
1 0.24551971326164876 0.20718232044198895 0.12544802867383512 0.14917127071823205
1 0.3064516129032258 0.19060773480662985 0.03225806451612903 0.10497237569060773
1 0.43010752688172044 0.09944751381215469 0.05017921146953405 0.11049723756906077
1 0.43548387096774194 0.1712707182320442 0.053763440860215055 0.055248618784530384
1 0.46236559139784944 0.19060773480662985 0.043010752688172046 0.03867403314917127
1 0.3870967741935484 0.11049723756906077 0.07885304659498207 0.19889502762430938
1 0.3924731182795699 0.16022099447513813 0.03225806451612903 0.09944751381215469
1 0.35663082437275984 0.09116022099447514 0.03942652329749104 0.13812154696132597
1 0.34408602150537637 0.18232044198895028 0.02867383512544803 0.07734806629834254
1 0.31899641577060933 0.18232044198895028 0.021505376344086023 0.09944751381215469
1 0.27598566308243727 0.11878453038674033 0.035842293906810034 0.14917127071823205
1 0.25448028673835127 0.12430939226519337 0.08602150537634409 0.20441988950276244
1 0.25448028673835127 0.20718232044198895 0.10752688172043011 0.1270718232044199
1 0.2025089605734767 0.11602209944751381 0.053763440860215055 0.09944751381215469
1 0.17921146953405018 0.1270718232044199 0.06451612903225806 0.09944751381215469
1 0.16308243727598568 0.212707182320442 0.06810035842293907 0.06077348066298342
1 0.15949820788530467 0.24033149171270718 0.11827956989247312 0.0718232044198895
1 0.12365591397849462 0.2541436464088398 0.08960573476702509 0.06629834254143646
1 0.14695340501792115 0.2900552486187845 0.08602150537634409 0.0718232044198895
1 0.0913978494623656 0.30386740331491713 0.07526881720430108 0.055248618784530384
1 0.11648745519713262 0.3453038674033149 0.13261648745519714 0.06077348066298342
1 0.7491039426523297 0.24033149171270718 0.043010752688172046 0.06077348066298342
1 0.553763440860215 0.17955801104972377 0.06810035842293907 0.10497237569060773
1 0.6021505376344086 0.22375690607734808 0.043010752688172046 0.06077348066298342
1 0.6308243727598566 0.2430939226519337 0.02867383512544803 0.055248618784530384
1 0.8064516129032258 0.5220994475138122 0.15053763440860216 0.19337016574585636
1 0.7939068100358423 0.3453038674033149 0.04659498207885305 0.0718232044198895
1 0.7759856630824373 0.292817679558011 0.025089605734767026 0.03314917127071823
1 0.7473118279569892 0.31215469613259667 0.04659498207885305 0.08287292817679558
1 0.7096774193548387 0.2541436464088398 0.05734767025089606 0.06629834254143646
1 0.6738351254480287 0.2845303867403315 0.02867383512544803 0.049723756906077346
1 0.7078853046594982 0.30662983425414364 0.04659498207885305 0.06077348066298342
1 0.6971326164874552 0.34806629834254144 0.025089605734767026 0.04419889502762431
1 0.546594982078853 0.3259668508287293 0.04659498207885305 0.04419889502762431
1 0.514336917562724 0.3314917127071823 0.03942652329749104 0.055248618784530384
1 0.532258064516129 0.36464088397790057 0.04659498207885305 0.055248618784530384
1 0.510752688172043 0.43646408839779005 0.03942652329749104 0.13259668508287292
1 0.5304659498207885 0.4585635359116022 0.02867383512544803 0.055248618784530384
1 0.5483870967741935 0.48066298342541436 0.08602150537634409 0.08839779005524862
1 0.489247311827957 0.5828729281767956 0.08960573476702509 0.10497237569060773
1 0.5483870967741935 0.5939226519337016 0.07885304659498207 0.1270718232044199
1 0.5609318996415771 0.585635359116022 0.06093189964157706 0.07734806629834254
1 0.6111111111111112 0.5773480662983426 0.03225806451612903 0.08287292817679558
1 0.6469534050179212 0.4558011049723757 0.03225806451612903 0.16022099447513813
1 0.6738351254480287 0.48342541436464087 0.02867383512544803 0.09392265193370165
1 0.6039426523297491 0.4116022099447514 0.04659498207885305 0.09392265193370165
1 0.5967741935483871 0.3729281767955801 0.06810035842293907 0.09392265193370165
1 0.6039426523297491 0.35359116022099446 0.03942652329749104 0.055248618784530384
1 0.6021505376344086 0.3397790055248619 0.07885304659498207 0.09392265193370165
1 0.6039426523297491 0.44751381215469616 0.06093189964157706 0.1878453038674033
1 0.12365591397849462 0.4116022099447514 0.1111111111111111 0.08287292817679558
1 0.10215053763440861 0.4861878453038674 0.07526881720430108 0.08839779005524862
1 0.18100358422939067 0.511049723756906 0.08960573476702509 0.1270718232044199
1 0.12903225806451613 0.5441988950276243 0.13620071684587814 0.13812154696132597