1 0.9536082474226805 0.22586872586872586 0.08247422680412371 0.11196911196911197
1 0.9639175257731959 0.3166023166023166 0.061855670103092786 0.09266409266409266
1 0.9407216494845361 0.3745173745173745 0.10824742268041238 0.07722007722007722
1 0.8891752577319587 0.46332046332046334 0.211340206185567 0.09266409266409266
1 0.7216494845360825 0.25868725868725867 0.5463917525773195 0.16216216216216217
1 0.3788659793814433 0.38996138996138996 0.30412371134020616 0.13127413127413126
1 0.4896907216494845 0.3918918918918919 0.20618556701030927 0.08108108108108109
1 0.5927835051546392 0.3938223938223938 0.12371134020618557 0.09266409266409266
1 0.7577319587628866 0.3861003861003861 0.30927835051546393 0.138996138996139
1 0.4742268041237113 0.4671814671814672 0.28865979381443296 0.11583011583011583
1 0.32989690721649484 0.5617760617760618 0.3402061855670103 0.25096525096525096
1 0.5927835051546392 0.6081081081081081 0.29896907216494845 0.17374517374517376
1 0.7319587628865979 0.5482625482625483 0.15463917525773196 0.10038610038610038
1 0.8814432989690721 0.47876447876447875 0.2268041237113402 0.0694980694980695
1 0.15463917525773196 0.24903474903474904 0.1134020618556701 0.05791505791505792
1 0.27835051546391754 0.29343629343629346 0.07216494845360824 0.03861003861003861
1 0.2551546391752577 0.3667953667953668 0.23195876288659795 0.13127413127413126
1 0.01804123711340206 0.4189189189189189 0.03608247422680412 0.02702702702702703
1 0.4329896907216495 0.19884169884169883 0.05154639175257732 0.03474903474903475
1 0.48711340206185566 0.2528957528957529 0.015463917525773196 0.019305019305019305
1 0.48195876288659795 0.277992277992278 0.02577319587628866 0.007722007722007722
1 0.5567010309278351 0.25096525096525096 0.020618556701030927 0.015444015444015444
1 0.5103092783505154 0.19884169884169883 0.020618556701030927 0.011583011583011582
1 0.7963917525773195 0.18146718146718147 0.02577319587628866 0.023166023166023165
1 0.14948453608247422 0.5231660231660231 0.29896907216494845 0.18146718146718147
1 0.12886597938144329 0.6853281853281853 0.25773195876288657 0.16602316602316602
1 0.3556701030927835 0.6988416988416989 0.422680412371134 0.2084942084942085
1 0.5231958762886598 0.8378378378378378 0.08762886597938144 0.2471042471042471
1 0.6185567010309279 0.6332046332046332 0.30927835051546393 0.20077220077220076