1 0.9306930693069307 0.608433734939759 0.132013201320132 0.27710843373493976
1 0.9570957095709571 0.8192771084337349 0.07920792079207921 0.18072289156626506
1 0.9158415841584159 0.9307228915662651 0.1617161716171617 0.12650602409638553
1 0.8448844884488449 0.7560240963855421 0.16501650165016502 0.25903614457831325
1 0.9372937293729373 0.4126506024096386 0.1188118811881188 0.1746987951807229
1 0.8960396039603961 0.3614457831325301 0.056105610561056105 0.12048192771084337
1 0.8762376237623762 0.3855421686746988 0.036303630363036306 0.10843373493975904
1 0.8217821782178217 0.3825301204819277 0.09900990099009901 0.1746987951807229
1 0.83003300330033 0.5120481927710844 0.12871287128712872 0.1686746987951807
1 0.8135313531353136 0.6234939759036144 0.09570957095709572 0.09036144578313253
1 0.7128712871287128 0.6054216867469879 0.11221122112211221 0.16265060240963855
1 0.7524752475247525 0.8885542168674698 0.14521452145214522 0.21084337349397592
1 0.6320132013201321 0.9036144578313253 0.12871287128712872 0.18072289156626506
1 0.6386138613861386 0.7379518072289156 0.1419141914191419 0.22289156626506024
1 0.6996699669966997 0.4608433734939759 0.0858085808580858 0.1144578313253012
1 0.7458745874587459 0.42168674698795183 0.07260726072607261 0.1686746987951807
1 0.7574257425742574 0.29819277108433734 0.04950495049504951 0.09036144578313253
1 0.7013201320132013 0.29819277108433734 0.07590759075907591 0.12650602409638553
1 0.6848184818481848 0.22289156626506024 0.036303630363036306 0.03614457831325301
1 0.6270627062706271 0.2319277108433735 0.07260726072607261 0.15060240963855423
1 0.6336633663366337 0.37349397590361444 0.0924092409240924 0.14457831325301204
1 0.6204620462046204 0.5030120481927711 0.0858085808580858 0.12650602409638553
1 0.5841584158415841 0.5692771084337349 0.1254125412541254 0.16265060240963855
1 0.5627062706270627 0.6897590361445783 0.056105610561056105 0.06626506024096386
1 0.5181518151815182 0.8132530120481928 0.10561056105610561 0.1686746987951807
1 0.4884488448844885 0.9216867469879518 0.19141914191419143 0.14457831325301204
1 0.28052805280528054 0.8945783132530121 0.21782178217821782 0.19879518072289157
1 0.0858085808580858 0.8674698795180723 0.15181518151815182 0.25301204819277107
1 0.16666666666666666 0.6596385542168675 0.12871287128712872 0.2469879518072289
1 0.28217821782178215 0.6686746987951807 0.1551155115511551 0.26506024096385544
1 0.39933993399339934 0.7650602409638554 0.1254125412541254 0.2289156626506024
1 0.04950495049504951 0.6897590361445783 0.09900990099009901 0.2469879518072289
1 0.0462046204620462 0.5632530120481928 0.0924092409240924 0.09036144578313253
1 0.1617161716171617 0.5120481927710844 0.132013201320132 0.14457831325301204
1 0.2838283828382838 0.5090361445783133 0.09900990099009901 0.10240963855421686
1 0.3547854785478548 0.48493975903614456 0.07590759075907591 0.13855421686746988
1 0.40594059405940597 0.5963855421686747 0.0924092409240924 0.1566265060240964
1 0.4867986798679868 0.6506024096385542 0.09570957095709572 0.1686746987951807
1 0.5148514851485149 0.5120481927710844 0.07920792079207921 0.10843373493975904
1 0.5594059405940595 0.39759036144578314 0.0891089108910891 0.14457831325301204
1 0.5379537953795379 0.29518072289156627 0.0858085808580858 0.12048192771084337
1 0.5742574257425742 0.2289156626506024 0.0462046204620462 0.10843373493975904
1 0.5132013201320133 0.19578313253012047 0.06930693069306931 0.1144578313253012
1 0.4933993399339934 0.4066265060240964 0.04950495049504951 0.1144578313253012
1 0.4372937293729373 0.5090361445783133 0.08250825082508251 0.12650602409638553
1 0.4042904290429043 0.4036144578313253 0.06930693069306931 0.0963855421686747
1 0.4438943894389439 0.34036144578313254 0.09570957095709572 0.18674698795180722
1 0.4504950495049505 0.20481927710843373 0.056105610561056105 0.0963855421686747
1 0.3943894389438944 0.18674698795180722 0.04950495049504951 0.10843373493975904
1 0.3613861386138614 0.25903614457831325 0.07590759075907591 0.14457831325301204
1 0.334983498349835 0.20783132530120482 0.0429042904290429 0.0783132530120482
1 0.2755775577557756 0.20481927710843373 0.07590759075907591 0.08433734939759036
1 0.26567656765676567 0.2921686746987952 0.08250825082508251 0.12650602409638553
1 0.3085808580858086 0.3825301204819277 0.0627062706270627 0.1144578313253012
1 0.31353135313531355 0.286144578313253 0.033003300330033 0.09036144578313253
1 0.26897689768976896 0.43373493975903615 0.07590759075907591 0.07228915662650602
1 0.20297029702970298 0.4006024096385542 0.0891089108910891 0.10240963855421686
1 0.15676567656765678 0.3674698795180723 0.06930693069306931 0.08433734939759036
1 0.16831683168316833 0.28012048192771083 0.10561056105610561 0.1144578313253012
1 0.19141914191419143 0.22289156626506024 0.0858085808580858 0.060240963855421686
1 0.13861386138613863 0.1897590361445783 0.066006600660066 0.0783132530120482
1 0.08745874587458746 0.20783132530120482 0.056105610561056105 0.06626506024096386
1 0.0891089108910891 0.29518072289156627 0.07260726072607261 0.12048192771084337
1 0.041254125412541254 0.3493975903614458 0.06930693069306931 0.10843373493975904
1 0.0297029702970297 0.2921686746987952 0.0594059405940594 0.1746987951807229
1 0.039603960396039604 0.44879518072289154 0.07920792079207921 0.13855421686746988
1 0.11716171617161716 0.4367469879518072 0.07590759075907591 0.13855421686746988
1 0.9389438943894389 0.14759036144578314 0.056105610561056105 0.05421686746987952
1 0.8993399339933993 0.15060240963855423 0.056105610561056105 0.03614457831325301
1 0.9191419141914191 0.08734939759036145 0.04950495049504951 0.0783132530120482
1 0.8679867986798679 0.0963855421686747 0.052805280528052806 0.07228915662650602
1 0.8217821782178217 0.11746987951807229 0.0924092409240924 0.1144578313253012
1 0.759075907590759 0.09337349397590361 0.052805280528052806 0.0783132530120482
1 0.8102310231023102 0.04216867469879518 0.07590759075907591 0.08433734939759036
1 0.594059405940594 0.04819277108433735 0.10561056105610561 0.0963855421686747
1 0.4537953795379538 0.03614457831325301 0.07590759075907591 0.024096385542168676
1 0.21947194719471946 0.07530120481927711 0.0297029702970297 0.04216867469879518
1 0.25412541254125415 0.06325301204819277 0.039603960396039604 0.05421686746987952
1 0.297029702970297 0.06325301204819277 0.0462046204620462 0.04216867469879518
1 0.034653465346534656 0.1144578313253012 0.06930693069306931 0.10843373493975904