1 0.7225 0.375 0.545 0.6642857142857143
1 0.78 0.7214285714285714 0.14 0.21428571428571427
1 0.9225 0.725 0.145 0.15
1 0.975 0.8607142857142858 0.04 0.16428571428571428
1 0.875 0.8642857142857143 0.17 0.18571428571428572
1 0.735 0.9214285714285714 0.13 0.14285714285714285
1 0.855 0.9714285714285714 0.11 0.04285714285714286
1 0.705 0.8392857142857143 0.19 0.10714285714285714
1 0.6325 0.9428571428571428 0.125 0.1
1 0.5075 0.9142857142857143 0.135 0.15714285714285714
1 0.3725 0.9607142857142857 0.135 0.06428571428571428
1 0.545 0.7535714285714286 0.35 0.36428571428571427
1 0.1775 0.8071428571428572 0.355 0.37142857142857144
1 0.3375 0.5428571428571428 0.335 0.4142857142857143
1 0.24 0.18571428571428572 0.48 0.37142857142857144
1 0.12 0.3678571428571429 0.24 0.40714285714285714
1 0.0625 0.625 0.125 0.25
1 0.83 0.05357142857142857 0.28 0.10714285714285714
1 0.7425 0.07142857142857142 0.505 0.14285714285714285