1 0.8976833976833977 0.8994845360824743 0.16602316602316602 0.19072164948453607
1 0.9826254826254827 0.9304123711340206 0.02702702702702703 0.12886597938144329
1 0.9343629343629344 0.7680412371134021 0.12355212355212356 0.18556701030927836
1 0.8262548262548263 0.6649484536082474 0.16216216216216217 0.23711340206185566
1 0.9343629343629344 0.6056701030927835 0.10810810810810811 0.17010309278350516
1 0.9903474903474904 0.6365979381443299 0.011583011583011582 0.11855670103092783
1 0.8706563706563707 0.43556701030927836 0.15057915057915058 0.211340206185567
1 0.9652509652509652 0.4639175257731959 0.06177606177606178 0.15463917525773196
1 0.8436293436293436 0.24484536082474226 0.1583011583011583 0.17010309278350516
1 0.9517374517374517 0.30412371134020616 0.0888030888030888 0.21649484536082475
1 0.9285714285714286 0.09536082474226804 0.13513513513513514 0.19072164948453607
1 0.8513513513513513 0.14432989690721648 0.07335907335907337 0.061855670103092786
1 0.8378378378378378 0.07989690721649484 0.12355212355212356 0.15979381443298968
1 0.7104247104247104 0.04381443298969072 0.10038610038610038 0.08762886597938144
1 0.7027027027027027 0.17783505154639176 0.15444015444015444 0.18041237113402062
1 0.747104247104247 0.3247422680412371 0.11969111969111969 0.14432989690721648
1 0.693050193050193 0.4381443298969072 0.17374517374517376 0.17525773195876287
1 0.640926640926641 0.5979381443298969 0.1776061776061776 0.2268041237113402
1 0.750965250965251 0.9175257731958762 0.17374517374517376 0.15463917525773196
1 0.6486486486486487 0.8067010309278351 0.10038610038610038 0.11855670103092783
1 0.5135135135135135 0.7783505154639175 0.16988416988416988 0.20618556701030927
1 0.49613899613899615 0.9329896907216495 0.11196911196911197 0.12371134020618557
1 0.6216216216216216 0.9072164948453608 0.16988416988416988 0.17525773195876287
1 0.3996138996138996 0.9329896907216495 0.11969111969111969 0.12371134020618557
1 0.26833976833976836 0.8865979381443299 0.17374517374517376 0.21649484536082475
1 0.09652509652509653 0.9123711340206185 0.1776061776061776 0.16494845360824742
1 0.15444015444015444 0.7216494845360825 0.18532818532818532 0.23711340206185566
1 0.305019305019305 0.7680412371134021 0.11583011583011583 0.13402061855670103
1 0.38803088803088803 0.7268041237113402 0.11196911196911197 0.1958762886597938
1 0.4980694980694981 0.6108247422680413 0.11583011583011583 0.13917525773195877
1 0.528957528957529 0.49742268041237114 0.14671814671814673 0.23195876288659795
1 0.39768339768339767 0.5335051546391752 0.13127413127413126 0.22164948453608246
1 0.26833976833976836 0.49226804123711343 0.1583011583011583 0.23195876288659795
1 0.23552123552123552 0.6417525773195877 0.11583011583011583 0.14948453608247422
1 0.12355212355212356 0.5335051546391752 0.138996138996139 0.15979381443298968
1 0.021235521235521235 0.5489690721649485 0.04247104247104247 0.13917525773195877
1 0.02895752895752896 0.36597938144329895 0.05791505791505792 0.2268041237113402
1 0.1274131274131274 0.38144329896907214 0.15444015444015444 0.24742268041237114
1 0.30115830115830117 0.37628865979381443 0.10810810810810811 0.1134020618556701
1 0.38803088803088803 0.28865979381443296 0.1583011583011583 0.2268041237113402
1 0.2876447876447876 0.2345360824742268 0.1274131274131274 0.18041237113402062
1 0.3687258687258687 0.09536082474226804 0.13513513513513514 0.15979381443298968
1 0.2335907335907336 0.14432989690721648 0.1274131274131274 0.18556701030927836
1 0.11003861003861004 0.16752577319587628 0.16602316602316602 0.20103092783505155
1 0.017374517374517374 0.15979381443298968 0.03474903474903475 0.18556701030927836
1 0.017374517374517374 0.041237113402061855 0.03474903474903475 0.08247422680412371
1 0.08687258687258688 0.01804123711340206 0.1274131274131274 0.03608247422680412
1 0.1891891891891892 0.05154639175257732 0.14671814671814673 0.10309278350515463
1 0.3918918918918919 0.01804123711340206 0.09652509652509653 0.03608247422680412
1 0.5077220077220077 0.04381443298969072 0.1583011583011583 0.08762886597938144
1 0.6003861003861004 0.13917525773195877 0.09652509652509653 0.15463917525773196
1 0.48841698841698844 0.17525773195876287 0.16602316602316602 0.18556701030927836
1 0.6235521235521235 0.29896907216494845 0.11969111969111969 0.16494845360824742
1 0.5308880308880309 0.3170103092783505 0.1583011583011583 0.13917525773195877