1 0.9358490566037736 0.7868421052631579 0.09056603773584905 0.05789473684210526
1 0.9358490566037736 0.7026315789473684 0.09056603773584905 0.12105263157894737
1 0.9433962264150944 0.5368421052631579 0.0830188679245283 0.12631578947368421
1 0.9264150943396227 0.5815789473684211 0.04905660377358491 0.07894736842105263
1 0.9584905660377359 0.6157894736842106 0.052830188679245285 0.042105263157894736
1 0.9037735849056604 0.6263157894736842 0.05660377358490566 0.06315789473684211
1 0.8962264150943396 0.5631578947368421 0.04150943396226415 0.07368421052631578
1 0.8490566037735849 0.531578947368421 0.07547169811320754 0.10526315789473684
1 0.8924528301886793 0.4842105263157895 0.033962264150943396 0.07368421052631578
1 0.8679245283018868 0.4263157894736842 0.0830188679245283 0.08421052631578947
1 0.8905660377358491 0.35526315789473684 0.06037735849056604 0.07894736842105263
1 0.9037735849056604 0.29473684210526313 0.06415094339622641 0.06315789473684211
1 0.9490566037735849 0.3868421052631579 0.07169811320754717 0.15263157894736842
1 0.960377358490566 0.27631578947368424 0.04150943396226415 0.05789473684210526
1 0.9226415094339623 0.15526315789473685 0.1169811320754717 0.23684210526315788
1 0.8018867924528302 0.23157894736842105 0.16226415094339622 0.21052631578947367
1 0.8641509433962264 0.30526315789473685 0.052830188679245285 0.06315789473684211
1 0.8339622641509434 0.3605263157894737 0.052830188679245285 0.06842105263157895
1 0.7924528301886793 0.3631578947368421 0.06037735849056604 0.05263157894736842
1 0.7641509433962265 0.4368421052631579 0.1169811320754717 0.1368421052631579
1 0.7943396226415095 0.5368421052631579 0.05660377358490566 0.06315789473684211
1 0.7188679245283018 0.5421052631578948 0.10943396226415095 0.22105263157894736
1 0.8528301886792453 0.6342105263157894 0.045283018867924525 0.05789473684210526
1 0.8339622641509434 0.7236842105263158 0.09811320754716982 0.1736842105263158
1 0.7603773584905661 0.7552631578947369 0.12452830188679245 0.13157894736842105
1 0.6377358490566037 0.5184210526315789 0.09811320754716982 0.12105263157894737
1 0.6245283018867924 0.4026315789473684 0.04905660377358491 0.04736842105263158
1 0.6547169811320754 0.3631578947368421 0.09433962264150944 0.18947368421052632
1 0.7226415094339622 0.32894736842105265 0.07924528301886792 0.08947368421052632
1 0.5452830188679245 0.2026315789473684 0.21509433962264152 0.12105263157894737
1 0.7 0.22894736842105262 0.09433962264150944 0.14210526315789473
1 0.7433962264150943 0.15526315789473685 0.03773584905660377 0.03684210526315789
1 0.8320754716981132 0.11578947368421053 0.07924528301886792 0.08421052631578947
1 0.7830188679245284 0.07894736842105263 0.2 0.07368421052631578
1 0.6830188679245283 0.05526315789473684 0.07547169811320754 0.04736842105263158
1 0.5773584905660377 0.10263157894736842 0.14339622641509434 0.15263157894736842
1 0.4660377358490566 0.12105263157894737 0.12452830188679245 0.16842105263157894
1 0.47358490566037736 0.034210526315789476 0.04905660377358491 0.02631578947368421
1 0.2962264150943396 0.16842105263157894 0.2981132075471698 0.3157894736842105
1 0.0830188679245283 0.15263157894736842 0.07547169811320754 0.09473684210526316
1 0.08113207547169811 0.07894736842105263 0.04905660377358491 0.06315789473684211
1 0.12452830188679245 0.13421052631578947 0.03773584905660377 0.05789473684210526
1 0.12830188679245283 0.2894736842105263 0.1660377358490566 0.09473684210526316
1 0.15283018867924528 0.22894736842105262 0.06415094339622641 0.04736842105263158
1 0.12075471698113208 0.38421052631578945 0.15849056603773584 0.16842105263157894
1 0.23773584905660378 0.39210526315789473 0.1660377358490566 0.14210526315789473
1 0.18867924528301888 0.65 0.2943396226415094 0.3631578947368421
1 0.2018867924528302 0.7789473684210526 0.15471698113207547 0.10526315789473684
1 0.09811320754716982 0.718421052631579 0.10566037735849057 0.18421052631578946
1 0.37924528301886795 0.5815789473684211 0.06415094339622641 0.07894736842105263
1 0.27358490566037735 0.42894736842105263 0.08679245283018867 0.12105263157894737
1 0.10943396226415095 0.5052631578947369 0.0830188679245283 0.09473684210526316
1 0.36981132075471695 0.7894736842105263 0.0830188679245283 0.09473684210526316
1 0.5320754716981132 0.7157894736842105 0.3849056603773585 0.22105263157894736
1 0.5981132075471698 0.5789473684210527 0.04905660377358491 0.06315789473684211
1 0.630188679245283 0.6236842105263158 0.06037735849056604 0.07894736842105263
1 0.6773584905660377 0.5631578947368421 0.04905660377358491 0.06315789473684211
1 0.5679245283018868 0.5421052631578948 0.06415094339622641 0.12631578947368421
1 0.5566037735849056 0.45263157894736844 0.07169811320754717 0.08421052631578947
1 0.5716981132075472 0.39473684210526316 0.07924528301886792 0.11578947368421053
1 0.5471698113207547 0.2789473684210526 0.1509433962264151 0.14736842105263157
1 0.5660377358490566 0.19210526315789472 0.15849056603773584 0.1
1 0.6188679245283019 0.2868421052631579 0.052830188679245285 0.05789473684210526