1 0.6794019933554817 0.17365269461077845 0.2159468438538206 0.2634730538922156
1 0.9269102990033222 0.4550898203592814 0.11295681063122924 0.17964071856287425
1 0.9518272425249169 0.592814371257485 0.08970099667774087 0.32335329341317365
1 0.8654485049833887 0.8233532934131736 0.2159468438538206 0.30538922155688625
1 0.9036544850498339 0.8832335329341318 0.18604651162790697 0.2215568862275449
1 0.8023255813953488 0.4940119760479042 0.2558139534883721 0.3772455089820359
1 0.8039867109634552 0.24850299401197604 0.17275747508305647 0.46107784431137727
1 0.9003322259136213 0.23952095808383234 0.19269102990033224 0.3592814371257485
1 0.9518272425249169 0.20958083832335328 0.08970099667774087 0.23952095808383234
1 0.9053156146179402 0.08383233532934131 0.16943521594684385 0.16766467065868262
1 0.4418604651162791 0.30538922155688625 0.15946843853820597 0.2275449101796407
1 0.4568106312292359 0.5329341317365269 0.1362126245847176 0.19161676646706588
1 0.4119601328903654 0.6437125748502994 0.15282392026578073 0.18562874251497005
1 0.292358803986711 0.7874251497005988 0.2591362126245847 0.2215568862275449
1 0.4601328903654485 0.8053892215568862 0.12956810631229235 0.20958083832335328
1 0.5465116279069767 0.7694610778443114 0.05647840531561462 0.0658682634730539
1 0.553156146179402 0.7275449101796407 0.04983388704318937 0.05389221556886228
1 0.5714285714285714 0.688622754491018 0.046511627906976744 0.08383233532934131
1 0.6046511627906976 0.7784431137724551 0.059800664451827246 0.08383233532934131
1 0.659468438538206 0.7425149700598802 0.06312292358803986 0.0718562874251497
1 0.6212624584717608 0.7005988023952096 0.03986710963455149 0.0718562874251497
1 0.6727574750830565 0.6826347305389222 0.05647840531561462 0.08383233532934131
1 0.6993355481727574 0.5868263473053892 0.16279069767441862 0.16766467065868262
1 0.5481727574750831 0.6467065868263473 0.13953488372093023 0.2155688622754491
1 0.6262458471760798 0.4880239520958084 0.15614617940199335 0.18562874251497005
1 0.7242524916943521 0.7155688622754491 0.0664451827242525 0.1377245508982036
1 0.7724252491694352 0.6676646706586826 0.05647840531561462 0.10179640718562874
1 0.8239202657807309 0.7215568862275449 0.046511627906976744 0.0658682634730539
1 0.7956810631229236 0.7544910179640718 0.06312292358803986 0.10778443113772455
1 0.7491694352159468 0.8083832335329342 0.05647840531561462 0.09580838323353294
1 0.7026578073089701 0.8502994011976048 0.06976744186046512 0.1317365269461078
1 0.6445182724252492 0.8353293413173652 0.03986710963455149 0.0658682634730539
1 0.6727574750830565 0.8952095808383234 0.04318936877076412 0.0658682634730539
1 0.5996677740863787 0.9311377245508982 0.06976744186046512 0.12574850299401197
1 0.6345514950166113 0.9610778443113772 0.053156146179401995 0.0658682634730539
1 0.6893687707641196 0.9610778443113772 0.05647840531561462 0.0658682634730539
1 0.7358803986710963 0.9491017964071856 0.04318936877076412 0.07784431137724551
1 0.6611295681063123 0.36826347305389223 0.03322259136212625 0.0658682634730539
1 0.6461794019933554 0.31736526946107785 0.036544850498338874 0.059880239520958084
1 0.6229235880398671 0.36826347305389223 0.04318936877076412 0.07784431137724551
1 0.6112956810631229 0.2934131736526946 0.03986710963455149 0.0718562874251497
1 0.584717607973422 0.32335329341317365 0.03986710963455149 0.0718562874251497
1 0.5564784053156147 0.344311377245509 0.04318936877076412 0.0658682634730539
1 0.584717607973422 0.4041916167664671 0.03322259136212625 0.0658682634730539
1 0.5514950166112956 0.4221556886227545 0.03322259136212625 0.05389221556886228
1 0.5398671096345515 0.47904191616766467 0.029900332225913623 0.059880239520958084
1 0.5830564784053156 0.19461077844311378 0.029900332225913623 0.07784431137724551
1 0.5631229235880398 0.25449101796407186 0.036544850498338874 0.0658682634730539
1 0.5548172757475083 0.18862275449101795 0.026578073089700997 0.05389221556886228
1 0.5282392026578073 0.23053892215568864 0.03322259136212625 0.0658682634730539
1 0.5365448504983389 0.1377245508982036 0.023255813953488372 0.059880239520958084
1 0.5498338870431894 0.11377245508982035 0.029900332225913623 0.059880239520958084
1 0.5083056478405316 0.17365269461077845 0.026578073089700997 0.04790419161676647
1 0.5066445182724253 0.12874251497005987 0.023255813953488372 0.05389221556886228
1 0.5232558139534884 0.09281437125748503 0.029900332225913623 0.05389221556886228
1 0.5348837209302325 0.05688622754491018 0.026578073089700997 0.05389221556886228
1 0.5116279069767442 0.0658682634730539 0.019933554817275746 0.03592814371257485
1 0.4833887043189369 0.0718562874251497 0.016611295681063124 0.023952095808383235
1 0.4850498338870432 0.11976047904191617 0.019933554817275746 0.059880239520958084
1 0.4833887043189369 0.17065868263473055 0.023255813953488372 0.05389221556886228
1 0.45348837209302323 0.16467065868263472 0.036544850498338874 0.05389221556886228
1 0.4584717607973422 0.11377245508982035 0.026578073089700997 0.059880239520958084
1 0.43853820598006643 0.12275449101796407 0.019933554817275746 0.05389221556886228
1 0.4368770764119601 0.03293413173652695 0.16943521594684385 0.0658682634730539
1 0.5681063122923588 0.023952095808383235 0.09966777408637874 0.04790419161676647
1 0.686046511627907 0.03592814371257485 0.22259136212624583 0.0718562874251497
1 0.4053156146179402 0.15269461077844312 0.03322259136212625 0.07784431137724551
1 0.4152823920265781 0.09281437125748503 0.03322259136212625 0.041916167664670656
1 0.3687707641196013 0.16167664670658682 0.03986710963455149 0.059880239520958084
1 0.3787375415282392 0.10179640718562874 0.03322259136212625 0.04790419161676647
1 0.3521594684385382 0.11976047904191617 0.026578073089700997 0.04790419161676647
1 0.3554817275747508 0.05688622754491018 0.019933554817275746 0.05389221556886228
1 0.39368770764119604 0.05089820359281437 0.029900332225913623 0.041916167664670656
1 0.3372093023255814 0.08682634730538923 0.029900332225913623 0.041916167664670656
1 0.32558139534883723 0.11377245508982035 0.019933554817275746 0.03592814371257485
1 0.33056478405315615 0.15269461077844312 0.029900332225913623 0.041916167664670656
1 0.26245847176079734 0.2215568862275449 0.22591362126245848 0.17964071856287425
1 0.313953488372093 0.41317365269461076 0.14950166112956811 0.2754491017964072
1 0.2757475083056478 0.6167664670658682 0.11960132890365449 0.19161676646706588
1 0.20764119601328904 0.5538922155688623 0.09634551495016612 0.20958083832335328
1 0.11627906976744186 0.5389221556886228 0.12624584717607973 0.2155688622754491
1 0.1877076411960133 0.3652694610778443 0.12292358803986711 0.20359281437125748
1 0.06976744186046512 0.4161676646706587 0.13953488372093023 0.38922155688622756
1 0.2840531561461794 0.0718562874251497 0.16279069767441862 0.1437125748502994
1 0.14119601328903655 0.03592814371257485 0.14950166112956811 0.0718562874251497
1 0.03820598006644518 0.04491017964071856 0.07641196013289037 0.08982035928143713
1 0.11960132890365449 0.1407185628742515 0.23920265780730898 0.16167664670658682
1 0.12458471760797342 0.2275449101796407 0.04318936877076412 0.0718562874251497
1 0.10963455149501661 0.8952095808383234 0.11960132890365449 0.19760479041916168
1 0.04318936877076412 0.9191616766467066 0.08637873754152824 0.1497005988023952
1 0.029900332225913623 0.6916167664670658 0.03322259136212625 0.07784431137724551
1 0.023255813953488372 0.7694610778443114 0.03986710963455149 0.07784431137724551
1 0.0049833887043189366 0.7155688622754491 0.009966777408637873 0.041916167664670656
1 0.009966777408637873 0.6497005988023952 0.019933554817275746 0.07784431137724551
1 0.016611295681063124 0.8502994011976048 0.03322259136212625 0.0718562874251497
1 0.17275747508305647 0.7544910179640718 0.2591362126245847 0.2155688622754491
1 0.6079734219269103 0.8353293413173652 0.026578073089700997 0.05389221556886228
1 0.5780730897009967 0.8473053892215568 0.026578073089700997 0.041916167664670656
1 0.5465116279069767 0.844311377245509 0.023255813953488372 0.04790419161676647
1 0.5448504983388704 0.7994011976047904 0.026578073089700997 0.029940119760479042
1 0.5116279069767442 0.8023952095808383 0.019933554817275746 0.03592814371257485
1 0.521594684385382 0.8353293413173652 0.019933554817275746 0.029940119760479042
1 0.4883720930232558 0.844311377245509 0.019933554817275746 0.03592814371257485
1 0.5066445182724253 0.8682634730538922 0.023255813953488372 0.03592814371257485
1 0.5431893687707641 0.8532934131736527 0.036544850498338874 0.041916167664670656
1 0.5398671096345515 0.9011976047904192 0.023255813953488372 0.041916167664670656
1 0.5099667774086378 0.9161676646706587 0.029900332225913623 0.059880239520958084
1 0.5481727574750831 0.9341317365269461 0.03322259136212625 0.04790419161676647
1 0.5498338870431894 0.9730538922155688 0.029900332225913623 0.041916167664670656
1 0.526578073089701 0.9760479041916168 0.023255813953488372 0.03592814371257485
1 0.5 0.9760479041916168 0.016611295681063124 0.03592814371257485
1 0.4850498338870432 0.9281437125748503 0.026578073089700997 0.04790419161676647
1 0.46677740863787376 0.9610778443113772 0.029900332225913623 0.041916167664670656
1 0.4601328903654485 0.9221556886227545 0.016611295681063124 0.03592814371257485
1 0.4418604651162791 0.9670658682634731 0.019933554817275746 0.05389221556886228
1 0.4368770764119601 0.9251497005988024 0.023255813953488372 0.029940119760479042
1 0.43521594684385384 0.8862275449101796 0.026578073089700997 0.04790419161676647
1 0.4119601328903654 0.9101796407185628 0.026578073089700997 0.04790419161676647
1 0.4069767441860465 0.9491017964071856 0.029900332225913623 0.05389221556886228
1 0.4003322259136213 0.9760479041916168 0.029900332225913623 0.03592814371257485
1 0.4219269102990033 0.9850299401197605 0.026578073089700997 0.017964071856287425
1 0.3754152823920266 0.937125748502994 0.03322259136212625 0.041916167664670656
1 0.3687707641196013 0.9700598802395209 0.03322259136212625 0.04790419161676647
1 0.3770764119601329 0.9011976047904192 0.029900332225913623 0.05389221556886228
1 0.3953488372093023 0.8802395209580839 0.019933554817275746 0.04790419161676647
1 0.3920265780730897 0.8203592814371258 0.019933554817275746 0.04790419161676647
1 0.3654485049833887 0.8293413173652695 0.03322259136212625 0.0658682634730539
1 0.34053156146179403 0.8233532934131736 0.029900332225913623 0.029940119760479042
1 0.33554817275747506 0.8622754491017964 0.03322259136212625 0.04790419161676647
1 0.3588039867109635 0.8622754491017964 0.026578073089700997 0.023952095808383235
1 0.33056478405315615 0.9041916167664671 0.029900332225913623 0.03592814371257485
1 0.33056478405315615 0.8592814371257484 0.023255813953488372 0.041916167664670656
1 0.3073089700996678 0.8532934131736527 0.016611295681063124 0.029940119760479042
1 0.30564784053156147 0.8832335329341318 0.019933554817275746 0.029940119760479042
1 0.33554817275747506 0.9700598802395209 0.03322259136212625 0.04790419161676647
1 0.3338870431893688 0.9431137724550899 0.016611295681063124 0.017964071856287425
1 0.3089700996677741 0.9550898203592815 0.019933554817275746 0.041916167664670656
1 0.28903654485049834 0.9820359281437125 0.026578073089700997 0.023952095808383235
1 0.2724252491694352 0.9491017964071856 0.026578073089700997 0.0658682634730539
1 0.292358803986711 0.9550898203592815 0.013289036544850499 0.029940119760479042
1 0.2857142857142857 0.9131736526946108 0.019933554817275746 0.041916167664670656
1 0.2707641196013289 0.8712574850299402 0.023255813953488372 0.041916167664670656
1 0.2956810631229236 0.8532934131736527 0.026578073089700997 0.041916167664670656
1 0.2591362126245847 0.9131736526946108 0.026578073089700997 0.05389221556886228
1 0.23421926910299004 0.9101796407185628 0.036544850498338874 0.04790419161676647
1 0.2441860465116279 0.9640718562874252 0.029900332225913623 0.059880239520958084
1 0.22259136212624583 0.9401197604790419 0.03322259136212625 0.03592814371257485
1 0.20431893687707642 0.9760479041916168 0.04318936877076412 0.03592814371257485
1 0.19767441860465115 0.9520958083832335 0.023255813953488372 0.023952095808383235
1 0.20431893687707642 0.907185628742515 0.029900332225913623 0.05389221556886228
1 0.1760797342192691 0.9251497005988024 0.026578073089700997 0.041916167664670656
1 0.15614617940199335 0.9640718562874252 0.026578073089700997 0.04790419161676647