1 0.5193050193050193 0.6288659793814433 0.3127413127413127 0.5154639175257731
1 0.88996138996139 0.6855670103092784 0.21235521235521235 0.4845360824742268
1 0.8706563706563707 0.9484536082474226 0.25096525096525096 0.09278350515463918
1 0.7007722007722008 0.7938144329896907 0.20463320463320464 0.4020618556701031
1 0.5308880308880309 0.9149484536082474 0.35135135135135137 0.15979381443298968
1 0.2277992277992278 0.8195876288659794 0.2625482625482625 0.35051546391752575
1 0.24324324324324326 0.5412371134020618 0.29343629343629346 0.3711340206185567
1 0.4498069498069498 0.2912371134020619 0.26640926640926643 0.3556701030927835
1 0.8146718146718147 0.39690721649484534 0.36293436293436293 0.3711340206185567
1 0.8957528957528957 0.17010309278350516 0.20077220077220076 0.3402061855670103
1 0.9633204633204633 0.37628865979381443 0.06563706563706563 0.14432989690721648
1 0.6525096525096525 0.18298969072164947 0.30115830115830117 0.36597938144329895
1 0.277992277992278 0.14175257731958762 0.2471042471042471 0.28350515463917525
1 0.4555984555984556 0.06958762886597938 0.12355212355212356 0.13917525773195877
1 0.11003861003861004 0.2912371134020619 0.22007722007722008 0.4072164948453608
1 0.05405405405405406 0.6443298969072165 0.10810810810810811 0.30927835051546393
1 0.059845559845559844 0.8891752577319587 0.11969111969111969 0.211340206185567
1 0.05019305019305019 0.07474226804123711 0.10038610038610038 0.14948453608247422