1 0.08712121212121213 0.25654450261780104 0.17424242424242425 0.2198952879581152
1 0.14204545454545456 0.38219895287958117 0.22348484848484848 0.10471204188481675
1 0.16477272727272727 0.56282722513089 0.32954545454545453 0.45549738219895286
1 0.08143939393939394 0.7513089005235603 0.13257575757575757 0.17277486910994763
1 0.4431818181818182 0.5497382198952879 0.12121212121212122 0.18848167539267016
1 0.3352272727272727 0.6256544502617801 0.36742424242424243 0.41361256544502617
1 0.4981060606060606 0.6413612565445026 0.3522727272727273 0.3403141361256545
1 0.5890151515151515 0.5863874345549738 0.3371212121212121 0.31413612565445026
1 0.7045454545454546 0.6465968586387435 0.23484848484848486 0.193717277486911
1 0.4640151515151515 0.387434554973822 0.7613636363636364 0.5863874345549738
1 0.8560606060606061 0.6413612565445026 0.03787878787878788 0.04712041884816754
1 0.32007575757575757 0.39267015706806285 0.13257575757575757 0.18848167539267016
1 0.4356060606060606 0.4083769633507853 0.12878787878787878 0.14659685863874344
1 0.6382575757575758 0.4476439790575916 0.3371212121212121 0.193717277486911
1 0.8712121212121212 0.7958115183246073 0.25 0.2617801047120419
1 0.9223484848484849 0.5052356020942408 0.14772727272727273 0.3717277486910995
1 0.8125 0.40575916230366493 0.3068181818181818 0.4031413612565445
1 0.9242424242424242 0.20418848167539266 0.14393939393939395 0.2513089005235602
1 0.8409090909090909 0.10209424083769633 0.3106060606060606 0.20418848167539266
1 0.6761363636363636 0.193717277486911 0.2916666666666667 0.387434554973822
1 0.48484848484848486 0.2931937172774869 0.21212121212121213 0.14659685863874344
1 0.32954545454545453 0.24083769633507854 0.09848484848484848 0.10471204188481675
1 0.3465909090909091 0.19109947643979058 0.10984848484848485 0.1099476439790576
1 0.36553030303030304 0.14136125654450263 0.041666666666666664 0.08376963350785341
1 0.5227272727272727 0.11518324607329843 0.29545454545454547 0.23036649214659685
1 0.3143939393939394 0.04712041884816754 0.1590909090909091 0.09424083769633508
1 0.2916666666666667 0.11518324607329843 0.10606060606060606 0.1256544502617801
1 0.36742424242424243 0.08900523560209424 0.045454545454545456 0.08376963350785341
1 0.22537878787878787 0.14136125654450263 0.0946969696969697 0.13612565445026178
1 0.2784090909090909 0.1649214659685864 0.041666666666666664 0.09947643979057591
1 0.16666666666666666 0.05235602094240838 0.11363636363636363 0.09424083769633508
1 0.21022727272727273 0.041884816753926704 0.0946969696969697 0.08376963350785341
1 0.0928030303030303 0.1099476439790576 0.10227272727272728 0.11518324607329843
1 0.030303030303030304 0.09424083769633508 0.06060606060606061 0.10471204188481675
1 0.08333333333333333 0.04712041884816754 0.05303030303030303 0.031413612565445025
1 0.12310606060606061 0.02356020942408377 0.06439393939393939 0.04712041884816754
1 0.041666666666666664 0.02617801047120419 0.08333333333333333 0.05235602094240838