1 0.7149532710280374 0.5957446808510638 0.18691588785046728 0.18723404255319148
1 0.8457943925233645 0.6170212765957447 0.07476635514018691 0.07659574468085106
1 0.5700934579439252 0.5446808510638298 0.1588785046728972 0.16170212765957448
1 0.5210280373831776 0.674468085106383 0.24766355140186916 0.251063829787234
1 0.4182242990654206 0.6212765957446809 0.1261682242990654 0.16170212765957448
1 0.42757009345794394 0.7808510638297872 0.19158878504672897 0.225531914893617
1 0.5046728971962616 0.8723404255319149 0.16822429906542055 0.14468085106382977
1 0.3644859813084112 0.7638297872340426 0.102803738317757 0.1574468085106383
1 0.633177570093458 0.3191489361702128 0.0794392523364486 0.09361702127659574
1 0.9742990654205608 0.5340425531914894 0.04205607476635514 0.08936170212765958
1 0.616822429906542 0.24680851063829787 0.056074766355140186 0.05106382978723404
1 0.7032710280373832 0.2680851063829787 0.11682242990654206 0.11063829787234042
1 0.7850467289719626 0.3446808510638298 0.056074766355140186 0.059574468085106386
1 0.5046728971962616 0.3148936170212766 0.1308411214953271 0.13617021276595745
1 0.5023364485981309 0.4106382978723404 0.02336448598130841 0.029787234042553193
1 0.4205607476635514 0.27872340425531916 0.1308411214953271 0.225531914893617
1 0.46261682242990654 0.17659574468085107 0.11214953271028037 0.14893617021276595
1 0.5584112149532711 0.16170212765957448 0.1542056074766355 0.17872340425531916
1 0.7126168224299065 0.23191489361702128 0.11682242990654206 0.2425531914893617
1 0.8200934579439252 0.28085106382978725 0.2757009345794392 0.19574468085106383
1 0.3107476635514019 0.08723404255319149 0.13551401869158877 0.14893617021276595
1 0.3691588785046729 0.04468085106382979 0.14953271028037382 0.08936170212765958
1 0.5350467289719626 0.04680851063829787 0.13551401869158877 0.09361702127659574
1 0.25 0.1127659574468085 0.11682242990654206 0.13191489361702127
1 0.205607476635514 0.32978723404255317 0.07476635514018691 0.09787234042553192
1 0.1378504672897196 0.4021276595744681 0.11682242990654206 0.10638297872340426
1 0.08411214953271028 0.4085106382978723 0.07476635514018691 0.10212765957446808
1 0.030373831775700934 0.502127659574468 0.06074766355140187 0.11914893617021277
1 0.15186915887850466 0.5127659574468085 0.08878504672897196 0.08936170212765958
1 0.12850467289719625 0.6234042553191489 0.10747663551401869 0.09787234042553192
1 0.07710280373831775 0.6659574468085107 0.06074766355140187 0.04680851063829787
1 0.09813084112149532 0.7468085106382979 0.08411214953271028 0.06382978723404255
1 0.14485981308411214 0.6914893617021277 0.06542056074766354 0.05531914893617021
1 0.18925233644859812 0.7170212765957447 0.04205607476635514 0.029787234042553193