1 0.9517857142857142 0.725 0.08928571428571429 0.20555555555555555
1 0.9446428571428571 0.55 0.10357142857142858 0.2
1 0.8892857142857142 0.8472222222222222 0.21428571428571427 0.29444444444444445
1 0.9642857142857143 0.9472222222222222 0.06428571428571428 0.09444444444444444
1 0.8375 0.9222222222222223 0.13214285714285715 0.14444444444444443
1 0.8625 0.6 0.10357142857142858 0.17777777777777778
1 0.7482142857142857 0.6305555555555555 0.09642857142857143 0.16111111111111112
1 0.6089285714285714 0.5861111111111111 0.21785714285714286 0.37222222222222223
1 0.6089285714285714 0.575 0.10357142857142858 0.1388888888888889
1 0.6785714285714286 0.8527777777777777 0.21428571428571427 0.2833333333333333
1 0.8142857142857143 0.5027777777777778 0.1357142857142857 0.20555555555555555
1 0.7446428571428572 0.37222222222222223 0.125 0.18888888888888888
1 0.8482142857142857 0.2916666666666667 0.11785714285714285 0.19444444444444445
1 0.9285714285714286 0.3194444444444444 0.07142857142857142 0.18333333333333332
1 0.975 0.25555555555555554 0.04285714285714286 0.12222222222222222
1 0.7928571428571428 0.20277777777777778 0.10714285714285714 0.12777777777777777
1 0.8660714285714286 0.09722222222222222 0.10357142857142858 0.18333333333333332
1 0.9607142857142857 0.09722222222222222 0.07142857142857142 0.16111111111111112
1 0.9214285714285714 0.18888888888888888 0.05714285714285714 0.05555555555555555
1 0.6410714285714286 0.2222222222222222 0.26071428571428573 0.4444444444444444
1 0.7732142857142857 0.030555555555555555 0.16071428571428573 0.06111111111111111
1 0.5767857142857142 0.027777777777777776 0.13214285714285715 0.05555555555555555
1 0.5232142857142857 0.09166666666666666 0.075 0.12777777777777777
1 0.4642857142857143 0.03333333333333333 0.09285714285714286 0.06666666666666667
1 0.32142857142857145 0.31666666666666665 0.4357142857142857 0.6333333333333333
1 0.3196428571428571 0.8138888888888889 0.28214285714285714 0.3611111111111111
1 0.5232142857142857 0.9138888888888889 0.1392857142857143 0.16111111111111112
1 0.5160714285714286 0.775 0.125 0.18333333333333332
1 0.4642857142857143 0.5861111111111111 0.17142857142857143 0.3055555555555556
1 0.1625 0.7055555555555556 0.08928571428571429 0.13333333333333333
1 0.14642857142857144 0.8388888888888889 0.09285714285714286 0.12222222222222222
1 0.05892857142857143 0.8944444444444445 0.11785714285714285 0.2
1 0.11785714285714285 0.8583333333333333 0.16428571428571428 0.2722222222222222
1 0.19107142857142856 0.5472222222222223 0.14642857142857144 0.25
1 0.09642857142857143 0.6361111111111111 0.1357142857142857 0.25
1 0.023214285714285715 0.6472222222222223 0.04642857142857143 0.3277777777777778
1 0.060714285714285714 0.4361111111111111 0.11428571428571428 0.16111111111111112
1 0.0625 0.2833333333333333 0.08928571428571429 0.17777777777777778
1 0.017857142857142856 0.25833333333333336 0.03571428571428571 0.20555555555555555
1 0.09642857142857143 0.10277777777777777 0.19285714285714287 0.20555555555555555