1 0.8963636363636364 0.4726775956284153 0.1781818181818182 0.2677595628415301
1 0.8436363636363636 0.73224043715847 0.20363636363636364 0.29508196721311475
1 0.66 0.48360655737704916 0.12727272727272726 0.18032786885245902
1 0.6872727272727273 0.639344262295082 0.10909090909090909 0.17486338797814208
1 0.6763636363636364 0.73224043715847 0.08 0.1092896174863388
1 0.6127272727272727 0.7896174863387978 0.12 0.14754098360655737
1 0.6127272727272727 0.7213114754098361 0.07636363636363637 0.13114754098360656
1 0.6036363636363636 0.6420765027322405 0.08 0.1366120218579235
1 0.5018181818181818 0.1885245901639344 0.2545454545454545 0.3770491803278688
1 0.29454545454545455 0.1912568306010929 0.2109090909090909 0.31693989071038253
1 0.20545454545454545 0.3797814207650273 0.16363636363636364 0.2677595628415301
1 0.3 0.5710382513661202 0.15636363636363637 0.3005464480874317
1 0.12545454545454546 0.6420765027322405 0.20727272727272728 0.3224043715846995
1 0.5109090909090909 0.4918032786885246 0.15636363636363637 0.18579234972677597
1 0.5709090909090909 0.4781420765027322 0.08727272727272728 0.04918032786885246
1 0.5163636363636364 0.3797814207650273 0.14545454545454545 0.16939890710382513
1 0.4309090909090909 0.5409836065573771 0.09090909090909091 0.12021857923497267
1 0.4163636363636364 0.6639344262295082 0.09818181818181818 0.20218579234972678
1 0.5036363636363637 0.6420765027322405 0.07636363636363637 0.1912568306010929
1 0.5163636363636364 0.7595628415300546 0.08727272727272728 0.22950819672131148