1 0.7150943396226415 0.5789473684210527 0.4490566037735849 0.631578947368421
1 0.9528301886792453 0.6921052631578948 0.08679245283018867 0.5105263157894737
1 0.9188679245283019 0.9473684210526315 0.15471698113207547 0.09473684210526316
1 0.660377358490566 0.9026315789473685 0.4226415094339623 0.18421052631578946
1 0.2981132075471698 0.8263157894736842 0.24150943396226415 0.3368421052631579
1 0.47358490566037736 0.8 0.12452830188679245 0.28421052631578947
1 0.3867924528301887 0.3 0.2830188679245283 0.3894736842105263
1 0.6849056603773584 0.20789473684210527 0.30566037735849055 0.32105263157894737
1 0.9018867924528302 0.19210526315789472 0.18867924528301888 0.38421052631578945
1 0.9377358490566038 0.42894736842105263 0.08679245283018867 0.06842105263157895
1 0.7150943396226415 0.08421052631578947 0.19245283018867926 0.16842105263157894
1 0.45660377358490567 0.08421052631578947 0.30943396226415093 0.16842105263157894
1 0.2 0.15 0.25660377358490566 0.3
1 0.07358490566037736 0.08947368421052632 0.1471698113207547 0.17894736842105263
1 0.0509433962264151 0.29736842105263156 0.1018867924528302 0.32105263157894737
1 0.12452830188679245 0.39473684210526316 0.2490566037735849 0.21052631578947367
1 0.2188679245283019 0.4868421052631579 0.12075471698113208 0.1631578947368421
1 0.2509433962264151 0.5421052631578948 0.09433962264150944 0.09473684210526316
1 0.3150943396226415 0.5210526315789473 0.05660377358490566 0.06315789473684211
1 0.3471698113207547 0.6105263157894737 0.0830188679245283 0.09473684210526316
1 0.39811320754716983 0.6552631578947369 0.06415094339622641 0.06842105263157895
1 0.22641509433962265 0.6157894736842106 0.06792452830188679 0.06315789473684211
1 0.1018867924528302 0.5473684210526316 0.2037735849056604 0.28421052631578947
1 0.062264150943396226 0.7263157894736842 0.07924528301886792 0.10526315789473684
1 0.12641509433962264 0.7315789473684211 0.08679245283018867 0.2
1 0.20754716981132076 0.9184210526315789 0.07547169811320754 0.14210526315789473
1 0.39811320754716983 0.9657894736842105 0.05660377358490566 0.05789473684210526
1 0.1018867924528302 0.8894736842105263 0.1660377358490566 0.21052631578947367
1 0.009433962264150943 0.9105263157894737 0.018867924528301886 0.16842105263157894
1 0.02830188679245283 0.7289473684210527 0.05660377358490566 0.21578947368421053
1 0.4981132075471698 0.49736842105263157 0.9962264150943396 0.9947368421052631