1 0.7945454545454546 0.453551912568306 0.23636363636363636 0.32786885245901637
1 0.7581818181818182 0.21584699453551912 0.22181818181818183 0.2786885245901639
1 0.5581818181818182 0.12021857923497267 0.1781818181818182 0.24043715846994534
1 0.5763636363636364 0.31693989071038253 0.19272727272727272 0.273224043715847
1 0.3527272727272727 0.1557377049180328 0.22545454545454546 0.2459016393442623
1 0.17454545454545456 0.24863387978142076 0.28363636363636363 0.2459016393442623
1 0.36 0.38524590163934425 0.24 0.2896174863387978
1 0.17454545454545456 0.49453551912568305 0.28363636363636363 0.3114754098360656
1 0.25636363636363635 0.6612021857923497 0.09818181818181818 0.17486338797814208
1 0.18 0.7049180327868853 0.09818181818181818 0.15300546448087432
1 0.2963636363636364 0.773224043715847 0.13454545454545455 0.15846994535519127
1 0.31636363636363635 0.6612021857923497 0.03636363636363636 0.09836065573770492
1 0.34363636363636363 0.8579234972677595 0.14181818181818182 0.18579234972677597
1 0.47454545454545455 0.8770491803278688 0.12727272727272726 0.18032786885245902
1 0.5872727272727273 0.907103825136612 0.09818181818181818 0.14207650273224043
1 0.6690909090909091 0.8469945355191257 0.10181818181818182 0.18579234972677597
1 0.7654545454545455 0.7704918032786885 0.12 0.19672131147540983
1 0.82 0.6721311475409836 0.08363636363636363 0.15300546448087432
1 0.7054545454545454 0.6256830601092896 0.10909090909090909 0.11475409836065574
1 0.6563636363636364 0.680327868852459 0.12 0.15846994535519127
1 0.5763636363636364 0.6475409836065574 0.07636363636363637 0.10382513661202186
1 0.5618181818181818 0.76775956284153 0.14181818181818182 0.1366120218579235
1 0.42363636363636364 0.7431693989071039 0.13454545454545455 0.13114754098360656
1 0.3890909090909091 0.6721311475409836 0.13090909090909092 0.09836065573770492
1 0.49818181818181817 0.6857923497267759 0.08 0.10382513661202186
1 0.52 0.5792349726775956 0.08727272727272728 0.13114754098360656
1 0.6181818181818182 0.5273224043715847 0.14545454545454545 0.15846994535519127
1 0.5054545454545455 0.4890710382513661 0.08 0.07103825136612021
1 0.43272727272727274 0.5710382513661202 0.09454545454545454 0.11475409836065574
1 0.34545454545454546 0.5765027322404371 0.08727272727272728 0.10382513661202186