1 0.04 0.21726190476190477 0.08 0.43452380952380953
1 0.2 0.10714285714285714 0.25333333333333335 0.21428571428571427
1 0.2916666666666667 0.19642857142857142 0.10333333333333333 0.20238095238095238
1 0.255 0.17857142857142858 0.03 0.03571428571428571
1 0.3566666666666667 0.11904761904761904 0.04 0.09523809523809523
1 0.355 0.22321428571428573 0.056666666666666664 0.10119047619047619
1 0.31833333333333336 0.2708333333333333 0.023333333333333334 0.041666666666666664
1 0.335 0.3125 0.08333333333333333 0.08928571428571429
1 0.24666666666666667 0.3273809523809524 0.12 0.10714285714285714
1 0.12333333333333334 0.2648809523809524 0.14666666666666667 0.20833333333333334
1 0.125 0.35119047619047616 0.15666666666666668 0.14285714285714285
1 0.043333333333333335 0.4107142857142857 0.04 0.05952380952380952
1 0.20166666666666666 0.49702380952380953 0.4033333333333333 0.27976190476190477
1 0.37166666666666665 0.5535714285714286 0.07666666666666666 0.09523809523809523
1 0.25 0.7232142857142857 0.36666666666666664 0.3273809523809524
1 0.315 0.6964285714285714 0.03666666666666667 0.11904761904761904
1 0.2783333333333333 0.6398809523809523 0.056666666666666664 0.07738095238095238
1 0.325 0.8065476190476191 0.043333333333333335 0.07738095238095238
1 0.3016666666666667 0.8898809523809523 0.07666666666666666 0.16071428571428573
1 0.12833333333333333 0.7738095238095238 0.11 0.15476190476190477
1 0.165 0.8214285714285714 0.33 0.34523809523809523
1 0.18833333333333332 0.9375 0.23 0.1130952380952381