1 0.855072463768116 0.18681318681318682 0.2463768115942029 0.26373626373626374
1 0.9637681159420289 0.14285714285714285 0.06521739130434782 0.18681318681318682
1 0.9456521739130435 0.027472527472527472 0.10144927536231885 0.054945054945054944
1 0.7989130434782609 0.03296703296703297 0.2572463768115942 0.06593406593406594
1 0.6358695652173914 0.10164835164835165 0.20652173913043478 0.17032967032967034
1 0.717391304347826 0.2692307692307692 0.10869565217391304 0.18681318681318682
1 0.48188405797101447 0.12637362637362637 0.09420289855072464 0.12087912087912088
1 0.29891304347826086 0.09615384615384616 0.2572463768115942 0.19230769230769232
1 0.4329710144927536 0.038461538461538464 0.10507246376811594 0.07692307692307693
1 0.5706521739130435 0.03021978021978022 0.213768115942029 0.06043956043956044
1 0.3822463768115942 0.1620879120879121 0.17753623188405798 0.2032967032967033
1 0.29891304347826086 0.29120879120879123 0.18478260869565216 0.17582417582417584
1 0.48731884057971014 0.26373626373626374 0.19927536231884058 0.18681318681318682
1 0.6213768115942029 0.18406593406593408 0.18478260869565216 0.2032967032967033
1 0.6702898550724637 0.3131868131868132 0.15942028985507245 0.0989010989010989
1 0.7155797101449275 0.4175824175824176 0.23550724637681159 0.2087912087912088
1 0.9057971014492754 0.5824175824175825 0.15217391304347827 0.25274725274725274
1 0.7391304347826086 0.6126373626373627 0.21739130434782608 0.2802197802197802
1 0.8152173913043478 0.8159340659340659 0.2318840579710145 0.3131868131868132
1 0.5960144927536232 0.8598901098901099 0.2210144927536232 0.2692307692307692
1 0.6231884057971014 0.6620879120879121 0.057971014492753624 0.17032967032967034
1 0.5833333333333334 0.5439560439560439 0.15217391304347827 0.2967032967032967
1 0.5706521739130435 0.34065934065934067 0.09782608695652174 0.15384615384615385
1 0.4583333333333333 0.4807692307692308 0.18478260869565216 0.25824175824175827
1 0.44565217391304346 0.739010989010989 0.26811594202898553 0.2802197802197802
1 0.2427536231884058 0.6895604395604396 0.2391304347826087 0.2802197802197802
1 0.3605072463768116 0.5412087912087912 0.09057971014492754 0.25824175824175827
1 0.29528985507246375 0.42857142857142855 0.18478260869565216 0.27472527472527475
1 0.125 0.5082417582417582 0.17753623188405798 0.3241758241758242