1 0.8804780876494024 0.7587064676616916 0.18326693227091634 0.19402985074626866
1 0.8565737051792829 0.7313432835820896 0.10358565737051793 0.12935323383084577
1 0.7928286852589641 0.7960199004975125 0.11155378486055777 0.22885572139303484
1 0.7310756972111554 0.8532338308457711 0.17131474103585656 0.0945273631840796
1 0.07171314741035857 0.5323383084577115 0.11155378486055777 0.12935323383084577
1 0.9163346613545816 0.10945273631840796 0.10358565737051793 0.06965174129353234
1 0.900398406374502 0.12935323383084577 0.0796812749003984 0.07960199004975124
1 0.9243027888446215 0.1890547263681592 0.08764940239043825 0.09950248756218906
1 0.9262948207171314 0.3208955223880597 0.08366533864541832 0.16417910447761194
1 0.9302788844621513 0.42039800995024873 0.08366533864541832 0.0945273631840796
1 0.8585657370517928 0.41044776119402987 0.21115537848605578 0.23383084577114427
1 0.8745019920318725 0.5796019900497512 0.17928286852589642 0.17412935323383086
1 0.8824701195219123 0.5497512437810945 0.09163346613545817 0.0945273631840796
1 0.8565737051792829 0.5199004975124378 0.2151394422310757 0.12437810945273632
1 0.7390438247011952 0.40049751243781095 0.099601593625498 0.14427860696517414
1 0.5956175298804781 0.30597014925373134 0.20318725099601595 0.15422885572139303
1 0.5796812749003984 0.1890547263681592 0.08366533864541832 0.06965174129353234
1 0.6553784860557769 0.19651741293532338 0.11553784860557768 0.1044776119402985
1 0.7250996015936255 0.22388059701492538 0.055776892430278883 0.10945273631840796
1 0.7729083665338645 0.19154228855721392 0.199203187250996 0.14427860696517414
1 0.796812749003984 0.25870646766169153 0.11155378486055777 0.09950248756218906
1 0.4262948207171315 0.1890547263681592 0.12749003984063745 0.11940298507462686
1 0.2290836653386454 0.7139303482587065 0.3466135458167331 0.38308457711442784
1 0.43227091633466136 0.8606965174129353 0.16334661354581673 0.07960199004975124
1 0.45617529880478086 0.7810945273631841 0.14741035856573706 0.19900497512437812
1 0.5378486055776892 0.7437810945273632 0.1752988047808765 0.3333333333333333
1 0.6832669322709163 0.8084577114427861 0.17928286852589642 0.17412935323383086
1 0.7171314741035857 0.7114427860696517 0.13545816733067728 0.25870646766169153
1 0.6274900398406374 0.6865671641791045 0.099601593625498 0.13930348258706468
1 0.5896414342629482 0.572139303482587 0.12749003984063745 0.15920398009950248
1 0.6414342629482072 0.4975124378109453 0.2151394422310757 0.22885572139303484
1 0.4103585657370518 0.5447761194029851 0.26294820717131473 0.2935323383084577
1 0.47808764940239046 0.3308457711442786 0.11155378486055777 0.0945273631840796
1 0.31673306772908366 0.32587064676616917 0.36254980079681276 0.15422885572139303
1 0.29880478087649404 0.19900497512437812 0.15139442231075698 0.09950248756218906
1 0.08764940239043825 0.5348258706467661 0.1752988047808765 0.472636815920398
1 0.5119521912350598 0.2064676616915423 0.05179282868525897 0.06467661691542288
1 0.5119521912350598 0.11442786069651742 0.1553784860557769 0.10945273631840796
1 0.5737051792828686 0.07711442786069651 0.08764940239043825 0.14427860696517414
1 0.6155378486055777 0.07711442786069651 0.027888446215139442 0.03482587064676617
1 0.6992031872509961 0.07711442786069651 0.1553784860557769 0.14427860696517414
1 0.8764940239043825 0.13681592039800994 0.23904382470119523 0.15422885572139303
1 0.2848605577689243 0.6616915422885572 0.22709163346613545 0.27860696517412936
1 0.22111553784860558 0.4651741293532338 0.16334661354581673 0.15422885572139303
1 0.3386454183266932 0.417910447761194 0.12749003984063745 0.09950248756218906