1 0.9809885931558935 0.9557291666666666 0.030418250950570342 0.078125
1 0.9448669201520913 0.8723958333333334 0.10266159695817491 0.09895833333333333
1 0.8612167300380228 0.859375 0.11026615969581749 0.15625
1 0.9125475285171103 0.9583333333333334 0.09125475285171103 0.07291666666666667
1 0.8250950570342205 0.9427083333333334 0.09885931558935361 0.08333333333333333
1 0.7718631178707225 0.8515625 0.07604562737642585 0.140625
1 0.7034220532319392 0.8984375 0.07604562737642585 0.09895833333333333
1 0.7414448669201521 0.9661458333333334 0.09125475285171103 0.057291666666666664
1 0.6825095057034221 0.9739583333333334 0.057034220532319393 0.041666666666666664
1 0.6102661596958175 0.9635416666666666 0.08745247148288973 0.0625
1 0.9771863117870723 0.7239583333333334 0.03802281368821293 0.08333333333333333
1 0.9847908745247148 0.6380208333333334 0.022813688212927757 0.08854166666666667
1 0.9866920152091255 0.5442708333333334 0.019011406844106463 0.06770833333333333
1 0.8593155893536122 0.4661458333333333 0.09885931558935361 0.11979166666666667
1 0.9296577946768061 0.3958333333333333 0.13307984790874525 0.125
1 0.9638783269961977 0.2786458333333333 0.06463878326996197 0.15104166666666666
1 0.8536121673003803 0.2682291666666667 0.1482889733840304 0.171875
1 0.9163498098859315 0.1640625 0.1520912547528517 0.171875
1 0.7718631178707225 0.375 0.1444866920152091 0.16666666666666666
1 0.6749049429657795 0.3020833333333333 0.11026615969581749 0.14583333333333334
1 0.6730038022813688 0.19010416666666666 0.10646387832699619 0.109375
1 0.779467680608365 0.1953125 0.12167300380228137 0.171875
1 0.8269961977186312 0.057291666666666664 0.1482889733840304 0.10416666666666667
1 0.6996197718631179 0.640625 0.13688212927756654 0.14583333333333334
1 0.688212927756654 0.515625 0.10646387832699619 0.125
1 0.6140684410646388 0.4817708333333333 0.07984790874524715 0.09895833333333333
1 0.5513307984790875 0.4296875 0.09125475285171103 0.109375
1 0.48859315589353614 0.3932291666666667 0.07984790874524715 0.08854166666666667
1 0.4600760456273764 0.4635416666666667 0.09885931558935361 0.125
1 0.5247148288973384 0.4791666666666667 0.03802281368821293 0.020833333333333332
1 0.5342205323193916 0.5390625 0.07984790874524715 0.109375
1 0.6007604562737643 0.53125 0.060836501901140684 0.08333333333333333
1 0.6254752851711026 0.6015625 0.07224334600760456 0.09895833333333333
1 0.564638783269962 0.6510416666666666 0.11787072243346007 0.14583333333333334
1 0.6216730038022814 0.7291666666666666 0.07984790874524715 0.10416666666666667
1 0.5532319391634981 0.78125 0.12547528517110265 0.14583333333333334
1 0.49619771863117873 0.7630208333333334 0.07984790874524715 0.13020833333333334
1 0.467680608365019 0.8984375 0.10646387832699619 0.109375
1 0.4600760456273764 0.8697916666666666 0.1520912547528517 0.11458333333333333
1 0.3935361216730038 0.7734375 0.12547528517110265 0.15104166666666666
1 0.45817490494296575 0.6276041666666666 0.09505703422053231 0.11979166666666667
1 0.49049429657794674 0.5625 0.10646387832699619 0.07291666666666667
1 0.3821292775665399 0.5625 0.10266159695817491 0.13541666666666666
1 0.376425855513308 0.4661458333333333 0.07604562737642585 0.08854166666666667
1 0.2832699619771863 0.5625 0.10266159695817491 0.125
1 0.27756653992395436 0.6875 0.08365019011406843 0.11458333333333333
1 0.3688212927756654 0.6901041666666666 0.09885931558935361 0.11979166666666667
1 0.33079847908745247 0.765625 0.060836501901140684 0.0625
1 0.2509505703422053 0.6458333333333334 0.060836501901140684 0.07291666666666667
1 0.2946768060836502 0.9270833333333334 0.13307984790874525 0.13541666666666666
1 0.20342205323193915 0.828125 0.12547528517110265 0.1875
1 0.12547528517110265 0.7864583333333334 0.09885931558935361 0.14583333333333334
1 0.11787072243346007 0.9036458333333334 0.13688212927756654 0.109375
1 0.14638783269961977 0.9609375 0.17110266159695817 0.06770833333333333
1 0.030418250950570342 0.8984375 0.060836501901140684 0.19270833333333334
1 0.07604562737642585 0.5833333333333334 0.07604562737642585 0.09375
1 0.09315589353612168 0.6354166666666666 0.04182509505703422 0.041666666666666664
1 0.03612167300380228 0.640625 0.07224334600760456 0.11458333333333333
1 0.009505703422053232 0.6979166666666666 0.019011406844106463 0.052083333333333336
1 0.03231939163498099 0.5416666666666666 0.06463878326996197 0.09375
1 0.20152091254752852 0.5026041666666666 0.09885931558935361 0.13020833333333334
1 0.27566539923954375 0.4270833333333333 0.08745247148288973 0.09375
1 0.34790874524714827 0.3619791666666667 0.11026615969581749 0.09895833333333333
1 0.4011406844106464 0.2838541666666667 0.14068441064638784 0.08854166666666667
1 0.3574144486692015 0.234375 0.12167300380228137 0.14583333333333334
1 0.344106463878327 0.15104166666666666 0.049429657794676805 0.041666666666666664
1 0.26806083650190116 0.1484375 0.11787072243346007 0.09895833333333333
1 0.2661596958174905 0.2421875 0.09125475285171103 0.08854166666666667
1 0.2832699619771863 0.328125 0.08745247148288973 0.09375
1 0.1920152091254753 0.3567708333333333 0.10266159695817491 0.16145833333333334
1 0.10836501901140684 0.265625 0.11787072243346007 0.14583333333333334
1 0.15019011406844107 0.4583333333333333 0.11787072243346007 0.125
1 0.09505703422053231 0.4010416666666667 0.10646387832699619 0.125
1 0.04182509505703422 0.359375 0.053231939163498096 0.09375
1 0.55893536121673 0.18229166666666666 0.09125475285171103 0.07291666666666667
1 0.6482889733840305 0.0703125 0.10266159695817491 0.109375
1 0.7414448669201521 0.0234375 0.08365019011406843 0.046875
1 0.6673003802281369 0.015625 0.08745247148288973 0.03125
1 0.6064638783269962 0.0390625 0.049429657794676805 0.078125
1 0.5551330798479087 0.09635416666666667 0.09125475285171103 0.08854166666666667
1 0.5551330798479087 0.028645833333333332 0.06844106463878327 0.057291666666666664
1 0.4828897338403042 0.0234375 0.07604562737642585 0.046875
1 0.4714828897338403 0.09895833333333333 0.08365019011406843 0.09375
1 0.5 0.14583333333333334 0.057034220532319393 0.0625
1 0.40874524714828897 0.08072916666666667 0.049429657794676805 0.057291666666666664
1 0.42395437262357416 0.028645833333333332 0.06463878326996197 0.057291666666666664
1 0.36311787072243346 0.03125 0.057034220532319393 0.0625
1 0.17870722433460076 0.0390625 0.07604562737642585 0.057291666666666664
1 0.09885931558935361 0.033854166666666664 0.09885931558935361 0.06770833333333333
1 0.13498098859315588 0.0859375 0.09505703422053231 0.078125
1 0.06273764258555133 0.140625 0.06463878326996197 0.041666666666666664
1 0.049429657794676805 0.07552083333333333 0.060836501901140684 0.08854166666666667
1 0.024714828897338403 0.020833333333333332 0.049429657794676805 0.041666666666666664
1 0.017110266159695818 0.09635416666666667 0.034220532319391636 0.09895833333333333
1 0.024714828897338403 0.18229166666666666 0.049429657794676805 0.0625