1 0.2807971014492754 0.7786885245901639 0.05434782608695652 0.060109289617486336
1 0.3278985507246377 0.7759562841530054 0.04710144927536232 0.0546448087431694
1 0.3278985507246377 0.7377049180327869 0.05434782608695652 0.0546448087431694
1 0.322463768115942 0.7131147540983607 0.050724637681159424 0.04918032786885246
1 0.28804347826086957 0.7240437158469946 0.03260869565217391 0.04918032786885246
1 0.24456521739130435 0.6885245901639344 0.06159420289855073 0.06557377049180328
1 0.24818840579710144 0.7486338797814208 0.04710144927536232 0.04371584699453552
1 0.1956521739130435 0.7513661202185792 0.06521739130434782 0.04918032786885246
1 0.19021739130434784 0.7131147540983607 0.05434782608695652 0.04918032786885246
1 0.08514492753623189 0.7377049180327869 0.05434782608695652 0.0546448087431694
1 0.07608695652173914 0.8387978142076503 0.050724637681159424 0.04918032786885246
1 0.17572463768115942 0.860655737704918 0.03985507246376811 0.0273224043715847
1 0.21195652173913043 0.8360655737704918 0.03985507246376811 0.07650273224043716
1 0.2463768115942029 0.8688524590163934 0.050724637681159424 0.09836065573770492
1 0.30978260869565216 0.8715846994535519 0.03985507246376811 0.08196721311475409
1 0.35507246376811596 0.8032786885245902 0.043478260869565216 0.0546448087431694
1 0.37318840579710144 0.7650273224043715 0.036231884057971016 0.04371584699453552
1 0.1793478260869565 0.8114754098360656 0.03985507246376811 0.07103825136612021
1 0.1322463768115942 0.8333333333333334 0.04710144927536232 0.08196721311475409
1 0.08333333333333333 0.7923497267759563 0.057971014492753624 0.0546448087431694
1 0.1358695652173913 0.7540983606557377 0.06159420289855073 0.0546448087431694
1 0.03804347826086957 0.819672131147541 0.03985507246376811 0.06557377049180328
1 0.036231884057971016 0.7650273224043715 0.06521739130434782 0.04371584699453552
1 0.5235507246376812 0.8524590163934426 0.025362318840579712 0.03278688524590164
1 0.552536231884058 0.8497267759562842 0.025362318840579712 0.0273224043715847
1 0.5905797101449275 0.8497267759562842 0.036231884057971016 0.03825136612021858
1 0.6177536231884058 0.9316939890710383 0.03985507246376811 0.12568306010928962
1 0.552536231884058 0.9371584699453552 0.04710144927536232 0.11475409836065574
1 0.7626811594202898 0.9098360655737705 0.08333333333333333 0.16939890710382513
1 0.8369565217391305 0.8743169398907104 0.028985507246376812 0.16393442622950818
1 0.9384057971014492 0.8852459016393442 0.11594202898550725 0.2185792349726776
1 0.9311594202898551 0.7896174863387978 0.036231884057971016 0.07103825136612021
1 0.842391304347826 0.7049180327868853 0.03985507246376811 0.0546448087431694
1 0.8768115942028986 0.680327868852459 0.043478260869565216 0.060109289617486336
1 0.8242753623188406 0.6584699453551912 0.025362318840579712 0.04918032786885246
1 0.7989130434782609 0.6857923497267759 0.03260869565217391 0.060109289617486336
1 0.7336956521739131 0.674863387978142 0.03260869565217391 0.060109289617486336
1 0.7626811594202898 0.674863387978142 0.025362318840579712 0.060109289617486336
1 0.6739130434782609 0.680327868852459 0.043478260869565216 0.04918032786885246
1 0.6322463768115942 0.7103825136612022 0.025362318840579712 0.06557377049180328
1 0.5996376811594203 0.7213114754098361 0.03260869565217391 0.06557377049180328
1 0.6992753623188406 0.6065573770491803 0.09420289855072464 0.07650273224043716
1 0.7445652173913043 0.6967213114754098 0.5036231884057971 0.22404371584699453
1 0.730072463768116 0.7786885245901639 0.532608695652174 0.04918032786885246
1 0.9420289855072463 0.8797814207650273 0.10869565217391304 0.22950819672131148