1 0.8690909090909091 0.9371584699453552 0.03636363636363636 0.07103825136612021
1 0.8363636363636363 0.9480874316939891 0.02909090909090909 0.03825136612021858
1 0.8563636363636363 0.9754098360655737 0.025454545454545455 0.0273224043715847
1 0.8418181818181818 0.9863387978142076 0.025454545454545455 0.01639344262295082
1 0.7 0.860655737704918 0.08363636363636363 0.11475409836065574
1 0.76 0.9289617486338798 0.10909090909090909 0.13114754098360656
1 0.7945454545454546 0.8087431693989071 0.09818181818181818 0.09836065573770492
1 0.8927272727272727 0.8524590163934426 0.09818181818181818 0.13114754098360656
1 0.8436363636363636 0.8907103825136612 0.08727272727272728 0.0546448087431694
1 0.9218181818181819 0.9289617486338798 0.12 0.13114754098360656
1 0.9636363636363636 0.8661202185792349 0.06545454545454546 0.14754098360655737
1 0.9763636363636363 0.8087431693989071 0.03272727272727273 0.04371584699453552
1 0.9218181818181819 0.7841530054644809 0.025454545454545455 0.060109289617486336
1 0.9290909090909091 0.7431693989071039 0.01818181818181818 0.02185792349726776
1 0.9490909090909091 0.7786885245901639 0.02181818181818182 0.03825136612021858
1 0.9527272727272728 0.7049180327868853 0.08727272727272728 0.19672131147540983
1 0.8563636363636363 0.6666666666666666 0.14909090909090908 0.2185792349726776
1 0.94 0.546448087431694 0.11272727272727273 0.31693989071038253
1 0.9054545454545454 0.46174863387978143 0.16 0.21311475409836064
1 0.8436363636363636 0.5327868852459017 0.014545454545454545 0.03825136612021858
1 0.8272727272727273 0.3333333333333333 0.14909090909090908 0.2185792349726776
1 0.9472727272727273 0.2786885245901639 0.09818181818181818 0.18579234972677597
1 0.9727272727272728 0.18032786885245902 0.03272727272727273 0.04371584699453552
1 0.9818181818181818 0.13934426229508196 0.014545454545454545 0.0273224043715847
1 0.9418181818181818 0.12568306010928962 0.014545454545454545 0.03278688524590164
1 0.9345454545454546 0.10109289617486339 0.02181818181818182 0.01639344262295082
1 0.92 0.12568306010928962 0.02909090909090909 0.04371584699453552
1 0.9018181818181819 0.19398907103825136 0.11636363636363636 0.09289617486338798
1 0.8727272727272727 0.10109289617486339 0.08 0.10382513661202186
1 0.8290909090909091 0.1366120218579235 0.014545454545454545 0.03278688524590164
1 0.8345454545454546 0.15846994535519127 0.01818181818181818 0.02185792349726776
1 0.850909090909091 0.18032786885245902 0.02181818181818182 0.02185792349726776
1 0.8327272727272728 0.1830601092896175 0.007272727272727273 0.01639344262295082
1 0.8327272727272728 0.21311475409836064 0.02181818181818182 0.02185792349726776
1 0.8181818181818182 0.1830601092896175 0.02181818181818182 0.03825136612021858
1 0.9109090909090909 0.03278688524590164 0.03272727272727273 0.0546448087431694
1 0.94 0.030054644808743168 0.04727272727272727 0.060109289617486336
1 0.98 0.02459016393442623 0.03272727272727273 0.04918032786885246
1 0.9054545454545454 0.08196721311475409 0.18181818181818182 0.16393442622950818
1 0.8345454545454546 0.04644808743169399 0.12 0.09289617486338798
1 0.7127272727272728 0.1448087431693989 0.20363636363636364 0.2896174863387978
1 0.6890909090909091 0.319672131147541 0.08363636363636363 0.08196721311475409
1 0.7381818181818182 0.3251366120218579 0.02909090909090909 0.03825136612021858
1 0.7545454545454545 0.3114754098360656 0.025454545454545455 0.06557377049180328
1 0.6563636363636364 0.3524590163934426 0.03272727272727273 0.04918032786885246
1 0.7472727272727273 0.5136612021857924 0.18545454545454546 0.30601092896174864
1 0.6363636363636364 0.6147540983606558 0.11636363636363636 0.2896174863387978
1 0.7036363636363636 0.6967213114754098 0.03272727272727273 0.04918032786885246
1 0.5018181818181818 0.587431693989071 0.14545454545454545 0.2568306010928962
1 0.5654545454545454 0.6939890710382514 0.01818181818181818 0.04371584699453552
1 0.6654545454545454 0.8169398907103825 0.04363636363636364 0.04918032786885246
1 0.7 0.7814207650273224 0.01090909090909091 0.02185792349726776
1 0.7109090909090909 0.7841530054644809 0.01818181818181818 0.03825136612021858
1 0.6927272727272727 0.7595628415300546 0.01090909090909091 0.02185792349726776
1 0.6781818181818182 0.7540983606557377 0.01090909090909091 0.04371584699453552
1 0.7145454545454546 0.7158469945355191 0.04727272727272727 0.06557377049180328
1 0.7436363636363637 0.7131147540983607 0.03272727272727273 0.060109289617486336
1 0.7472727272727273 0.6666666666666666 0.025454545454545455 0.0546448087431694
1 0.72 0.6584699453551912 0.02181818181818182 0.0273224043715847
1 0.7763636363636364 0.6775956284153005 0.01818181818181818 0.04371584699453552
1 0.7963636363636364 0.7513661202185792 0.02909090909090909 0.0273224043715847
1 0.7509090909090909 0.7486338797814208 0.09090909090909091 0.12021857923497267
1 0.6381818181818182 0.8005464480874317 0.14909090909090908 0.20218579234972678
1 0.6709090909090909 0.9262295081967213 0.04727272727272727 0.060109289617486336
1 0.6672727272727272 0.9672131147540983 0.07636363636363637 0.0546448087431694
1 0.6 0.8852459016393442 0.10909090909090909 0.18579234972677597
1 0.5345454545454545 0.773224043715847 0.09454545454545454 0.14754098360655737
1 0.49636363636363634 0.9016393442622951 0.09090909090909091 0.13114754098360656
1 0.5672727272727273 0.9453551912568307 0.014545454545454545 0.04371584699453552
1 0.5472727272727272 0.9480874316939891 0.01818181818181818 0.0273224043715847
1 0.5381818181818182 0.9672131147540983 0.02909090909090909 0.03278688524590164
1 0.5145454545454545 0.9781420765027322 0.01818181818181818 0.03278688524590164
1 0.5472727272727272 0.9754098360655737 0.10545454545454545 0.03825136612021858
1 0.48363636363636364 0.8005464480874317 0.04363636363636364 0.07103825136612021
1 0.5836363636363636 0.48360655737704916 0.03272727272727273 0.060109289617486336
1 0.5963636363636363 0.39617486338797814 0.02909090909090909 0.03825136612021858
1 0.6272727272727273 0.41530054644808745 0.06181818181818182 0.12021857923497267
1 0.5763636363636364 0.29508196721311475 0.13454545454545455 0.19672131147540983
1 0.5472727272727272 0.10109289617486339 0.13454545454545455 0.20218579234972678
1 0.5454545454545454 0.060109289617486336 0.16727272727272727 0.12021857923497267
1 0.5581818181818182 0.4262295081967213 0.06909090909090909 0.08743169398907104
1 0.5363636363636364 0.3743169398907104 0.025454545454545455 0.03825136612021858
1 0.42727272727272725 0.8169398907103825 0.10545454545454545 0.3551912568306011
1 0.43636363636363634 0.4098360655737705 0.08 0.12021857923497267
1 0.49636363636363634 0.36065573770491804 0.05454545454545454 0.1092896174863388
1 0.5072727272727273 0.4207650273224044 0.025454545454545455 0.04371584699453552
1 0.5036363636363637 0.45081967213114754 0.025454545454545455 0.0273224043715847
1 0.3654545454545455 0.4344262295081967 0.2727272727272727 0.08196721311475409
1 0.3290909090909091 0.4562841530054645 0.025454545454545455 0.0273224043715847
1 0.3290909090909091 0.6174863387978142 0.20727272727272728 0.33879781420765026
1 0.3527272727272727 0.8306010928961749 0.06545454545454546 0.1092896174863388
1 0.3509090909090909 0.9207650273224044 0.05454545454545454 0.07103825136612021
1 0.3472727272727273 0.9699453551912568 0.11272727272727273 0.04918032786885246
1 0.23636363636363636 0.8524590163934426 0.19636363636363635 0.28415300546448086
1 0.38 0.3797814207650273 0.03272727272727273 0.060109289617486336
1 0.33636363636363636 0.3633879781420765 0.01090909090909091 0.01639344262295082
1 0.3418181818181818 0.3797814207650273 0.014545454545454545 0.0273224043715847
1 0.36 0.3743169398907104 0.014545454545454545 0.0273224043715847
1 0.30727272727272725 0.36065573770491804 0.04 0.04371584699453552
1 0.33090909090909093 0.3333333333333333 0.02181818181818182 0.03278688524590164
1 0.28909090909090907 0.3251366120218579 0.01818181818181818 0.0273224043715847
1 0.27636363636363637 0.3770491803278688 0.02181818181818182 0.03278688524590164
1 0.3181818181818182 0.2568306010928962 0.05454545454545454 0.08743169398907104
1 0.35818181818181816 0.3333333333333333 0.28 0.25136612021857924
1 0.4254545454545455 0.2185792349726776 0.16 0.25136612021857924
1 0.5254545454545455 0.10382513661202186 0.1709090909090909 0.20765027322404372
1 0.4036363636363636 0.07103825136612021 0.13090909090909092 0.14207650273224043
1 0.3 0.13114754098360656 0.12727272727272726 0.18579234972677597
1 0.2018181818181818 0.5245901639344263 0.12727272727272726 0.19672131147540983
1 0.2818181818181818 0.5081967213114754 0.04727272727272727 0.07650273224043716
1 0.13090909090909092 0.48633879781420764 0.014545454545454545 0.02185792349726776
1 0.11454545454545455 0.49453551912568305 0.01818181818181818 0.0273224043715847
1 0.13272727272727272 0.5136612021857924 0.01818181818181818 0.03278688524590164
1 0.11454545454545455 0.5218579234972678 0.01818181818181818 0.0273224043715847
1 0.1290909090909091 0.5437158469945356 0.01818181818181818 0.0273224043715847
1 0.10363636363636364 0.505464480874317 0.01090909090909091 0.0273224043715847
1 0.09454545454545454 0.5273224043715847 0.014545454545454545 0.01639344262295082
1 0.10545454545454545 0.6256830601092896 0.10181818181818182 0.18032786885245902
1 0.12181818181818181 0.6666666666666666 0.01090909090909091 0.03278688524590164
1 0.1 0.6229508196721312 0.01090909090909091 0.02185792349726776
1 0.07818181818181819 0.6202185792349727 0.025454545454545455 0.0273224043715847
1 0.08727272727272728 0.6475409836065574 0.02181818181818182 0.0273224043715847
1 0.1 0.6666666666666666 0.01818181818181818 0.02185792349726776
1 0.16363636363636364 0.6366120218579235 0.02909090909090909 0.04918032786885246
1 0.2109090909090909 0.6693989071038251 0.02909090909090909 0.060109289617486336
1 0.19454545454545455 0.7213114754098361 0.03272727272727273 0.04371584699453552
1 0.14363636363636365 0.7240437158469946 0.03272727272727273 0.04918032786885246
1 0.1890909090909091 0.6830601092896175 0.06545454545454546 0.1092896174863388
1 0.13818181818181818 0.9836065573770492 0.02181818181818182 0.02185792349726776
1 0.13636363636363635 0.9289617486338798 0.01818181818181818 0.03278688524590164
1 0.14363636363636365 0.8961748633879781 0.01818181818181818 0.04371584699453552
1 0.12 0.9043715846994536 0.02181818181818182 0.03825136612021858
1 0.06363636363636363 0.7786885245901639 0.12727272727272726 0.2459016393442623
1 0.09818181818181818 0.8114754098360656 0.19636363636363635 0.366120218579235
1 0.14727272727272728 0.16393442622950818 0.29454545454545455 0.32786885245901637
1 0.31636363636363635 0.01912568306010929 0.05090909090909091 0.03825136612021858
1 0.11636363636363636 0.3251366120218579 0.014545454545454545 0.01639344262295082
1 0.13818181818181818 0.3333333333333333 0.014545454545454545 0.02185792349726776
1 0.13818181818181818 0.3879781420765027 0.014545454545454545 0.02185792349726776
1 0.11454545454545455 0.3770491803278688 0.025454545454545455 0.03278688524590164
1 0.1 0.36065573770491804 0.01818181818181818 0.02185792349726776
1 0.08545454545454545 0.36885245901639346 0.01818181818181818 0.0273224043715847
1 0.0890909090909091 0.3879781420765027 0.01818181818181818 0.03278688524590164
1 0.07090909090909091 0.36065573770491804 0.01090909090909091 0.02185792349726776
1 0.06181818181818182 0.38524590163934425 0.02181818181818182 0.0273224043715847
1 0.06363636363636363 0.41530054644808745 0.04727272727272727 0.09836065573770492
1 0.15636363636363637 0.30601092896174864 0.02181818181818182 0.03278688524590164
1 0.038181818181818185 0.366120218579235 0.01090909090909091 0.02185792349726776
1 0.01818181818181818 0.4180327868852459 0.02181818181818182 0.0273224043715847
1 0.0018181818181818182 0.4808743169398907 0.0036363636363636364 0.03278688524590164
1 0.14 0.48360655737704916 0.28 0.3442622950819672
1 0.11818181818181818 0.366120218579235 0.23636363636363636 0.2185792349726776
1 0.49818181818181817 0.4972677595628415 0.9963636363636363 0.994535519125683