1 0.6619537275064268 0.5775193798449613 0.35218508997429304 0.7674418604651163
1 0.9138817480719794 0.7558139534883721 0.16709511568123395 0.3643410852713178
1 0.916452442159383 0.6007751937984496 0.16195372750642673 0.2248062015503876
1 0.9691516709511568 0.7170542635658915 0.056555269922879174 0.24031007751937986
1 0.787917737789203 0.3372093023255814 0.34190231362467866 0.4263565891472868
1 0.7982005141388174 0.18992248062015504 0.2647814910025707 0.3643410852713178
1 0.929305912596401 0.10852713178294573 0.13624678663239073 0.21705426356589147
1 0.8997429305912596 0.21705426356589147 0.1953727506426735 0.43410852713178294
1 0.6143958868894601 0.05426356589147287 0.12339331619537275 0.10852713178294573
1 0.5347043701799485 0.15891472868217055 0.14910025706940874 0.2868217054263566
1 0.39588688946015427 0.4108527131782946 0.20565552699228792 0.6046511627906976
1 0.38946015424164526 0.08139534883720931 0.12596401028277635 0.14728682170542637
1 0.23393316195372751 0.18992248062015504 0.16966580976863754 0.3798449612403101
1 0.2506426735218509 0.6046511627906976 0.13624678663239073 0.4806201550387597
1 0.12853470437017994 0.6744186046511628 0.16966580976863754 0.5736434108527132
1 0.07326478149100257 0.43410852713178294 0.14652956298200515 0.5736434108527132
1 0.060411311053984576 0.08527131782945736 0.12082262210796915 0.17054263565891473