1 0.8915094339622641 0.9474789915966386 0.12264150943396226 0.09663865546218488
1 0.8207547169811321 0.8760504201680672 0.10377358490566038 0.10504201680672269
1 0.7641509433962265 0.9516806722689075 0.12264150943396226 0.08823529411764706
1 0.7334905660377359 0.9222689075630253 0.08962264150943396 0.08823529411764706
1 0.7547169811320755 0.865546218487395 0.04716981132075472 0.03361344537815126
1 0.9316037735849056 0.8235294117647058 0.12735849056603774 0.19327731092436976
1 0.9740566037735849 0.7647058823529411 0.04245283018867924 0.058823529411764705
1 0.9339622641509434 0.7521008403361344 0.04716981132075472 0.04201680672268908
1 0.8962264150943396 0.7605042016806722 0.03773584905660377 0.04201680672268908
1 0.6438679245283019 0.8907563025210085 0.07075471698113207 0.06722689075630252
1 0.6320754716981132 0.8025210084033614 0.05660377358490566 0.06722689075630252
1 0.5566037735849056 0.7983193277310925 0.0660377358490566 0.058823529411764705
1 0.4834905660377358 0.7983193277310925 0.06132075471698113 0.05042016806722689
1 0.5283018867924528 0.8214285714285714 0.05660377358490566 0.046218487394957986
1 0.49056603773584906 0.8445378151260504 0.0660377358490566 0.05042016806722689
1 0.5259433962264151 0.8781512605042017 0.08018867924528301 0.05042016806722689
1 0.589622641509434 0.8865546218487395 0.03773584905660377 0.03361344537815126
1 0.5966981132075472 0.9348739495798319 0.07075471698113207 0.0546218487394958
1 0.6344339622641509 0.9705882352941176 0.07075471698113207 0.05042016806722689
1 0.660377358490566 0.9369747899159664 0.04716981132075472 0.03361344537815126
1 0.6084905660377359 0.8466386554621849 0.08490566037735849 0.0546218487394958
1 0.5235849056603774 0.9159663865546218 0.07547169811320754 0.06722689075630252
1 0.49292452830188677 0.9642857142857143 0.08018867924528301 0.06302521008403361
1 0.5707547169811321 0.9663865546218487 0.05660377358490566 0.04201680672268908
1 0.45047169811320753 0.9201680672268907 0.08018867924528301 0.06722689075630252
1 0.43160377358490565 0.8928571428571429 0.08962264150943396 0.0546218487394958
1 0.419811320754717 0.8571428571428571 0.0660377358490566 0.04201680672268908
1 0.4056603773584906 0.8277310924369747 0.05660377358490566 0.03361344537815126
1 0.3891509433962264 0.8046218487394958 0.0330188679245283 0.012605042016806723
1 0.3490566037735849 0.819327731092437 0.0660377358490566 0.04201680672268908
1 0.3419811320754717 0.8487394957983193 0.06132075471698113 0.04201680672268908
1 0.3584905660377358 0.8592436974789915 0.05660377358490566 0.037815126050420166
1 0.3561320754716981 0.8970588235294118 0.07075471698113207 0.0546218487394958
1 0.3632075471698113 0.9243697478991597 0.0660377358490566 0.04201680672268908
1 0.30660377358490565 0.9600840336134454 0.0660377358490566 0.06302521008403361
1 0.37971698113207547 0.9642857142857143 0.07075471698113207 0.06302521008403361
1 0.4410377358490566 0.9726890756302521 0.04245283018867924 0.046218487394957986
1 0.4033018867924528 0.5546218487394958 0.13679245283018868 0.1092436974789916
1 0.4080188679245283 0.4894957983193277 0.1179245283018868 0.07142857142857142
1 0.3584905660377358 0.4474789915966387 0.08490566037735849 0.06302521008403361
1 0.30424528301886794 0.5042016806722689 0.08018867924528301 0.07563025210084033
1 0.25 0.5357142857142857 0.12264150943396226 0.07983193277310924
1 0.2759433962264151 0.5714285714285714 0.14622641509433962 0.08403361344537816
1 0.3608490566037736 0.6008403361344538 0.07075471698113207 0.03361344537815126
1 0.21226415094339623 0.47478991596638653 0.08490566037735849 0.07563025210084033
1 0.5117924528301887 0.5252100840336135 0.09905660377358491 0.14285714285714285
1 0.5471698113207547 0.5147058823529411 0.09433962264150944 0.18067226890756302
1 0.5919811320754716 0.5126050420168067 0.08018867924528301 0.19327731092436976
1 0.6721698113207547 0.5147058823529411 0.08962264150943396 0.20588235294117646
1 0.7075471698113207 0.5147058823529411 0.0660377358490566 0.20588235294117646
1 0.7641509433962265 0.5126050420168067 0.07547169811320754 0.17647058823529413
1 0.8042452830188679 0.5042016806722689 0.08962264150943396 0.15966386554621848
1 0.8891509433962265 0.5063025210084033 0.10849056603773585 0.18067226890756302
1 0.9339622641509434 0.5168067226890757 0.05660377358490566 0.16806722689075632
1 0.9693396226415094 0.5147058823529411 0.05188679245283019 0.18907563025210083
1 0.13679245283018868 0.5063025210084033 0.10377358490566038 0.07142857142857142
1 0.06132075471698113 0.5483193277310925 0.11320754716981132 0.09663865546218488
1 0.11320754716981132 0.5672268907563025 0.09433962264150944 0.09243697478991597
1 0.04481132075471698 0.6050420168067226 0.08962264150943396 0.03361344537815126
1 0.007075471698113208 0.5756302521008403 0.014150943396226415 0.08403361344537816
1 0.04245283018867924 0.49789915966386555 0.08490566037735849 0.07142857142857142
1 0.5306603773584906 0.3382352941176471 0.07075471698113207 0.0546218487394958
1 0.5117924528301887 0.3130252100840336 0.05188679245283019 0.037815126050420166
1 0.4693396226415094 0.24789915966386555 0.06132075471698113 0.05042016806722689
1 0.4669811320754717 0.22268907563025211 0.03773584905660377 0.025210084033613446
1 0.45047169811320753 0.27310924369747897 0.06132075471698113 0.04201680672268908
1 0.3867924528301887 0.2773109243697479 0.0660377358490566 0.05042016806722689
1 0.38443396226415094 0.24579831932773108 0.07075471698113207 0.037815126050420166
1 0.419811320754717 0.21428571428571427 0.0660377358490566 0.06722689075630252
1 0.36792452830188677 0.17857142857142858 0.07547169811320754 0.06302521008403361
1 0.31839622641509435 0.15126050420168066 0.05188679245283019 0.058823529411764705
1 0.29009433962264153 0.19957983193277312 0.06132075471698113 0.07142857142857142
1 0.27122641509433965 0.25210084033613445 0.07075471698113207 0.05042016806722689
1 0.3136792452830189 0.27521008403361347 0.08018867924528301 0.0546218487394958
1 0.16273584905660377 0.2710084033613445 0.09905660377358491 0.07142857142857142
1 0.18396226415094338 0.23739495798319327 0.08490566037735849 0.06302521008403361
1 0.1391509433962264 0.2184873949579832 0.06132075471698113 0.04201680672268908
1 0.10849056603773585 0.226890756302521 0.1320754716981132 0.06722689075630252
1 0.05188679245283019 0.28361344537815125 0.10377358490566038 0.0546218487394958
1 0.11084905660377359 0.3004201680672269 0.06132075471698113 0.029411764705882353
1 0.01650943396226415 0.25630252100840334 0.0330188679245283 0.058823529411764705
1 0.6533018867924528 0.25 0.24056603773584906 0.10504201680672269
1 0.6556603773584906 0.25840336134453784 0.03773584905660377 0.0546218487394958
1 0.4339622641509434 0.05672268907563025 0.05660377358490566 0.06302521008403361
1 0.37971698113207547 0.05672268907563025 0.06132075471698113 0.0546218487394958
1 0.3584905660377358 0.0819327731092437 0.04716981132075472 0.029411764705882353
1 0.3089622641509434 0.05672268907563025 0.07075471698113207 0.0546218487394958
1 0.3278301886792453 0.025210084033613446 0.07075471698113207 0.05042016806722689
1 0.37971698113207547 0.004201680672268907 0.04245283018867924 0.008403361344537815
1 0.42924528301886794 0.01050420168067227 0.05660377358490566 0.02100840336134454
1 0.45990566037735847 0.023109243697478993 0.05188679245283019 0.046218487394957986
1 0.14858490566037735 0.03991596638655462 0.08018867924528301 0.06302521008403361
1 0.1957547169811321 0.014705882352941176 0.07075471698113207 0.029411764705882353
1 0.08490566037735849 0.037815126050420166 0.05660377358490566 0.06722689075630252
1 0.12264150943396226 0.008403361344537815 0.0660377358490566 0.01680672268907563
1 0.6367924528301887 0.04831932773109244 0.20754716981132076 0.09663865546218488
1 0.6297169811320755 0.07142857142857142 0.09905660377358491 0.025210084033613446
1 0.6792452830188679 0.06302521008403361 0.0660377358490566 0.04201680672268908
1 0.5754716981132075 0.029411764705882353 0.018867924528301886 0.058823529411764705
1 0.6415094339622641 0.02100840336134454 0.05660377358490566 0.025210084033613446
1 0.7051886792452831 0.014705882352941176 0.08018867924528301 0.029411764705882353
1 0.7830188679245284 0.023109243697478993 0.02830188679245283 0.029411764705882353
1 0.8113207547169812 0.008403361344537815 0.02830188679245283 0.01680672268907563
1 0.8537735849056604 0.04831932773109244 0.02830188679245283 0.037815126050420166
1 0.8820754716981132 0.05042016806722689 0.02830188679245283 0.03361344537815126
1 0.9150943396226415 0.04201680672268908 0.02830188679245283 0.025210084033613446
1 0.8985849056603774 0.07142857142857142 0.0330188679245283 0.025210084033613446
1 0.8537735849056604 0.07352941176470588 0.03773584905660377 0.029411764705882353
1 0.9481132075471698 0.05042016806722689 0.03773584905660377 0.025210084033613446
1 0.964622641509434 0.02100840336134454 0.0330188679245283 0.025210084033613446
1 0.8679245283018868 0.018907563025210083 0.03773584905660377 0.029411764705882353
1 0.8301886792452831 0.0273109243697479 0.02830188679245283 0.037815126050420166
1 0.8254716981132075 0.06092436974789916 0.03773584905660377 0.037815126050420166
1 0.9457547169811321 0.0063025210084033615 0.0330188679245283 0.012605042016806723
1 0.8962264150943396 0.0063025210084033615 0.03773584905660377 0.012605042016806723
1 0.9316037735849056 0.2710084033613445 0.0330188679245283 0.029411764705882353
1 0.9622641509433962 0.2647058823529412 0.02830188679245283 0.03361344537815126
1 0.9834905660377359 0.25630252100840334 0.02358490566037736 0.025210084033613446
1 0.9033018867924528 0.2668067226890756 0.0330188679245283 0.029411764705882353
1 0.8915094339622641 0.2857142857142857 0.02830188679245283 0.008403361344537815
1 0.8514150943396226 0.27941176470588236 0.04245283018867924 0.02100840336134454
1 0.8702830188679245 0.25 0.02358490566037736 0.012605042016806723
1 0.8891509433962265 0.23109243697478993 0.04245283018867924 0.03361344537815126
1 0.9316037735849056 0.23109243697478993 0.04245283018867924 0.04201680672268908
1 0.9740566037735849 0.22058823529411764 0.0330188679245283 0.029411764705882353
1 0.9245283018867925 0.20588235294117646 0.02830188679245283 0.01680672268907563
1 0.8797169811320755 0.20168067226890757 0.0330188679245283 0.01680672268907563
1 0.8419811320754716 0.20798319327731093 0.0330188679245283 0.029411764705882353
1 0.8584905660377359 0.22268907563025211 0.03773584905660377 0.03361344537815126
1 0.8113207547169812 0.22478991596638656 0.018867924528301886 0.012605042016806723
1 0.8042452830188679 0.23949579831932774 0.0330188679245283 0.025210084033613446
1 0.8089622641509434 0.2605042016806723 0.04245283018867924 0.03361344537815126
1 0.9316037735849056 0.27310924369747897 0.0330188679245283 0.025210084033613446
1 0.2358490566037736 0.7878151260504201 0.03773584905660377 0.0546218487394958
1 0.2665094339622642 0.8151260504201681 0.04245283018867924 0.04201680672268908
1 0.29952830188679247 0.8235294117647058 0.02358490566037736 0.01680672268907563
1 0.20047169811320756 0.7962184873949579 0.04245283018867924 0.046218487394957986
1 0.1792452830188679 0.8088235294117647 0.03773584905660377 0.037815126050420166
1 0.13443396226415094 0.8025210084033614 0.04245283018867924 0.05042016806722689
1 0.08962264150943396 0.8130252100840336 0.04716981132075472 0.046218487394957986
1 0.030660377358490566 0.8130252100840336 0.05188679245283019 0.037815126050420166
1 0.25471698113207547 0.8697478991596639 0.03773584905660377 0.05042016806722689
1 0.2759433962264151 0.8445378151260504 0.04245283018867924 0.04201680672268908
1 0.22641509433962265 0.8340336134453782 0.04716981132075472 0.046218487394957986
1 0.1792452830188679 0.8529411764705882 0.04716981132075472 0.05042016806722689
1 0.21462264150943397 0.8781512605042017 0.04245283018867924 0.05042016806722689
1 0.1391509433962264 0.8403361344537815 0.05188679245283019 0.04201680672268908
1 0.10377358490566038 0.8697478991596639 0.0660377358490566 0.06722689075630252
1 0.05188679245283019 0.8592436974789915 0.04716981132075472 0.046218487394957986
1 0.01650943396226415 0.8802521008403361 0.0330188679245283 0.0546218487394958
1 0.014150943396226415 0.842436974789916 0.02830188679245283 0.037815126050420166
1 0.25943396226415094 0.9390756302521008 0.05660377358490566 0.06302521008403361
1 0.21462264150943397 0.9180672268907563 0.05188679245283019 0.037815126050420166
1 0.27122641509433965 0.8991596638655462 0.05188679245283019 0.05042016806722689
1 0.1650943396226415 0.9033613445378151 0.04716981132075472 0.05042016806722689
1 0.14150943396226415 0.8697478991596639 0.03773584905660377 0.03361344537815126
1 0.10377358490566038 0.865546218487395 0.05660377358490566 0.058823529411764705
1 0.07547169811320754 0.8970588235294118 0.05660377358490566 0.046218487394957986
1 0.02830188679245283 0.9054621848739496 0.03773584905660377 0.037815126050420166
1 0.0589622641509434 0.9348739495798319 0.06132075471698113 0.037815126050420166
1 0.11556603773584906 0.9516806722689075 0.04245283018867924 0.046218487394957986
1 0.14150943396226415 0.9747899159663865 0.04716981132075472 0.04201680672268908
1 0.19103773584905662 0.9705882352941176 0.05188679245283019 0.05042016806722689
1 0.24764150943396226 0.9831932773109243 0.04245283018867924 0.025210084033613446
1 0.22169811320754718 0.9537815126050421 0.03773584905660377 0.03361344537815126
1 0.16981132075471697 0.9390756302521008 0.04716981132075472 0.037815126050420166
1 0.08490566037735849 0.9705882352941176 0.04716981132075472 0.05042016806722689
1 0.030660377358490566 0.9747899159663865 0.06132075471698113 0.04201680672268908
1 0.01650943396226415 0.9411764705882353 0.0330188679245283 0.03361344537815126