1 0.5811808118081181 0.9086021505376344 0.15867158671586715 0.17204301075268819
1 0.7121771217712177 0.8709677419354839 0.16236162361623616 0.24731182795698925
1 0.7933579335793358 0.6935483870967742 0.18450184501845018 0.25806451612903225
1 0.8966789667896679 0.6048387096774194 0.0959409594095941 0.11290322580645161
1 0.9059040590405905 0.4946236559139785 0.07749077490774908 0.12903225806451613
1 0.8487084870848709 0.3118279569892473 0.14022140221402213 0.22580645161290322
1 0.7416974169741697 0.4220430107526882 0.17712177121771217 0.25268817204301075
1 0.7933579335793358 0.48118279569892475 0.13284132841328414 0.1774193548387097
1 0.7214022140221402 0.20698924731182797 0.12177121771217712 0.1881720430107527
1 0.7896678966789668 0.1693548387096774 0.05166051660516605 0.11290322580645161
1 0.6328413284132841 0.18548387096774194 0.0996309963099631 0.14516129032258066
1 0.5387453874538746 0.27419354838709675 0.14760147601476015 0.20430107526881722
1 0.6328413284132841 0.3575268817204301 0.12915129151291513 0.1989247311827957
1 0.5977859778597786 0.47043010752688175 0.03690036900369004 0.08064516129032258
1 0.6568265682656826 0.5698924731182796 0.13284132841328414 0.23655913978494625
1 0.6512915129151291 0.7580645161290323 0.1070110701107011 0.17204301075268819
1 0.5424354243542435 0.8145161290322581 0.14022140221402213 0.15591397849462366
1 0.466789667896679 0.9193548387096774 0.08487084870848709 0.15053763440860216
1 0.37453874538745385 0.9112903225806451 0.13653136531365315 0.16666666666666666
1 0.42988929889298894 0.7419354838709677 0.13653136531365315 0.20430107526881722
1 0.5498154981549815 0.6236559139784946 0.16974169741697417 0.23655913978494625
1 0.5092250922509225 0.4596774193548387 0.14760147601476015 0.1989247311827957
1 0.47601476014760147 0.20161290322580644 0.14022140221402213 0.1989247311827957
1 0.4225092250922509 0.34139784946236557 0.0996309963099631 0.16666666666666666
1 0.35424354243542433 0.3817204301075269 0.14022140221402213 0.1935483870967742
1 0.27490774907749077 0.510752688172043 0.15129151291512916 0.1935483870967742
1 0.39114391143911437 0.5752688172043011 0.14022140221402213 0.1935483870967742
1 0.3191881918819188 0.7150537634408602 0.1070110701107011 0.1827956989247312
1 0.3025830258302583 0.8817204301075269 0.1033210332103321 0.16129032258064516
1 0.22509225092250923 0.8145161290322581 0.15498154981549817 0.24193548387096775
1 0.2158671586715867 0.6263440860215054 0.12177121771217712 0.1989247311827957