1 0.5909090909090909 0.8633879781420765 0.23636363636363636 0.26229508196721313
1 0.7472727272727273 0.7595628415300546 0.22181818181818183 0.32786885245901637
1 0.8818181818181818 0.639344262295082 0.21454545454545454 0.30601092896174864
1 0.9836363636363636 0.6120218579234973 0.025454545454545455 0.20765027322404372
1 0.92 0.4344262295081967 0.15272727272727274 0.23497267759562843
1 0.9745454545454545 0.1994535519125683 0.04363636363636364 0.21311475409836064
1 0.850909090909091 0.19672131147540983 0.19636363636363635 0.30601092896174864
1 0.9236363636363636 0.06284153005464481 0.14545454545454545 0.12568306010928962
1 0.76 0.4426229508196721 0.16 0.26229508196721313
1 0.6363636363636364 0.5409836065573771 0.19636363636363635 0.29508196721311475
1 0.5054545454545455 0.4426229508196721 0.16 0.24043715846994534
1 0.44181818181818183 0.639344262295082 0.19272727272727272 0.26229508196721313
1 0.3472727272727273 0.8415300546448088 0.21454545454545454 0.30601092896174864
1 0.4581818181818182 0.9836065573770492 0.08 0.02185792349726776
1 0.24545454545454545 0.9754098360655737 0.13454545454545455 0.03825136612021858
1 0.12363636363636364 0.855191256830601 0.21818181818181817 0.2786885245901639
1 0.23636363636363636 0.674863387978142 0.18181818181818182 0.2896174863387978
1 0.06727272727272728 0.7131147540983607 0.13454545454545455 0.2896174863387978
1 0.08545454545454545 0.4180327868852459 0.1709090909090909 0.2896174863387978
1 0.19272727272727272 0.29508196721311475 0.16 0.24043715846994534
1 0.05272727272727273 0.1994535519125683 0.10545454545454545 0.20218579234972678
1 0.32181818181818184 0.2103825136612022 0.1781818181818182 0.2786885245901639
1 0.31636363636363635 0.47540983606557374 0.1890909090909091 0.273224043715847
1 0.44727272727272727 0.27595628415300544 0.12363636363636364 0.22404371584699453
1 0.5872727272727273 0.30327868852459017 0.16363636363636364 0.21311475409836064
1 0.5836363636363636 0.16393442622950818 0.1781818181818182 0.18579234972677597
1 0.7563636363636363 0.17486338797814208 0.15272727272727274 0.25136612021857924
1 0.8090909090909091 0.04371584699453552 0.16363636363636364 0.08743169398907104
1 0.649090909090909 0.060109289617486336 0.1709090909090909 0.12021857923497267
1 0.48727272727272725 0.07923497267759563 0.15272727272727274 0.15846994535519127
1 0.34 0.04644808743169399 0.14181818181818182 0.09289617486338798