1 0.7603092783505154 0.8822393822393823 0.4072164948453608 0.2277992277992278
1 0.9123711340206185 0.832046332046332 0.16494845360824742 0.26640926640926643
1 0.4793814432989691 0.8474903474903475 0.29896907216494845 0.25096525096525096
1 0.7164948453608248 0.6891891891891891 0.31958762886597936 0.20463320463320464
1 0.8427835051546392 0.583011583011583 0.23195876288659795 0.20077220077220076
1 0.9536082474226805 0.5173745173745173 0.08247422680412371 0.1776061776061776
1 0.5902061855670103 0.5231660231660231 0.26288659793814434 0.1969111969111969
1 0.39948453608247425 0.6544401544401545 0.27319587628865977 0.20463320463320464
1 0.3943298969072165 0.47876447876447875 0.211340206185567 0.16988416988416988
1 0.5154639175257731 0.3436293436293436 0.20618556701030927 0.16988416988416988
1 0.6649484536082474 0.33783783783783783 0.10309278350515463 0.10424710424710425
1 0.6907216494845361 0.43822393822393824 0.17525773195876287 0.10424710424710425
1 0.7912371134020618 0.3918918918918919 0.211340206185567 0.15057915057915058
1 0.9355670103092784 0.416988416988417 0.11855670103092783 0.16216216216216217
1 0.9123711340206185 0.3108108108108108 0.16494845360824742 0.1274131274131274
1 0.7371134020618557 0.26833976833976836 0.20618556701030927 0.13513513513513514
1 0.8556701030927835 0.2413127413127413 0.07216494845360824 0.07335907335907337
1 0.8402061855670103 0.138996138996139 0.15463917525773196 0.12355212355212356
1 0.7448453608247423 0.17374517374517376 0.15979381443298968 0.09266409266409266
1 0.7036082474226805 0.08494208494208494 0.13917525773195877 0.09266409266409266
1 0.7731958762886598 0.07722007722007722 0.061855670103092786 0.03088803088803089
1 0.6082474226804123 0.14671814671814673 0.18556701030927836 0.138996138996139
1 0.47680412371134023 0.18532818532818532 0.13917525773195877 0.04633204633204633
1 0.48195876288659795 0.25675675675675674 0.17010309278350516 0.11196911196911197
1 0.6108247422680413 0.2625482625482625 0.0979381443298969 0.06177606177606178
1 0.33762886597938147 0.3108108108108108 0.13917525773195877 0.11969111969111969
1 0.35309278350515466 0.36293436293436293 0.11855670103092783 0.10038610038610038
1 0.25773195876288657 0.361003861003861 0.061855670103092786 0.07335907335907337
1 0.20103092783505155 0.26833976833976836 0.15463917525773196 0.1274131274131274
1 0.30670103092783507 0.1891891891891892 0.19072164948453607 0.14671814671814673
1 0.44072164948453607 0.10617760617760617 0.15979381443298968 0.11196911196911197
1 0.211340206185567 0.04054054054054054 0.15463917525773196 0.05019305019305019
1 0.041237113402061855 0.10231660231660232 0.08247422680412371 0.1274131274131274
1 0.11855670103092783 0.059845559845559844 0.09278350515463918 0.05019305019305019
1 0.11855670103092783 0.12934362934362933 0.10309278350515463 0.11196911196911197
1 0.03608247422680412 0.20270270270270271 0.061855670103092786 0.07335907335907337
1 0.22164948453608246 0.10617760617760617 0.08247422680412371 0.08108108108108109
1 0.32989690721649484 0.07528957528957529 0.08247422680412371 0.08108108108108109
1 0.5592783505154639 0.05019305019305019 0.20103092783505155 0.08494208494208494
1 0.9664948453608248 0.06563706563706563 0.05670103092783505 0.10038610038610038