1 0.785 0.24404761904761904 0.26 0.1865079365079365
1 0.78 0.4166666666666667 0.25 0.19047619047619047
1 0.715 0.6150793650793651 0.23 0.19047619047619047
1 0.77 0.7996031746031746 0.27 0.19444444444444445
1 0.4375 0.25 0.245 0.18253968253968253
1 0.5225 0.42658730158730157 0.255 0.21031746031746032
1 0.5225 0.6091269841269841 0.185 0.17063492063492064
1 0.5 0.7043650793650794 0.19 0.07539682539682539
1 0.51 0.8075396825396826 0.26 0.19444444444444445
1 0.22 0.29563492063492064 0.25 0.17857142857142858
1 0.2675 0.4603174603174603 0.245 0.1746031746031746
1 0.245 0.6190476190476191 0.22 0.15873015873015872
1 0.17 0.7857142857142857 0.23 0.19047619047619047