1 0.974169741697417 0.7795698924731183 0.04428044280442804 0.17204301075268819
1 0.9391143911439115 0.5698924731182796 0.11439114391143912 0.6344086021505376
1 0.9003690036900369 0.5510752688172043 0.1918819188191882 0.5967741935483871
1 0.8431734317343174 0.5376344086021505 0.16605166051660517 0.5806451612903226
1 0.9501845018450185 0.18010752688172044 0.09225092250922509 0.13440860215053763
1 0.8616236162361623 0.28763440860215056 0.09225092250922509 0.15591397849462366
1 0.7933579335793358 0.23118279569892472 0.1033210332103321 0.15053763440860216
1 0.8413284132841329 0.10483870967741936 0.22878228782287824 0.20967741935483872
1 0.6605166051660517 0.1586021505376344 0.2952029520295203 0.3172043010752688
1 0.5350553505535055 0.4220430107526882 0.22878228782287824 0.3924731182795699
1 0.6383763837638377 0.6290322580645161 0.11808118081180811 0.17204301075268819
1 0.7527675276752768 0.6182795698924731 0.13284132841328414 0.10752688172043011
1 0.7453874538745388 0.6424731182795699 0.08118081180811808 0.06989247311827956
1 0.6955719557195572 0.5887096774193549 0.025830258302583026 0.03763440860215054
1 0.7029520295202952 0.5483870967741935 0.01845018450184502 0.043010752688172046
1 0.6771217712177122 0.543010752688172 0.01845018450184502 0.03225806451612903
1 0.6568265682656826 0.543010752688172 0.02952029520295203 0.03225806451612903
1 0.6180811808118081 0.5456989247311828 0.033210332103321034 0.03763440860215054
1 0.6014760147601476 0.49731182795698925 0.02214022140221402 0.03763440860215054
1 0.6070110701107011 0.4650537634408602 0.01845018450184502 0.026881720430107527
1 0.6273062730627307 0.4731182795698925 0.02214022140221402 0.043010752688172046
1 0.7177121771217713 0.40591397849462363 0.01845018450184502 0.026881720430107527
1 0.7361623616236163 0.4435483870967742 0.025830258302583026 0.03763440860215054
1 0.7066420664206642 0.3736559139784946 0.01845018450184502 0.016129032258064516
1 0.7066420664206642 0.3467741935483871 0.01845018450184502 0.026881720430107527
1 0.6752767527675276 0.3279569892473118 0.02214022140221402 0.03225806451612903
1 0.6605166051660517 0.34408602150537637 0.014760147601476014 0.021505376344086023
1 0.6623616236162362 0.3655913978494624 0.01845018450184502 0.03225806451612903
1 0.6789667896678967 0.3978494623655914 0.02214022140221402 0.03225806451612903
1 0.6955719557195572 0.3924731182795699 0.025830258302583026 0.03225806451612903
1 0.6845018450184502 0.3629032258064516 0.025830258302583026 0.026881720430107527
1 0.6512915129151291 0.3870967741935484 0.01845018450184502 0.010752688172043012
1 0.6623616236162362 0.41397849462365593 0.01845018450184502 0.021505376344086023
1 0.6439114391143912 0.4274193548387097 0.025830258302583026 0.026881720430107527
1 0.6771217712177122 0.45161290322580644 0.025830258302583026 0.03225806451612903
1 0.7066420664206642 0.43548387096774194 0.025830258302583026 0.021505376344086023
1 0.6771217712177122 0.49193548387096775 0.025830258302583026 0.03763440860215054
1 0.6512915129151291 0.4543010752688172 0.025830258302583026 0.026881720430107527
1 0.6476014760147601 0.4946236559139785 0.033210332103321034 0.03225806451612903
1 0.7084870848708487 0.4838709677419355 0.02214022140221402 0.03225806451612903
1 0.7250922509225092 0.46236559139784944 0.01845018450184502 0.021505376344086023
1 0.5369003690036901 0.6908602150537635 0.12915129151291513 0.1774193548387097
1 0.6402214022140221 0.8494623655913979 0.15129151291512916 0.2903225806451613
1 0.6974169741697417 0.803763440860215 0.04428044280442804 0.10215053763440861
1 0.7214022140221402 0.7876344086021505 0.07011070110701106 0.10215053763440861
1 0.7435424354243543 0.8602150537634409 0.07011070110701106 0.08602150537634409
1 0.540590405904059 0.956989247311828 0.17343173431734318 0.07526881720430108
1 0.5498154981549815 0.8844086021505376 0.04428044280442804 0.05913978494623656
1 0.540590405904059 0.8172043010752689 0.04059040590405904 0.08602150537634409
1 0.496309963099631 0.7956989247311828 0.055350553505535055 0.08602150537634409
1 0.45571955719557194 0.7231182795698925 0.04059040590405904 0.0913978494623656
1 0.4575645756457565 0.6290322580645161 0.05166051660516605 0.08602150537634409
1 0.36162361623616235 0.5967741935483871 0.16236162361623616 0.17204301075268819
1 0.36162361623616235 0.7123655913978495 0.05904059040590406 0.08064516129032258
1 0.4077490774907749 0.7768817204301075 0.09225092250922509 0.11290322580645161
1 0.4188191881918819 0.6989247311827957 0.04797047970479705 0.043010752688172046
1 0.3763837638376384 0.8172043010752689 0.06642066420664207 0.10752688172043011
1 0.47232472324723246 0.8790322580645161 0.11070110701107011 0.12365591397849462
1 0.4040590405904059 0.9247311827956989 0.11439114391143912 0.13978494623655913
1 0.2785977859778598 0.7956989247311828 0.15129151291512916 0.23655913978494625
1 0.29704797047970477 0.9166666666666666 0.1070110701107011 0.08064516129032258
1 0.3154981549815498 0.9623655913978495 0.14391143911439114 0.06451612903225806
1 0.16605166051660517 0.8897849462365591 0.18450184501845018 0.20967741935483872
1 0.4003690036900369 0.3682795698924731 0.09225092250922509 0.0913978494623656
1 0.4132841328413284 0.46236559139784944 0.07380073800738007 0.0967741935483871
1 0.35977859778597787 0.478494623655914 0.09225092250922509 0.07526881720430108
1 0.28413284132841327 0.45161290322580644 0.06642066420664207 0.0967741935483871
1 0.3376383763837638 0.521505376344086 0.06273062730627306 0.06451612903225806
1 0.2656826568265683 0.5349462365591398 0.08856088560885608 0.15591397849462366
1 0.4151291512915129 0.20161290322580644 0.16605166051660517 0.24193548387096775
1 0.5129151291512916 0.06989247311827956 0.18450184501845018 0.13978494623655913
1 0.34686346863468637 0.06720430107526881 0.15498154981549817 0.13440860215053763
1 0.22693726937269373 0.013440860215053764 0.11439114391143912 0.026881720430107527
1 0.05719557195571956 0.02956989247311828 0.11439114391143912 0.05913978494623656
1 0.23985239852398524 0.2446236559139785 0.3025830258302583 0.489247311827957
1 0.18265682656826568 0.26881720430107525 0.033210332103321034 0.06451612903225806
1 0.14022140221402213 0.260752688172043 0.05166051660516605 0.06989247311827956
1 0.1033210332103321 0.2849462365591398 0.04428044280442804 0.06451612903225806
1 0.15498154981549817 0.1935483870967742 0.05166051660516605 0.053763440860215055
1 0.09778597785977859 0.20967741935483872 0.055350553505535055 0.08602150537634409
1 0.05166051660516605 0.16666666666666666 0.02952029520295203 0.043010752688172046
1 0.07380073800738007 0.13978494623655913 0.05166051660516605 0.07526881720430108
1 0.1088560885608856 0.13709677419354838 0.04059040590405904 0.05913978494623656
1 0.0940959409594096 0.06720430107526881 0.055350553505535055 0.05913978494623656
1 0.04428044280442804 0.07258064516129033 0.05166051660516605 0.06989247311827956
1 0.02029520295202952 0.11021505376344086 0.04059040590405904 0.06989247311827956
1 0.025830258302583026 0.1586021505376344 0.03690036900369004 0.04838709677419355
1 0.014760147601476014 0.20161290322580644 0.02952029520295203 0.10215053763440861
1 0.05350553505535055 0.24193548387096775 0.055350553505535055 0.0967741935483871
1 0.027675276752767528 0.31451612903225806 0.055350553505535055 0.11290322580645161
1 0.07195571955719557 0.3225806451612903 0.055350553505535055 0.08602150537634409
1 0.04797047970479705 0.4220430107526882 0.07380073800738007 0.12365591397849462
1 0.05719557195571956 0.532258064516129 0.11439114391143912 0.20430107526881722
1 0.16420664206642066 0.41935483870967744 0.15867158671586715 0.22580645161290322
1 0.1752767527675277 0.6317204301075269 0.15867158671586715 0.22043010752688172
1 0.14575645756457564 0.728494623655914 0.11439114391143912 0.13440860215053763
1 0.05350553505535055 0.7553763440860215 0.1070110701107011 0.24193548387096775
1 0.027675276752767528 0.9220430107526881 0.04797047970479705 0.08064516129032258
1 0.08118081180811808 0.9543010752688172 0.05904059040590406 0.08064516129032258
1 0.02214022140221402 0.978494623655914 0.04428044280442804 0.03225806451612903
1 0.06457564575645756 0.8844086021505376 0.04059040590405904 0.05913978494623656
1 0.4981549815498155 0.49731182795698925 0.996309963099631 0.9946236559139785