1 0.2014388489208633 0.8176795580110497 0.17266187050359713 0.22099447513812154
1 0.10431654676258993 0.7513812154696132 0.1079136690647482 0.17679558011049723
1 0.17266187050359713 0.505524861878453 0.07913669064748201 0.13812154696132597
1 0.27697841726618705 0.494475138121547 0.15827338129496402 0.27071823204419887
1 0.40467625899280574 0.580110497237569 0.12589928057553956 0.17679558011049723
1 0.5539568345323741 0.5994475138121547 0.17985611510791366 0.2154696132596685
1 0.7032374100719424 0.6215469613259669 0.14028776978417265 0.1712707182320442
1 0.7643884892086331 0.5138121546961326 0.10431654676258993 0.19889502762430938
1 0.6564748201438849 0.430939226519337 0.1474820143884892 0.20994475138121546
1 0.5449640287769785 0.430939226519337 0.11151079136690648 0.15469613259668508
1 0.5737410071942446 0.2983425414364641 0.1474820143884892 0.12154696132596685
1 0.44244604316546765 0.2983425414364641 0.12949640287769784 0.13259668508287292
1 0.4244604316546763 0.4116022099447514 0.14388489208633093 0.19337016574585636
1 0.381294964028777 0.31215469613259667 0.07194244604316546 0.10497237569060773
1 0.3039568345323741 0.3259668508287293 0.14028776978417265 0.13259668508287292
1 0.07014388489208633 0.1270718232044199 0.14028776978417265 0.2541436464088398
1 0.8165467625899281 0.356353591160221 0.34532374100719426 0.3701657458563536
1 0.8597122302158273 0.425414364640884 0.2733812949640288 0.09944751381215469
1 0.9046762589928058 0.2154696132596685 0.18345323741007194 0.430939226519337
1 0.7823741007194245 0.11602209944751381 0.1474820143884892 0.23204419889502761