1 0.7927272727272727 0.6311475409836066 0.16727272727272727 0.1912568306010929
1 0.6981818181818182 0.5 0.10909090909090909 0.12568306010928962
1 0.6854545454545454 0.7103825136612022 0.09818181818181818 0.16393442622950818
1 0.7654545454545455 0.7896174863387978 0.12727272727272726 0.12568306010928962
1 0.4909090909090909 0.6994535519125683 0.13090909090909092 0.273224043715847
1 0.5072727272727273 0.6994535519125683 0.09090909090909091 0.273224043715847
1 0.5690909090909091 0.6939890710382514 0.19272727272727272 0.29508196721311475
1 0.5818181818181818 0.7923497267759563 0.06545454545454546 0.09836065573770492
1 0.6127272727272727 0.7158469945355191 0.16363636363636364 0.26229508196721313
1 0.37272727272727274 0.3825136612021858 0.3381818181818182 0.40437158469945356
1 0.3418181818181818 0.592896174863388 0.16727272727272727 0.22404371584699453
1 0.3509090909090909 0.7513661202185792 0.16363636363636364 0.09289617486338798
1 0.14 0.41530054644808745 0.28 0.45901639344262296
1 0.84 0.46994535519125685 0.08727272727272728 0.15300546448087432
1 0.7890909090909091 0.3879781420765027 0.08 0.15300546448087432
1 0.9781818181818182 0.4016393442622951 0.03636363636363636 0.12568306010928962
1 0.94 0.39344262295081966 0.05454545454545454 0.08743169398907104
1 0.8254545454545454 0.09016393442622951 0.3418181818181818 0.18032786885245902
1 0.9490909090909091 0.10109289617486339 0.09454545454545454 0.14754098360655737
1 0.9072727272727272 0.04918032786885246 0.12 0.09836065573770492
1 0.8309090909090909 0.01639344262295082 0.08363636363636363 0.03278688524590164
1 0.76 0.03551912568306011 0.08 0.07103825136612021
1 0.6927272727272727 0.07103825136612021 0.07636363636363637 0.13114754098360656
1 0.9236363636363636 0.273224043715847 0.09454545454545454 0.14207650273224043
1 0.8818181818181818 0.3797814207650273 0.05454545454545454 0.09289617486338798
1 0.9345454545454546 0.47540983606557374 0.05818181818181818 0.09836065573770492
1 0.9709090909090909 0.5027322404371585 0.02909090909090909 0.07650273224043716