1 0.4386503067484663 0.4774193548387097 0.5766871165644172 0.9548387096774194
1 0.6978527607361963 0.7451612903225806 0.24233128834355827 0.4967741935483871
1 0.6978527607361963 0.34838709677419355 0.12576687116564417 0.3741935483870968
1 0.8205521472392638 0.32903225806451614 0.16257668711656442 0.2838709677419355
1 0.9585889570552147 0.4483870967741935 0.07668711656441718 0.1870967741935484
1 0.8604294478527608 0.5709677419354838 0.16257668711656442 0.2645161290322581
1 0.8987730061349694 0.7129032258064516 0.1165644171779141 0.08387096774193549
1 0.946319018404908 0.7806451612903226 0.05214723926380368 0.18064516129032257
1 0.9800613496932515 0.8806451612903226 0.03374233128834356 0.13548387096774195
1 0.9739263803680982 0.9806451612903225 0.046012269938650305 0.025806451612903226
1 0.8573619631901841 0.932258064516129 0.08282208588957055 0.12258064516129032