1 0.5130718954248366 0.4909090909090909 0.24836601307189543 0.43636363636363634
1 0.7401960784313726 0.4575757575757576 0.23202614379084968 0.3575757575757576
1 0.9019607843137255 0.41818181818181815 0.16339869281045752 0.3878787878787879
1 0.8823529411764706 0.6575757575757576 0.2222222222222222 0.22424242424242424
1 0.8545751633986928 0.8090909090909091 0.20588235294117646 0.24848484848484848
1 0.6339869281045751 0.7696969696969697 0.1830065359477124 0.4
1 0.6715686274509803 0.7303030303030303 0.19934640522875818 0.3090909090909091
1 0.4542483660130719 0.8484848484848485 0.2679738562091503 0.2545454545454545
1 0.45098039215686275 0.6363636363636364 0.1503267973856209 0.21818181818181817
1 0.3088235294117647 0.5909090909090909 0.20588235294117646 0.3333333333333333
1 0.3741830065359477 0.2878787878787879 0.20588235294117646 0.3212121212121212
1 0.5490196078431373 0.16666666666666666 0.19607843137254902 0.3333333333333333
1 0.7205882352941176 0.2636363636363636 0.18627450980392157 0.24848484848484848
1 0.23039215686274508 0.23636363636363636 0.15359477124183007 0.3151515151515151
1 0.1437908496732026 0.5303030303030303 0.21568627450980393 0.3333333333333333
1 0.21568627450980393 0.803030303030303 0.2222222222222222 0.24848484848484848
1 0.058823529411764705 0.7333333333333333 0.11764705882352941 0.20606060606060606