1 0.880859375 0.8807106598984772 0.23046875 0.22842639593908629
1 0.759765625 0.8654822335025381 0.19921875 0.25888324873096447
1 0.703125 0.8223350253807107 0.171875 0.2131979695431472
1 0.8125 0.5939086294416244 0.171875 0.29441624365482233
1 0.90625 0.6116751269035533 0.1796875 0.3401015228426396
1 0.927734375 0.30456852791878175 0.13671875 0.30456852791878175
1 0.97265625 0.13451776649746192 0.046875 0.04568527918781726
1 0.953125 0.0583756345177665 0.046875 0.1065989847715736
1 0.986328125 0.06345177664974619 0.01953125 0.116751269035533
1 0.96484375 0.005076142131979695 0.0625 0.01015228426395939
1 0.810546875 0.3934010152284264 0.12109375 0.16751269035532995
1 0.65625 0.6675126903553299 0.15625 0.116751269035533
1 0.521484375 0.5736040609137056 0.23828125 0.27411167512690354
1 0.669921875 0.467005076142132 0.19140625 0.27411167512690354
1 0.74609375 0.37055837563451777 0.046875 0.030456852791878174
1 0.546875 0.41624365482233505 0.1015625 0.07106598984771574
1 0.486328125 0.7563451776649747 0.18359375 0.10152284263959391
1 0.404296875 0.7461928934010152 0.08984375 0.1319796954314721
1 0.1328125 0.868020304568528 0.0859375 0.1218274111675127
1 0.203125 0.9416243654822335 0.1015625 0.1065989847715736
1 0.10546875 0.949238578680203 0.109375 0.09137055837563451
1 0.033203125 0.8324873096446701 0.06640625 0.08121827411167512
1 0.033203125 0.7614213197969543 0.06640625 0.10152284263959391
1 0.087890625 0.7918781725888325 0.04296875 0.08121827411167512
1 0.3125 0.6776649746192893 0.1328125 0.116751269035533
1 0.40234375 0.6446700507614214 0.0546875 0.06091370558375635
1 0.35546875 0.5279187817258884 0.140625 0.18274111675126903
1 0.40625 0.4086294416243655 0.125 0.14720812182741116
1 0.44921875 0.38071065989847713 0.1171875 0.14213197969543148
1 0.583984375 0.33248730964467005 0.12109375 0.12690355329949238
1 0.314453125 0.4213197969543147 0.09765625 0.1319796954314721
1 0.25 0.5406091370558376 0.0625 0.116751269035533
1 0.30078125 0.5329949238578681 0.09375 0.16243654822335024
1 0.251953125 0.6548223350253807 0.08984375 0.09137055837563451
1 0.2109375 0.6522842639593909 0.046875 0.05583756345177665
1 0.408203125 0.3248730964467005 0.08203125 0.06091370558375635
1 0.513671875 0.38578680203045684 0.01953125 0.02030456852791878
1 0.31640625 0.3426395939086294 0.1015625 0.05583756345177665
1 0.216796875 0.4035532994923858 0.10546875 0.116751269035533
1 0.19921875 0.5253807106598984 0.1328125 0.12690355329949238
1 0.16015625 0.6065989847715736 0.1015625 0.03553299492385787
1 0.751953125 0.21065989847715735 0.05859375 0.08629441624365482
1 0.798828125 0.2182741116751269 0.05078125 0.10152284263959391
1 0.83203125 0.1802030456852792 0.0703125 0.1065989847715736
1 0.8671875 0.06345177664974619 0.0703125 0.1065989847715736
1 0.892578125 0.007614213197969543 0.03515625 0.015228426395939087
1 0.826171875 0.02284263959390863 0.08984375 0.04568527918781726
1 0.783203125 0.1065989847715736 0.09765625 0.1218274111675127
1 0.73046875 0.03807106598984772 0.1015625 0.07614213197969544
1 0.724609375 0.1218274111675127 0.04296875 0.10152284263959391
1 0.123046875 0.47715736040609136 0.10546875 0.09137055837563451
1 0.08203125 0.4720812182741117 0.09375 0.1218274111675127
1 0.046875 0.5710659898477157 0.046875 0.05583756345177665
1 0.099609375 0.5634517766497462 0.08203125 0.06091370558375635
1 0.1640625 0.3477157360406091 0.125 0.116751269035533
1 0.134765625 0.28426395939086296 0.07421875 0.050761421319796954
1 0.07421875 0.35786802030456855 0.078125 0.1065989847715736
1 0.041015625 0.4619289340101523 0.08203125 0.1116751269035533
1 0.025390625 0.550761421319797 0.05078125 0.05583756345177665
1 0.017578125 0.3756345177664975 0.03515625 0.07106598984771574
1 0.4375 0.2182741116751269 0.09375 0.1218274111675127
1 0.64453125 0.2182741116751269 0.0859375 0.1218274111675127
1 0.580078125 0.1319796954314721 0.13671875 0.15228426395939088
1 0.671875 0.08629441624365482 0.0625 0.10152284263959391
1 0.619140625 0.027918781725888325 0.11328125 0.05583756345177665
1 0.509765625 0.03807106598984772 0.10546875 0.07614213197969544
1 0.470703125 0.11928934010152284 0.09765625 0.1065989847715736
1 0.44140625 0.22081218274111675 0.09375 0.12690355329949238
1 0.4921875 0.26903553299492383 0.0390625 0.06091370558375635
1 0.513671875 0.17766497461928935 0.03515625 0.06091370558375635
1 0.341796875 0.20558375634517767 0.07421875 0.06598984771573604
1 0.369140625 0.26903553299492383 0.03515625 0.09137055837563451
1 0.330078125 0.2918781725888325 0.06640625 0.05583756345177665
1 0.3671875 0.13451776649746192 0.09375 0.08629441624365482
1 0.40234375 0.03807106598984772 0.0859375 0.07614213197969544
1 0.23828125 0.3096446700507614 0.046875 0.07106598984771574
1 0.283203125 0.2918781725888325 0.03515625 0.05583756345177665
1 0.25390625 0.24111675126903553 0.0546875 0.06598984771573604
1 0.19921875 0.24873096446700507 0.0546875 0.08121827411167512
1 0.21875 0.18274111675126903 0.0625 0.06091370558375635
1 0.27734375 0.14974619289340102 0.0703125 0.07614213197969544
1 0.2890625 0.09390862944162437 0.0390625 0.05583756345177665
1 0.337890625 0.06852791878172589 0.05078125 0.06598984771573604
1 0.23046875 0.10913705583756345 0.046875 0.07614213197969544