1 0.7828467153284672 0.5978260869565217 0.28832116788321166 0.41304347826086957
1 0.6240875912408759 0.5842391304347826 0.1897810218978102 0.28804347826086957
1 0.7025547445255474 0.43478260869565216 0.14233576642335766 0.16304347826086957
1 0.6587591240875912 0.30978260869565216 0.33941605839416056 0.25
1 0.8467153284671532 0.358695652173913 0.072992700729927 0.10869565217391304
1 0.6806569343065694 0.17391304347826086 0.2737226277372263 0.25
1 0.7700729927007299 0.08152173913043478 0.21897810218978103 0.16304347826086957
1 0.5638686131386861 0.11413043478260869 0.22262773722627738 0.22826086956521738
1 0.40145985401459855 0.6141304347826086 0.29927007299270075 0.4673913043478261
1 0.09854014598540146 0.10326086956521739 0.19708029197080293 0.20652173913043478
1 0.3193430656934307 0.04076086956521739 0.2518248175182482 0.08152173913043478
1 0.25364963503649635 0.39402173913043476 0.5072992700729927 0.7880434782608695
1 0.28832116788321166 0.46195652173913043 0.10218978102189781 0.30434782608695654
1 0.3795620437956204 0.33967391304347827 0.072992700729927 0.08152173913043478
1 0.4233576642335766 0.328804347826087 0.08759124087591241 0.125