1 0.6833976833976834 0.5670103092783505 0.15444015444015444 0.32989690721649484
1 0.7586872586872587 0.6185567010309279 0.08108108108108109 0.29896907216494845
1 0.832046332046332 0.6572164948453608 0.0888030888030888 0.3247422680412371
1 0.7065637065637066 0.7448453608247423 0.08494208494208494 0.20103092783505155
1 0.6235521235521235 0.7242268041237113 0.0888030888030888 0.36597938144329895
1 0.528957528957529 0.5902061855670103 0.16988416988416988 0.37628865979381443
1 0.5675675675675675 0.47164948453608246 0.0694980694980695 0.211340206185567
1 0.4498069498069498 0.615979381443299 0.20463320463320464 0.33505154639175255
1 0.41505791505791506 0.711340206185567 0.1274131274131274 0.26804123711340205
1 0.5328185328185329 0.904639175257732 0.18532818532818532 0.18041237113402062
1 0.2702702702702703 0.6314432989690721 0.1776061776061776 0.39690721649484534
1 0.1718146718146718 0.6494845360824743 0.06563706563706563 0.13402061855670103
1 0.09073359073359073 0.7448453608247423 0.08108108108108109 0.29381443298969073
1 0.19498069498069498 0.23969072164948454 0.38996138996138996 0.4793814432989691
1 0.10424710424710425 0.2963917525773196 0.2084942084942085 0.5927835051546392
1 0.3745173745173745 0.15721649484536082 0.2084942084942085 0.31443298969072164
1 0.5463320463320464 0.20618556701030927 0.23552123552123552 0.41237113402061853
1 0.5405405405405406 0.42010309278350516 0.12355212355212356 0.20103092783505155
1 0.5540540540540541 0.20876288659793815 0.25868725868725867 0.4175257731958763
1 0.7818532818532818 0.24484536082474226 0.40540540540540543 0.4896907216494845
1 0.9015444015444015 0.36855670103092786 0.1891891891891892 0.19072164948453607