1 0.6818181818181818 0.7923497267759563 0.21454545454545454 0.40437158469945356
1 0.9054545454545454 0.7896174863387978 0.18181818181818182 0.4098360655737705
1 0.8036363636363636 0.9590163934426229 0.15272727272727274 0.07103825136612021
1 0.42363636363636364 0.8715846994535519 0.19272727272727272 0.2459016393442623
1 0.5672727272727273 0.9508196721311475 0.14545454545454545 0.08743169398907104
1 0.4672727272727273 0.5 0.2581818181818182 0.4426229508196721
1 0.7909090909090909 0.45081967213114754 0.26545454545454544 0.3770491803278688
1 0.88 0.16393442622950818 0.23272727272727273 0.32786885245901637
1 0.9509090909090909 0.4371584699453552 0.09090909090909091 0.36065573770491804
1 0.28909090909090907 0.7622950819672131 0.2509090909090909 0.3333333333333333
1 0.09272727272727273 0.8797814207650273 0.18545454545454546 0.22950819672131148
1 0.11636363636363636 0.6010928961748634 0.23272727272727273 0.33879781420765026
1 0.24181818181818182 0.3825136612021858 0.3018181818181818 0.33879781420765026
1 0.10727272727272727 0.19672131147540983 0.20727272727272728 0.37158469945355194
1 0.2963636363636364 0.13934426229508196 0.2509090909090909 0.2786885245901639
1 0.5618181818181818 0.16939890710382513 0.24363636363636362 0.33879781420765026
1 0.72 0.03825136612021858 0.20363636363636364 0.07650273224043716
1 0.7181818181818181 0.20765027322404372 0.14181818181818182 0.24043715846994534
1 0.06545454545454546 0.41530054644808745 0.13090909090909092 0.12021857923497267