1 0.7602459016393442 0.7971014492753623 0.4713114754098361 0.3961352657004831
1 0.8504098360655737 0.5241545893719807 0.29098360655737704 0.4782608695652174
1 0.6987704918032787 0.21739130434782608 0.430327868852459 0.43478260869565216
1 0.9631147540983607 0.1473429951690821 0.06557377049180328 0.2946859903381642
1 0.8954918032786885 0.07971014492753623 0.20081967213114754 0.15942028985507245
1 0.4713114754098361 0.07729468599033816 0.27049180327868855 0.15458937198067632
1 0.10655737704918032 0.07246376811594203 0.21311475409836064 0.14492753623188406
1 0.2786885245901639 0.21739130434782608 0.4262295081967213 0.4251207729468599
1 0.03278688524590164 0.18357487922705315 0.06557377049180328 0.2995169082125604
1 0.14549180327868852 0.5772946859903382 0.29098360655737704 0.5265700483091788
1 0.4959016393442623 0.5434782608695652 0.3770491803278688 0.45893719806763283
1 0.2827868852459016 0.8333333333333334 0.48360655737704916 0.32367149758454106
1 0.018442622950819672 0.893719806763285 0.036885245901639344 0.2028985507246377
1 0.4979508196721312 0.4975845410628019 0.9959016393442623 0.9951690821256038