1 0.09963768115942029 0.46153846153846156 0.19927536231884058 0.32967032967032966
1 0.286231884057971 0.5357142857142857 0.2246376811594203 0.3241758241758242
1 0.34782608695652173 0.34615384615384615 0.2028985507246377 0.2857142857142857
1 0.20652173913043478 0.23901098901098902 0.18840579710144928 0.24725274725274726
1 0.3967391304347826 0.1565934065934066 0.16304347826086957 0.22527472527472528
1 0.6195652173913043 0.16758241758241757 0.15942028985507245 0.1813186813186813
1 0.7753623188405797 0.20054945054945056 0.16666666666666666 0.23626373626373626
1 0.5452898550724637 0.23076923076923078 0.20652173913043478 0.18681318681318682
1 0.7934782608695652 0.39285714285714285 0.21014492753623187 0.19230769230769232
1 0.5869565217391305 0.3901098901098901 0.21014492753623187 0.14285714285714285
1 0.5289855072463768 0.5521978021978022 0.2536231884057971 0.2802197802197802
1 0.7590579710144928 0.5741758241758241 0.2572463768115942 0.25824175824175827
1 0.677536231884058 0.8241758241758241 0.2898550724637681 0.34065934065934067
1 0.33695652173913043 0.782967032967033 0.26811594202898553 0.36813186813186816