1 0.8582474226804123 0.918918918918919 0.27319587628865977 0.15444015444015444
1 0.9097938144329897 0.7895752895752896 0.17010309278350516 0.18146718146718147
1 0.8608247422680413 0.611969111969112 0.26804123711340205 0.23552123552123552
1 0.9716494845360825 0.4826254826254826 0.04639175257731959 0.16216216216216217
1 0.788659793814433 0.38803088803088803 0.24742268041237114 0.20463320463320464
1 0.9329896907216495 0.38223938223938225 0.12371134020618557 0.16216216216216217
1 0.9561855670103093 0.27413127413127414 0.07731958762886598 0.138996138996139
1 0.9329896907216495 0.20656370656370657 0.12371134020618557 0.1274131274131274
1 0.7809278350515464 0.2277992277992278 0.211340206185567 0.12355212355212356
1 0.7577319587628866 0.09266409266409266 0.20618556701030927 0.18532818532818532
1 0.9097938144329897 0.08108108108108109 0.17010309278350516 0.16216216216216217
1 0.5180412371134021 0.11776061776061776 0.27319587628865977 0.1891891891891892
1 0.6211340206185567 0.019305019305019305 0.18041237113402062 0.03861003861003861
1 0.5670103092783505 0.28378378378378377 0.27835051546391754 0.20463320463320464
1 0.5309278350515464 0.4594594594594595 0.28865979381443296 0.22393822393822393
1 0.6804123711340206 0.5328185328185329 0.12371134020618557 0.16216216216216217
1 0.5592783505154639 0.7027027027027027 0.33505154639175255 0.2702702702702703
1 0.7345360824742269 0.7741312741312741 0.20103092783505155 0.21235521235521235
1 0.49742268041237114 0.8861003861003861 0.3247422680412371 0.17374517374517376
1 0.5154639175257731 0.9594594594594594 0.3711340206185567 0.07335907335907337
1 0.7061855670103093 0.9343629343629344 0.09278350515463918 0.12355212355212356
1 0.2190721649484536 0.8146718146718147 0.37628865979381443 0.2702702702702703
1 0.1211340206185567 0.8822393822393823 0.2422680412371134 0.2277992277992278
1 0.2706185567010309 0.9806949806949807 0.06701030927835051 0.03088803088803089
1 0.005154639175257732 0.640926640926641 0.010309278350515464 0.16988416988416988
1 0.015463917525773196 0.7277992277992278 0.030927835051546393 0.11196911196911197
1 0.23711340206185566 0.5424710424710425 0.422680412371134 0.35135135135135137
1 0.21649484536082475 0.33204633204633205 0.3402061855670103 0.16988416988416988
1 0.4072164948453608 0.3590733590733591 0.09278350515463918 0.08494208494208494
1 0.2654639175257732 0.21042471042471042 0.26288659793814434 0.18146718146718147
1 0.40463917525773196 0.27606177606177607 0.06701030927835051 0.09652509652509653
1 0.39690721649484534 0.0444015444015444 0.1134020618556701 0.0888030888030888
1 0.48195876288659795 0.017374517374517374 0.07731958762886598 0.03474903474903475
1 0.18814432989690721 0.07528957528957529 0.31443298969072164 0.15057915057915058
1 0.06443298969072164 0.16795366795366795 0.12886597938144329 0.23552123552123552
1 0.04381443298969072 0.36293436293436293 0.08762886597938144 0.2548262548262548
1 0.01804123711340206 0.021235521235521235 0.03608247422680412 0.04247104247104247