1 0.8358490566037736 0.4921052631578947 0.21509433962264152 0.4473684210526316
1 0.7754716981132076 0.8289473684210527 0.12452830188679245 0.11052631578947368
1 0.6622641509433962 0.8973684210526316 0.35094339622641507 0.13157894736842105
1 0.6264150943396226 0.7973684210526316 0.1811320754716981 0.19473684210526315
1 0.47735849056603774 0.8605263157894737 0.09433962264150944 0.15263157894736842
1 0.38301886792452833 0.8736842105263158 0.1169811320754717 0.17894736842105263
1 0.18490566037735848 0.8789473684210526 0.25660377358490566 0.2
1 0.14150943396226415 0.5894736842105263 0.10943396226415095 0.11578947368421053
1 0.25660377358490566 0.6026315789473684 0.13584905660377358 0.11052631578947368
1 0.3867924528301887 0.5868421052631579 0.12452830188679245 0.13157894736842105
1 0.36981132075471695 0.4421052631578947 0.14339622641509434 0.22105263157894736
1 0.47924528301886793 0.5105263157894737 0.07547169811320754 0.11578947368421053
1 0.4679245283018868 0.5552631578947368 0.045283018867924525 0.04736842105263158
1 0.4716981132075472 0.6026315789473684 0.045283018867924525 0.07894736842105263
1 0.2509433962264151 0.5078947368421053 0.1018867924528302 0.08947368421052632
1 0.2981132075471698 0.3868421052631579 0.045283018867924525 0.05789473684210526
1 0.16792452830188678 0.5078947368421053 0.04150943396226415 0.03684210526315789
1 0.1471698113207547 0.4868421052631579 0.03773584905660377 0.05789473684210526
1 0.15471698113207547 0.43157894736842106 0.052830188679245285 0.06315789473684211
1 0.11320754716981132 0.47368421052631576 0.03018867924528302 0.042105263157894736
1 0.10377358490566038 0.4236842105263158 0.033962264150943396 0.04736842105263158
1 0.0830188679245283 0.5210526315789473 0.045283018867924525 0.06315789473684211
1 0.08679245283018867 0.5789473684210527 0.022641509433962263 0.031578947368421054
1 0.08490566037735849 0.6026315789473684 0.026415094339622643 0.02631578947368421
1 0.12264150943396226 0.5263157894736842 0.04150943396226415 0.06315789473684211
1 0.14339622641509434 0.3447368421052632 0.045283018867924525 0.06842105263157895
1 0.1509433962264151 0.28421052631578947 0.022641509433962263 0.042105263157894736
1 0.1830188679245283 0.29473684210526313 0.04150943396226415 0.07368421052631578
1 0.1792452830188679 0.38421052631578945 0.1018867924528302 0.15789473684210525
1 0.23018867924528302 0.35 0.0830188679245283 0.14210526315789473
1 0.28867924528301886 0.27631578947368424 0.08679245283018867 0.1
1 0.2830188679245283 0.2236842105263158 0.11320754716981132 0.07894736842105263
1 0.30566037735849055 0.2131578947368421 0.10566037735849057 0.08947368421052632
1 0.19056603773584907 0.20789473684210527 0.09433962264150944 0.14210526315789473
1 0.37169811320754714 0.2710526315789474 0.07169811320754717 0.08947368421052632
1 0.29245283018867924 0.2736842105263158 0.07924528301886792 0.09473684210526316
1 0.4018867924528302 0.3526315789473684 0.033962264150943396 0.031578947368421054
1 0.47358490566037736 0.40789473684210525 0.04905660377358491 0.05789473684210526
1 0.4320754716981132 0.39210526315789473 0.026415094339622643 0.03684210526315789
1 0.47358490566037736 0.35 0.04905660377358491 0.05789473684210526
1 0.44150943396226416 0.33421052631578946 0.03773584905660377 0.06842105263157895
1 0.42452830188679247 0.29736842105263156 0.033962264150943396 0.04736842105263158
1 0.4528301886792453 0.2657894736842105 0.09811320754716982 0.1
1 0.5811320754716981 0.3263157894736842 0.1509433962264151 0.16842105263157894
1 0.6962264150943396 0.24473684210526317 0.07924528301886792 0.20526315789473684
1 0.7 0.45526315789473687 0.07924528301886792 0.21578947368421053
1 0.620754716981132 0.45263157894736844 0.09433962264150944 0.22105263157894736