1 0.9490909090909091 0.40437158469945356 0.09454545454545454 0.16393442622950818
1 0.9672727272727273 0.5245901639344263 0.05818181818181818 0.16393442622950818
1 0.9781818181818182 0.6693989071038251 0.03636363636363636 0.12568306010928962
1 0.9672727272727273 0.8114754098360656 0.05818181818181818 0.14754098360655737
1 0.9836363636363636 0.9153005464480874 0.025454545454545455 0.060109289617486336
1 0.9490909090909091 0.6338797814207651 0.05818181818181818 0.12021857923497267
1 0.8909090909090909 0.5409836065573771 0.10909090909090909 0.16393442622950818
1 0.9 0.6912568306010929 0.09818181818181818 0.14754098360655737
1 0.8036363636363636 0.5710382513661202 0.08727272727272728 0.09289617486338798
1 0.8345454545454546 0.4453551912568306 0.11272727272727273 0.14754098360655737
1 0.769090909090909 0.5273224043715847 0.05454545454545454 0.10382513661202186
1 0.8181818181818182 0.6202185792349727 0.05818181818181818 0.08196721311475409
1 0.8272727272727273 0.7131147540983607 0.07636363636363637 0.11475409836065574
1 0.8818181818181818 0.7595628415300546 0.06909090909090909 0.09836065573770492
1 0.9163636363636364 0.825136612021858 0.06545454545454546 0.08743169398907104
1 0.8909090909090909 0.9016393442622951 0.06545454545454546 0.08743169398907104
1 0.9436363636363636 0.9344262295081968 0.06181818181818182 0.12021857923497267
1 0.9272727272727272 0.9754098360655737 0.07272727272727272 0.03825136612021858
1 0.8654545454545455 0.9672131147540983 0.05090909090909091 0.0546448087431694
1 0.8036363636363636 0.9398907103825137 0.07272727272727272 0.1092896174863388
1 0.850909090909091 0.8688524590163934 0.06545454545454546 0.1092896174863388
1 0.8490909090909091 0.8114754098360656 0.06181818181818182 0.07103825136612021
1 0.7981818181818182 0.7814207650273224 0.04 0.08743169398907104
1 0.78 0.8442622950819673 0.07636363636363637 0.10382513661202186
1 0.7545454545454545 0.7540983606557377 0.06909090909090909 0.09836065573770492
1 0.7636363636363637 0.6639344262295082 0.07272727272727272 0.09289617486338798
1 0.7218181818181818 0.6256830601092896 0.05454545454545454 0.10382513661202186
1 0.6709090909090909 0.6994535519125683 0.07636363636363637 0.1092896174863388
1 0.72 0.7158469945355191 0.03636363636363636 0.08743169398907104
1 0.6945454545454546 0.7896174863387978 0.05818181818181818 0.09289617486338798
1 0.7327272727272728 0.8825136612021858 0.06909090909090909 0.12568306010928962
1 0.7581818181818182 0.9754098360655737 0.04727272727272727 0.03825136612021858
1 0.7072727272727273 0.953551912568306 0.06181818181818182 0.08196721311475409
1 0.6618181818181819 0.8661202185792349 0.06545454545454546 0.11475409836065574
1 0.6236363636363637 0.7704918032786885 0.06909090909090909 0.1092896174863388
1 0.5927272727272728 0.7431693989071039 0.05090909090909091 0.0546448087431694
1 0.6290909090909091 0.6721311475409836 0.05090909090909091 0.07650273224043716
1 0.6709090909090909 0.5983606557377049 0.05454545454545454 0.10382513661202186
1 0.6181818181818182 0.9480874316939891 0.11636363636363636 0.09289617486338798
1 0.5981818181818181 0.8879781420765027 0.06181818181818182 0.08196721311475409
1 0.5418181818181819 0.8497267759562842 0.12363636363636364 0.1912568306010929
1 0.48727272727272725 0.76775956284153 0.05818181818181818 0.16939890710382513
1 0.4309090909090909 0.7595628415300546 0.12 0.19672131147540983
1 0.33636363636363636 0.8224043715846995 0.11272727272727273 0.18032786885245902
1 0.4381818181818182 0.9180327868852459 0.12727272727272726 0.15300546448087432
1 0.33636363636363636 0.953551912568306 0.10545454545454545 0.08196721311475409
1 0.22727272727272727 0.9808743169398907 0.09818181818181818 0.0273224043715847
1 0.09636363636363636 0.9726775956284153 0.09818181818181818 0.04371584699453552
1 0.04181818181818182 0.0546448087431694 0.08363636363636363 0.1092896174863388
1 0.09090909090909091 0.03825136612021858 0.03636363636363636 0.07650273224043716
1 0.9309090909090909 0.1557377049180328 0.13090909090909092 0.3114754098360656
1 0.8072727272727273 0.18032786885245902 0.14545454545454545 0.36065573770491804
1 0.6654545454545454 0.24316939890710382 0.2545454545454545 0.48633879781420764
1 0.5163636363636364 0.31420765027322406 0.3418181818181818 0.6284153005464481
1 0.44 0.33060109289617484 0.26181818181818184 0.6612021857923497
1 0.3109090909090909 0.3333333333333333 0.2872727272727273 0.6666666666666666
1 0.14363636363636365 0.06830601092896176 0.12727272727272726 0.1366120218579235
1 0.18 0.412568306010929 0.36 0.6174863387978142
1 0.09454545454545454 0.8087431693989071 0.1890909090909091 0.30601092896174864
1 0.20909090909090908 0.7513661202185792 0.12727272727272726 0.18032786885245902