1 0.9381818181818182 0.9016393442622951 0.11636363636363636 0.15300546448087432
1 0.9654545454545455 0.9726775956284153 0.06181818181818182 0.04371584699453552
1 0.98 0.825136612021858 0.03272727272727273 0.08743169398907104
1 0.889090909090909 0.8306010928961749 0.10545454545454545 0.07650273224043716
1 0.9218181818181819 0.7868852459016393 0.07636363636363637 0.07650273224043716
1 0.9436363636363636 0.7431693989071039 0.10545454545454545 0.12021857923497267
1 0.9854545454545455 0.6967213114754098 0.02181818181818182 0.04918032786885246
1 0.9345454545454546 0.6639344262295082 0.05818181818181818 0.04918032786885246
1 0.9690909090909091 0.6120218579234973 0.05454545454545454 0.12021857923497267
1 0.88 0.680327868852459 0.05090909090909091 0.10382513661202186
1 0.84 0.7431693989071039 0.08727272727272728 0.08743169398907104
1 0.8181818181818182 0.7978142076502732 0.03636363636363636 0.04371584699453552
1 0.7890909090909091 0.7377049180327869 0.02909090909090909 0.07650273224043716
1 0.8327272727272728 0.6502732240437158 0.05818181818181818 0.07650273224043716
1 0.7781818181818182 0.6584699453551912 0.05818181818181818 0.08196721311475409
1 0.7509090909090909 0.6338797814207651 0.05454545454545454 0.06557377049180328
1 0.74 0.5683060109289617 0.06909090909090909 0.06557377049180328
1 0.7054545454545454 0.5245901639344263 0.02181818181818182 0.03278688524590164
1 0.7490909090909091 0.5163934426229508 0.04363636363636364 0.04918032786885246
1 0.7890909090909091 0.5109289617486339 0.04363636363636364 0.0273224043715847
1 0.7890909090909091 0.5765027322404371 0.05090909090909091 0.09289617486338798
1 0.8327272727272728 0.5437158469945356 0.05090909090909091 0.04918032786885246
1 0.8781818181818182 0.5437158469945356 0.04727272727272727 0.060109289617486336
1 0.8290909090909091 0.5901639344262295 0.06545454545454546 0.07650273224043716
1 0.9018181818181819 0.5956284153005464 0.08727272727272728 0.09836065573770492
1 0.9781818181818182 0.5355191256830601 0.03636363636363636 0.03278688524590164
1 0.9618181818181818 0.5 0.06909090909090909 0.060109289617486336
1 0.9836363636363636 0.46174863387978143 0.025454545454545455 0.03825136612021858
1 0.9836363636363636 0.42896174863387976 0.025454545454545455 0.0273224043715847
1 0.9436363636363636 0.4453551912568306 0.04727272727272727 0.04918032786885246
1 0.94 0.46994535519125685 0.04 0.04371584699453552
1 0.9054545454545454 0.48360655737704916 0.06545454545454546 0.0273224043715847
1 0.9109090909090909 0.43989071038251365 0.03272727272727273 0.060109289617486336
1 0.8709090909090909 0.4453551912568306 0.04 0.04918032786885246
1 0.82 0.45901639344262296 0.025454545454545455 0.04371584699453552
1 0.8472727272727273 0.4890710382513661 0.05090909090909091 0.060109289617486336
1 0.7781818181818182 0.4562841530054645 0.04363636363636364 0.060109289617486336
1 0.7418181818181818 0.47540983606557374 0.04363636363636364 0.0546448087431694
1 0.7145454545454546 0.4371584699453552 0.05454545454545454 0.03278688524590164
1 0.6963636363636364 0.4808743169398907 0.05454545454545454 0.06557377049180328
1 0.8072727272727273 0.8879781420765027 0.24 0.21311475409836064
1 0.6090909090909091 0.9098360655737705 0.18545454545454546 0.16939890710382513
1 0.7109090909090909 0.7513661202185792 0.14181818181818182 0.20218579234972678
1 0.58 0.7786885245901639 0.14181818181818182 0.1912568306010929
1 0.6418181818181818 0.6092896174863388 0.14181818181818182 0.20218579234972678
1 0.6127272727272727 0.49453551912568305 0.12 0.1366120218579235
1 0.5654545454545454 0.4098360655737705 0.07636363636363637 0.12021857923497267
1 0.5254545454545455 0.5273224043715847 0.08363636363636363 0.12568306010928962
1 0.5454545454545454 0.6202185792349727 0.08727272727272728 0.12568306010928962
1 0.43454545454545457 0.9289617486338798 0.14181818181818182 0.13114754098360656
1 0.4618181818181818 0.7950819672131147 0.08727272727272728 0.18032786885245902
1 0.4672727272727273 0.6557377049180327 0.06181818181818182 0.1092896174863388
1 0.4618181818181818 0.5683060109289617 0.05090909090909091 0.09836065573770492
1 0.4109090909090909 0.4726775956284153 0.08727272727272728 0.08196721311475409
1 0.3981818181818182 0.5273224043715847 0.09818181818181818 0.11475409836065574
1 0.3890909090909091 0.6475409836065574 0.11636363636363636 0.16939890710382513
1 0.3509090909090909 0.8142076502732241 0.16363636363636364 0.22950819672131148
1 0.28 0.9398907103825137 0.16 0.1092896174863388
1 0.21272727272727274 0.8114754098360656 0.1781818181818182 0.2677595628415301
1 0.13818181818181818 0.9508196721311475 0.16 0.08743169398907104
1 0.07636363636363637 0.825136612021858 0.15272727272727274 0.26229508196721313
1 0.034545454545454546 0.9726775956284153 0.06909090909090909 0.04371584699453552
1 0.15636363636363637 0.6557377049180327 0.12363636363636364 0.13114754098360656
1 0.2727272727272727 0.6475409836065574 0.12363636363636364 0.16939890710382513
1 0.30363636363636365 0.5519125683060109 0.08363636363636363 0.1092896174863388
1 0.32545454545454544 0.4972677595628415 0.07636363636363637 0.06557377049180328
1 0.2545454545454545 0.4890710382513661 0.07272727272727272 0.08196721311475409
1 0.21818181818181817 0.5491803278688525 0.10909090909090909 0.12568306010928962
1 0.11272727272727273 0.6010928961748634 0.10181818181818182 0.08743169398907104
1 0.14181818181818182 0.5163934426229508 0.08727272727272728 0.09289617486338798
1 0.05090909090909091 0.6885245901639344 0.10181818181818182 0.08743169398907104
1 0.06181818181818182 0.5300546448087432 0.08 0.08743169398907104
1 0.04181818181818182 0.6010928961748634 0.08363636363636363 0.09836065573770492
1 0.7363636363636363 0.09562841530054644 0.13454545454545455 0.1912568306010929
1 0.58 0.08743169398907104 0.11272727272727273 0.16393442622950818
1 0.4036363636363636 0.09836065573770492 0.11636363636363636 0.18579234972677597
1 0.17454545454545456 0.060109289617486336 0.04363636363636364 0.07650273224043716
1 0.3018181818181818 0.07103825136612021 0.04363636363636364 0.06557377049180328
1 0.24181818181818182 0.12295081967213115 0.14181818181818182 0.2459016393442623
1 0.03272727272727273 0.05737704918032787 0.05818181818181818 0.07103825136612021
1 0.09272727272727273 0.1092896174863388 0.14181818181818182 0.2185792349726776