1 0.744 0.2722772277227723 0.088 0.27722772277227725
1 0.692 0.2871287128712871 0.072 0.297029702970297
1 0.64 0.2896039603960396 0.056 0.28217821782178215
1 0.586 0.29455445544554454 0.068 0.3415841584158416
1 0.632 0.400990099009901 0.056 0.12871287128712872
1 0.692 0.38613861386138615 0.056 0.09900990099009901
1 0.668 0.30198019801980197 0.24 0.36633663366336633
1 0.652 0.6608910891089109 0.104 0.11386138613861387
1 0.764 0.6707920792079208 0.112 0.09405940594059406
1 0.766 0.7821782178217822 0.092 0.1188118811881188
1 0.676 0.7945544554455446 0.104 0.13366336633663367
1 0.58 0.7945544554455446 0.096 0.13366336633663367
1 0.57 0.6782178217821783 0.092 0.0891089108910891
1 0.224 0.6658415841584159 0.104 0.12376237623762376
1 0.29 0.7945544554455446 0.1 0.13366336633663367
1 0.308 0.7301980198019802 0.08 0.054455445544554455
1 0.174 0.7945544554455446 0.124 0.14356435643564355