1 0.21818181818181817 0.7923497267759563 0.02909090909090909 0.07650273224043716
1 0.24909090909090909 0.76775956284153 0.025454545454545455 0.060109289617486336
1 0.26545454545454544 0.8278688524590164 0.03636363636363636 0.060109289617486336
1 0.29454545454545455 0.8142076502732241 0.04363636363636364 0.08743169398907104
1 0.2690909090909091 0.7404371584699454 0.03636363636363636 0.07103825136612021
1 0.2781818181818182 0.674863387978142 0.03272727272727273 0.07103825136612021
1 0.3054545454545455 0.7185792349726776 0.02909090909090909 0.07103825136612021
1 0.32727272727272727 0.7377049180327869 0.02181818181818182 0.07650273224043716
1 0.22363636363636363 0.6775956284153005 0.04 0.0546448087431694
1 0.21272727272727274 0.6366120218579235 0.04 0.060109289617486336
1 0.18545454545454546 0.6693989071038251 0.04363636363636364 0.060109289617486336
1 0.1781818181818182 0.7568306010928961 0.05090909090909091 0.12568306010928962
1 0.22363636363636363 0.7213114754098361 0.04727272727272727 0.07650273224043716
1 0.15818181818181817 0.6502732240437158 0.03272727272727273 0.06557377049180328
1 0.18 0.6502732240437158 0.04 0.08743169398907104
1 0.13636363636363635 0.6939890710382514 0.04 0.06557377049180328
1 0.13636363636363635 0.680327868852459 0.05454545454545454 0.12568306010928962
1 0.09090909090909091 0.6666666666666666 0.03636363636363636 0.08743169398907104
1 0.06545454545454546 0.7185792349726776 0.02909090909090909 0.03825136612021858
1 0.03090909090909091 0.7131147540983607 0.025454545454545455 0.04918032786885246
1 0.016363636363636365 0.7021857923497268 0.03272727272727273 0.07103825136612021
1 0.00909090909090909 0.7540983606557377 0.01818181818181818 0.04371584699453552
1 0.07454545454545454 0.6612021857923497 0.06181818181818182 0.07650273224043716
1 0.06181818181818182 0.5983606557377049 0.014545454545454545 0.07103825136612021
1 0.038181818181818185 0.6256830601092896 0.025454545454545455 0.08196721311475409
1 0.014545454545454545 0.639344262295082 0.02909090909090909 0.06557377049180328