1 0.5165441176470589 0.5918918918918918 0.1875 0.5675675675675675
1 0.8492647058823529 0.5918918918918918 0.21323529411764705 0.4486486486486487
1 0.7977941176470589 0.6216216216216216 0.21323529411764705 0.44324324324324327
1 0.6305147058823529 0.6351351351351351 0.0625 0.372972972972973
1 0.8731617647058824 0.6810810810810811 0.12867647058823528 0.41081081081081083
1 0.7444852941176471 0.6945945945945946 0.07720588235294118 0.3081081081081081
1 0.7959558823529411 0.7135135135135136 0.0625 0.4864864864864865
1 0.6985294117647058 0.7432432432432432 0.11764705882352941 0.4594594594594595
1 0.5404411764705882 0.15135135135135136 0.27205882352941174 0.3027027027027027
1 0.15441176470588236 0.26756756756756755 0.2426470588235294 0.42702702702702705
1 0.36580882352941174 0.34594594594594597 0.15808823529411764 0.5405405405405406
1 0.6654411764705882 0.34864864864864864 0.21323529411764705 0.31891891891891894
1 0.43933823529411764 0.04594594594594595 0.5183823529411765 0.0918918918918919