1 0.30660377358490565 0.8522012578616353 0.44339622641509435 0.2830188679245283
1 0.4638364779874214 0.7264150943396226 0.02830188679245283 0.06918238993710692
1 0.4748427672955975 0.7735849056603774 0.031446540880503145 0.050314465408805034
1 0.9308176100628931 0.9339622641509434 0.1069182389937107 0.11949685534591195
1 0.940251572327044 0.8616352201257862 0.06918238993710692 0.11320754716981132
1 0.9842767295597484 0.8427672955974843 0.025157232704402517 0.11320754716981132
1 0.8238993710691824 0.949685534591195 0.11320754716981132 0.0880503144654088
1 0.7342767295597484 0.9056603773584906 0.07861635220125786 0.1761006289308176
1 0.7610062893081762 0.6823899371069182 0.13836477987421383 0.32075471698113206
1 0.8553459119496856 0.7547169811320755 0.1320754716981132 0.3270440251572327
1 0.9575471698113207 0.779874213836478 0.04716981132075472 0.0880503144654088
1 0.9072327044025157 0.12264150943396226 0.1792452830188679 0.24528301886792453
1 0.8663522012578616 0.15723270440251572 0.04716981132075472 0.13836477987421383
1 0.9040880503144654 0.20440251572327045 0.040880503144654086 0.08176100628930817
1 0.9779874213836478 0.3081761006289308 0.03773584905660377 0.2389937106918239
1 0.9795597484276729 0.3333333333333333 0.02830188679245283 0.18867924528301888
1 0.9669811320754716 0.36792452830188677 0.02830188679245283 0.1069182389937107
1 0.9512578616352201 0.2672955974842767 0.02830188679245283 0.09433962264150944
1 0.89937106918239 0.27358490566037735 0.05660377358490566 0.11949685534591195
1 0.9292452830188679 0.3270440251572327 0.040880503144654086 0.10062893081761007
1 0.8805031446540881 0.41823899371069184 0.1509433962264151 0.3081761006289308
1 0.8364779874213837 0.5534591194968553 0.0440251572327044 0.07547169811320754
1 0.8679245283018868 0.5849056603773585 0.05660377358490566 0.0880503144654088
1 0.9072327044025157 0.6132075471698113 0.03459119496855346 0.06918238993710692
1 0.910377358490566 0.6855345911949685 0.04716981132075472 0.10062893081761007
1 0.9355345911949685 0.7421383647798742 0.03459119496855346 0.10062893081761007
1 0.9654088050314465 0.6886792452830188 0.03773584905660377 0.06918238993710692
1 0.9716981132075472 0.6257861635220126 0.050314465408805034 0.06918238993710692
1 0.9418238993710691 0.5911949685534591 0.03459119496855346 0.11320754716981132
1 0.9779874213836478 0.5251572327044025 0.03773584905660377 0.15723270440251572
1 0.75 0.19811320754716982 0.1289308176100629 0.39622641509433965
1 0.7641509433962265 0.2138364779874214 0.2138364779874214 0.4276729559748428
1 0.7704402515723271 0.4748427672955975 0.08176100628930817 0.16981132075471697
1 0.6022012578616353 0.46540880503144655 0.24842767295597484 0.49056603773584906
1 0.5424528301886793 0.6792452830188679 0.12264150943396226 0.25157232704402516
1 0.5707547169811321 0.8333333333333334 0.10377358490566038 0.20754716981132076
1 0.5550314465408805 0.9654088050314465 0.09748427672955975 0.05660377358490566
1 0.6415094339622641 0.8836477987421384 0.1069182389937107 0.22012578616352202
1 0.6556603773584906 0.779874213836478 0.07232704402515723 0.20125786163522014
1 0.5518867924528302 0.07547169811320754 0.1289308176100629 0.1509433962264151
1 0.6336477987421384 0.0660377358490566 0.059748427672955975 0.1320754716981132
1 0.6320754716981132 0.1918238993710692 0.11949685534591195 0.1320754716981132
1 0.6289308176100629 0.20440251572327045 0.03773584905660377 0.05660377358490566
1 0.330188679245283 0.10377358490566038 0.16981132075471697 0.20754716981132076
1 0.4261006289308176 0.2830188679245283 0.16666666666666666 0.25157232704402516
1 0.3789308176100629 0.4716981132075472 0.2358490566037736 0.5660377358490566
1 0.5047169811320755 0.21069182389937108 0.059748427672955975 0.11949685534591195
1 0.5518867924528302 0.25157232704402516 0.05345911949685535 0.12578616352201258
1 0.5094339622641509 0.3113207547169811 0.03773584905660377 0.09433962264150944
1 0.45125786163522014 0.1289308176100629 0.05345911949685535 0.1069182389937107
1 0.4261006289308176 0.08490566037735849 0.04716981132075472 0.1069182389937107
1 0.46540880503144655 0.03773584905660377 0.06289308176100629 0.07547169811320754
1 0.5047169811320755 0.09119496855345911 0.05345911949685535 0.11949685534591195
1 0.529874213836478 0.040880503144654086 0.04716981132075472 0.08176100628930817
1 0.5660377358490566 0.11635220125786164 0.03773584905660377 0.09433962264150944
1 0.539308176100629 0.14465408805031446 0.040880503144654086 0.11320754716981132
1 0.36792452830188677 0.5283018867924528 0.16981132075471697 0.37735849056603776
1 0.2971698113207547 0.6823899371069182 0.03459119496855346 0.0440251572327044
1 0.2893081761006289 0.4088050314465409 0.06289308176100629 0.16352201257861634
1 0.21855345911949686 0.44339622641509435 0.07861635220125786 0.15723270440251572
1 0.1792452830188679 0.31761006289308175 0.07547169811320754 0.15723270440251572
1 0.24842767295597484 0.3018867924528302 0.07547169811320754 0.12578616352201258
1 0.21069182389937108 0.1761006289308176 0.07547169811320754 0.13836477987421383
1 0.13836477987421383 0.1949685534591195 0.07547169811320754 0.16352201257861634
1 0.17452830188679244 0.06289308176100629 0.07232704402515723 0.12578616352201258
1 0.21069182389937108 0.05660377358490566 0.025157232704402517 0.06289308176100629
1 0.19968553459119498 0.006289308176100629 0.02830188679245283 0.012578616352201259
1 0.27358490566037735 0.2578616352201258 0.018867924528301886 0.06289308176100629
1 0.29245283018867924 0.29874213836477986 0.025157232704402517 0.05660377358490566
1 0.24371069182389937 0.5849056603773585 0.09119496855345911 0.13836477987421383
1 0.2028301886792453 0.6855345911949685 0.16037735849056603 0.10062893081761007
1 0.18238993710691823 0.5628930817610063 0.050314465408805034 0.09433962264150944
1 0.16037735849056603 0.4937106918238994 0.031446540880503145 0.06918238993710692
1 0.16823899371069181 0.4276729559748428 0.0220125786163522 0.050314465408805034
1 0.14150943396226415 0.4371069182389937 0.025157232704402517 0.0440251572327044
1 0.11163522012578617 0.3584905660377358 0.07232704402515723 0.16352201257861634
1 0.07547169811320754 0.27358490566037735 0.031446540880503145 0.08176100628930817
1 0.08176100628930817 0.20440251572327045 0.03773584905660377 0.05660377358490566
1 0.1179245283018868 0.08490566037735849 0.02830188679245283 0.05660377358490566
1 0.06918238993710692 0.12578616352201258 0.050314465408805034 0.10062893081761007
1 0.03930817610062893 0.03773584905660377 0.03459119496855346 0.06289308176100629