1 0.8981818181818182 0.8387978142076503 0.08727272727272728 0.060109289617486336
1 0.9690909090909091 0.7841530054644809 0.05454545454545454 0.10382513661202186
1 0.9218181818181819 0.7650273224043715 0.06181818181818182 0.08743169398907104
1 0.9545454545454546 0.9781420765027322 0.08363636363636363 0.03278688524590164
1 0.8290909090909091 0.9781420765027322 0.09454545454545454 0.03278688524590164
1 0.7363636363636363 0.9781420765027322 0.05454545454545454 0.03278688524590164
1 0.2672727272727273 0.7923497267759563 0.05454545454545454 0.1092896174863388
1 0.24909090909090909 0.6584699453551912 0.08363636363636363 0.10382513661202186
1 0.4018181818181818 0.73224043715847 0.05454545454545454 0.08743169398907104
1 0.42363636363636364 0.7704918032786885 0.04727272727272727 0.08743169398907104
1 0.49818181818181817 0.7568306010928961 0.04363636363636364 0.09289617486338798
1 0.5272727272727272 0.7978142076502732 0.03636363636363636 0.0546448087431694
1 0.4727272727272727 0.7759562841530054 0.03636363636363636 0.0546448087431694
1 0.4690909090909091 0.6693989071038251 0.06545454545454546 0.12568306010928962
1 0.39090909090909093 0.6256830601092896 0.09818181818181818 0.14754098360655737
1 0.39636363636363636 0.5027322404371585 0.05818181818181818 0.09836065573770492
1 0.5963636363636363 0.6311475409836066 0.08 0.1366120218579235
1 0.5327272727272727 0.6994535519125683 0.05454545454545454 0.1092896174863388
1 0.5927272727272728 0.7131147540983607 0.07272727272727272 0.09289617486338798
1 0.5309090909090909 0.6256830601092896 0.03636363636363636 0.08196721311475409
1 0.48545454545454547 0.5136612021857924 0.05454545454545454 0.07650273224043716
1 0.4527272727272727 0.43989071038251365 0.03272727272727273 0.08196721311475409
1 0.5418181818181819 0.43169398907103823 0.10181818181818182 0.13114754098360656
1 0.5781818181818181 0.546448087431694 0.10909090909090909 0.1092896174863388
1 0.6381818181818182 0.3524590163934426 0.05454545454545454 0.16939890710382513
1 0.7036363636363636 0.7786885245901639 0.06909090909090909 0.11475409836065574
1 0.7709090909090909 0.8306010928961749 0.07272727272727272 0.08743169398907104
1 0.7 0.8579234972677595 0.06909090909090909 0.03278688524590164
1 0.8309090909090909 0.7786885245901639 0.10545454545454545 0.1366120218579235
1 0.7672727272727272 0.7295081967213115 0.08 0.1366120218579235
1 0.8363636363636363 0.6857923497267759 0.08727272727272728 0.10382513661202186
1 0.8636363636363636 0.6038251366120219 0.11272727272727273 0.11475409836065574
1 0.9672727272727273 0.6721311475409836 0.05818181818181818 0.12021857923497267
1 0.9127272727272727 0.6830601092896175 0.05090909090909091 0.1092896174863388
1 0.30363636363636365 0.05191256830601093 0.1781818181818182 0.10382513661202186
1 0.10363636363636364 0.319672131147541 0.20727272727272728 0.639344262295082
1 0.1509090909090909 0.7213114754098361 0.13454545454545455 0.14207650273224043
1 0.24727272727272728 0.8306010928961749 0.06545454545454546 0.19672131147540983
1 0.30727272727272725 0.7021857923497268 0.13454545454545455 0.08196721311475409
1 0.34545454545454546 0.04918032786885246 0.26181818181818184 0.09836065573770492
1 0.28545454545454546 0.15846994535519127 0.15636363636363637 0.09836065573770492
1 0.24181818181818182 0.3743169398907104 0.07636363636363637 0.3224043715846995
1 0.7036363636363636 0.7076502732240437 0.05454545454545454 0.07103825136612021
1 0.7290909090909091 0.6475409836065574 0.05454545454545454 0.07103825136612021
1 0.8036363636363636 0.6147540983606558 0.05090909090909091 0.07103825136612021
1 0.9581818181818181 0.5628415300546448 0.07636363636363637 0.09836065573770492
1 0.9636363636363636 0.4890710382513661 0.06545454545454546 0.04918032786885246
1 0.9763636363636363 0.43989071038251365 0.04 0.08196721311475409
1 0.9727272727272728 0.38524590163934425 0.04727272727272727 0.03825136612021858
1 0.9363636363636364 0.3770491803278688 0.04 0.0546448087431694
1 0.9236363636363636 0.46174863387978143 0.05818181818181818 0.09289617486338798
1 0.8672727272727273 0.5081967213114754 0.05454545454545454 0.07650273224043716
1 0.8181818181818182 0.5163934426229508 0.05090909090909091 0.060109289617486336
1 0.7872727272727272 0.5437158469945356 0.03272727272727273 0.060109289617486336
1 0.7018181818181818 0.592896174863388 0.05090909090909091 0.09289617486338798
1 0.74 0.5573770491803278 0.10545454545454545 0.1092896174863388
1 0.7018181818181818 0.4808743169398907 0.03636363636363636 0.0546448087431694
1 0.7709090909090909 0.36885245901639346 0.05818181818181818 0.08196721311475409
1 0.84 0.3879781420765027 0.05090909090909091 0.0546448087431694
1 0.8581818181818182 0.4371584699453552 0.08 0.07650273224043716
1 0.7981818181818182 0.45081967213114754 0.04727272727272727 0.09289617486338798
1 0.7436363636363637 0.4562841530054645 0.06181818181818182 0.11475409836065574
1 0.8654545454545455 0.06830601092896176 0.2545454545454545 0.1366120218579235