1 0.8963636363636364 0.6830601092896175 0.2 0.4262295081967213
1 0.8145454545454546 0.8961748633879781 0.3418181818181818 0.19672131147540983
1 0.6436363636363637 0.7896174863387978 0.32727272727272727 0.366120218579235
1 0.3836363636363636 0.8715846994535519 0.41818181818181815 0.2459016393442623
1 0.4636363636363636 0.9426229508196722 0.2872727272727273 0.10382513661202186
1 0.09090909090909091 0.8770491803278688 0.18181818181818182 0.23497267759562843
1 0.12727272727272726 0.592896174863388 0.2545454545454545 0.6502732240437158
1 0.35454545454545455 0.6420765027322405 0.3090909090909091 0.4426229508196721
1 0.6181818181818182 0.4672131147540984 0.33454545454545453 0.4098360655737705
1 0.8381818181818181 0.4808743169398907 0.3018181818181818 0.31693989071038253
1 0.9381818181818182 0.39344262295081966 0.11636363636363636 0.22950819672131148
1 0.7890909090909091 0.23497267759562843 0.22545454545454546 0.32786885245901637
1 0.9272727272727272 0.16666666666666666 0.13818181818181818 0.2896174863387978
1 0.7563636363636363 0.10382513661202186 0.1890909090909091 0.20765027322404372
1 0.5618181818181818 0.19672131147540983 0.20727272727272728 0.16393442622950818
1 0.35818181818181816 0.40437158469945356 0.26545454545454544 0.22950819672131148
1 0.3381818181818182 0.226775956284153 0.27636363636363637 0.3005464480874317
1 0.11818181818181818 0.2978142076502732 0.23636363636363636 0.2677595628415301
1 0.13636363636363635 0.12295081967213115 0.2290909090909091 0.22404371584699453
1 0.30727272727272725 0.10109289617486339 0.2872727272727273 0.20218579234972678
1 0.54 0.07650273224043716 0.22181818181818183 0.15300546448087432
1 0.023636363636363636 0.10109289617486339 0.04727272727272727 0.20218579234972678
1 0.49818181818181817 0.4972677595628415 0.9963636363636363 0.994535519125683