1 0.8015267175572519 0.8385416666666666 0.29770992366412213 0.125
1 0.9790076335877863 0.7552083333333334 0.03435114503816794 0.22916666666666666
1 0.799618320610687 0.6015625 0.3931297709923664 0.2552083333333333
1 0.7156488549618321 0.6119791666666666 0.1946564885496183 0.546875
1 0.7862595419847328 0.5234375 0.19083969465648856 0.2552083333333333
1 0.6316793893129771 0.5234375 0.16412213740458015 0.21354166666666666
1 0.49236641221374045 0.578125 0.1984732824427481 0.22916666666666666
1 0.43702290076335876 0.7682291666666666 0.1946564885496183 0.24479166666666666
1 0.31679389312977096 0.8567708333333334 0.16793893129770993 0.08854166666666667
1 0.25763358778625955 0.53125 0.29389312977099236 0.25
1 0.44656488549618323 0.4140625 0.13740458015267176 0.16145833333333334
1 0.5305343511450382 0.3098958333333333 0.13740458015267176 0.16145833333333334
1 0.8721374045801527 0.18489583333333334 0.13358778625954199 0.15104166666666666
1 0.7748091603053435 0.15885416666666666 0.06870229007633588 0.11979166666666667
1 0.7595419847328244 0.049479166666666664 0.09923664122137404 0.09895833333333333
1 0.6545801526717557 0.0625 0.10305343511450382 0.125
1 0.6125954198473282 0.1328125 0.08778625954198473 0.109375
1 0.5763358778625954 0.16927083333333334 0.09923664122137404 0.09895833333333333
1 0.5076335877862596 0.11458333333333333 0.10687022900763359 0.13541666666666666
1 0.5725190839694656 0.033854166666666664 0.07633587786259542 0.06770833333333333
1 0.33396946564885494 0.028645833333333332 0.08015267175572519 0.057291666666666664
1 0.4351145038167939 0.049479166666666664 0.10687022900763359 0.09895833333333333
1 0.3931297709923664 0.11197916666666667 0.12213740458015267 0.109375
1 0.16221374045801526 0.15625 0.10305343511450382 0.125
1 0.19083969465648856 0.3098958333333333 0.21374045801526717 0.19270833333333334
1 0.13740458015267176 0.0390625 0.0916030534351145 0.078125
1 0.02862595419847328 0.052083333333333336 0.05725190839694656 0.10416666666666667
1 0.6774809160305344 0.21614583333333334 0.14122137404580154 0.2864583333333333
1 0.8645038167938931 0.2994791666666667 0.2633587786259542 0.171875