1 0.7071428571428572 0.5472222222222223 0.36428571428571427 0.5277777777777778
1 0.7089285714285715 0.30833333333333335 0.125 0.005555555555555556
1 0.6125 0.2972222222222222 0.1392857142857143 0.09444444444444444
1 0.5785714285714286 0.8166666666666667 0.04285714285714286 0.03333333333333333
1 0.25357142857142856 0.5361111111111111 0.37142857142857144 0.5166666666666667
1 0.2625 0.8166666666666667 0.10357142857142858 0.06666666666666667
1 0.36964285714285716 0.8027777777777778 0.075 0.027777777777777776
1 0.15178571428571427 0.8027777777777778 0.075 0.027777777777777776
1 0.4375 0.5638888888888889 0.03214285714285714 0.2388888888888889
1 0.19107142857142856 0.2722222222222222 0.09642857142857143 0.05555555555555555
1 0.2839285714285714 0.2638888888888889 0.06785714285714285 0.03888888888888889
1 0.3767857142857143 0.2722222222222222 0.08214285714285714 0.044444444444444446
1 0.2375 0.25 0.2392857142857143 0.06666666666666667
1 0.7053571428571429 0.5222222222222223 0.46785714285714286 0.7444444444444445