1 0.6583011583011583 0.654639175257732 0.3359073359073359 0.4845360824742268
1 0.3552123552123552 0.5979381443298969 0.32432432432432434 0.4948453608247423
1 0.4594594594594595 0.2963917525773196 0.11583011583011583 0.23195876288659795
1 0.5366795366795367 0.2036082474226804 0.2084942084942085 0.3247422680412371
1 0.23552123552123552 0.21391752577319587 0.09266409266409266 0.18041237113402062
1 0.3416988416988417 0.2345360824742268 0.14285714285714285 0.20103092783505155
1 0.1833976833976834 0.34536082474226804 0.15057915057915058 0.12371134020618557
1 0.05019305019305019 0.6237113402061856 0.10038610038610038 0.26804123711340205
1 0.138996138996139 0.6211340206185567 0.08494208494208494 0.10824742268041238
1 0.138996138996139 0.5850515463917526 0.12355212355212356 0.19072164948453607
1 0.9073359073359073 0.7190721649484536 0.1776061776061776 0.26288659793814434
1 0.915057915057915 0.5902061855670103 0.16216216216216217 0.11855670103092783