1 0.75 0.4675324675324675 0.47560975609756095 0.935064935064935
1 0.864329268292683 0.3051948051948052 0.2652439024390244 0.6103896103896104
1 0.9740853658536586 0.6168831168831169 0.04573170731707317 0.22077922077922077
1 0.7179878048780488 0.7175324675324676 0.1676829268292683 0.551948051948052
1 0.6402439024390244 0.5064935064935064 0.24390243902439024 0.7922077922077922
1 0.46189024390243905 0.4675324675324675 0.24085365853658536 0.935064935064935
1 0.5335365853658537 0.9058441558441559 0.17073170731707318 0.17532467532467533
1 0.3978658536585366 0.9123376623376623 0.09451219512195122 0.16233766233766234
1 0.3003048780487805 0.672077922077922 0.19207317073170732 0.6428571428571429
1 0.17530487804878048 0.8863636363636364 0.08841463414634146 0.21428571428571427
1 0.24390243902439024 0.41233766233766234 0.36585365853658536 0.8246753246753247
1 0.16310975609756098 0.2435064935064935 0.32621951219512196 0.487012987012987
1 0.042682926829268296 0.5292207792207793 0.08536585365853659 0.17532467532467533
1 0.039634146341463415 0.7045454545454546 0.07926829268292683 0.3961038961038961
1 0.07774390243902439 0.8896103896103896 0.15548780487804878 0.2077922077922078