1 0.09146341463414634 0.7170731707317073 0.06910569105691057 0.06829268292682927
1 0.16056910569105692 0.7097560975609756 0.06910569105691057 0.08292682926829269
1 0.22560975609756098 0.6829268292682927 0.06097560975609756 0.0975609756097561
1 0.13414634146341464 0.6292682926829268 0.07317073170731707 0.07804878048780488
1 0.18495934959349594 0.6121951219512195 0.052845528455284556 0.05365853658536585
1 0.23577235772357724 0.573170731707317 0.06504065040650407 0.07317073170731707
1 0.258130081300813 0.6317073170731707 0.036585365853658534 0.06341463414634146
1 0.29471544715447157 0.524390243902439 0.052845528455284556 0.06341463414634146
1 0.32113821138211385 0.48048780487804876 0.04065040650406504 0.05365853658536585
1 0.3597560975609756 0.4682926829268293 0.044715447154471545 0.06829268292682927
1 0.24390243902439024 0.4219512195121951 0.3008130081300813 0.2097560975609756
1 0.8150406504065041 0.9317073170731708 0.18292682926829268 0.12682926829268293
1 0.9369918699186992 0.8902439024390244 0.11788617886178862 0.2097560975609756
1 0.7947154471544715 0.8097560975609757 0.1016260162601626 0.0975609756097561
1 0.8861788617886179 0.7902439024390244 0.07317073170731707 0.08780487804878048
1 0.9613821138211383 0.7682926829268293 0.052845528455284556 0.08292682926829269
1 0.8719512195121951 0.7170731707317073 0.07723577235772358 0.08780487804878048
1 0.8536585365853658 0.6658536585365854 0.08130081300813008 0.08292682926829269
1 0.9613821138211383 0.6365853658536585 0.06910569105691057 0.09268292682926829
1 0.983739837398374 0.7073170731707317 0.024390243902439025 0.07804878048780488
1 0.9349593495934959 0.6878048780487804 0.06504065040650407 0.04878048780487805
1 0.5040650406504065 0.7048780487804878 0.4878048780487805 0.375609756097561
1 0.6056910569105691 0.4609756097560976 0.37398373983739835 0.6097560975609756
1 0.7317073170731707 0.3097560975609756 0.4715447154471545 0.6195121951219512
1 0.5203252032520326 0.9609756097560975 0.22764227642276422 0.06829268292682927