1 0.916030534351145 0.8255208333333334 0.09923664122137404 0.13020833333333334
1 0.9809160305343512 0.8046875 0.030534351145038167 0.109375
1 0.9522900763358778 0.8697916666666666 0.08778625954198473 0.052083333333333336
1 0.8625954198473282 0.8697916666666666 0.07633587786259542 0.052083333333333336
1 0.8816793893129771 0.765625 0.09923664122137404 0.11458333333333333
1 0.8969465648854962 0.6302083333333334 0.11450381679389313 0.13541666666666666
1 0.9713740458015268 0.6953125 0.04961832061068702 0.109375
1 0.9561068702290076 0.5885416666666666 0.08015267175572519 0.13541666666666666
1 0.9790076335877863 0.4765625 0.03435114503816794 0.13020833333333334
1 0.9274809160305344 0.4609375 0.09923664122137404 0.09895833333333333
1 0.9847328244274809 0.2552083333333333 0.022900763358778626 0.125
1 0.9675572519083969 0.1640625 0.05725190839694656 0.078125
1 0.9751908396946565 0.11197916666666667 0.04198473282442748 0.06770833333333333
1 0.9389312977099237 0.07552083333333333 0.0916030534351145 0.078125
1 0.9484732824427481 0.013020833333333334 0.0648854961832061 0.026041666666666668
1 0.9809160305343512 0.03125 0.030534351145038167 0.0625
1 0.17938931297709923 0.13802083333333334 0.10687022900763359 0.109375
1 0.24427480916030533 0.08072916666666667 0.08396946564885496 0.109375
1 0.24427480916030533 0.8359375 0.09923664122137404 0.13020833333333334
1 0.3320610687022901 0.8515625 0.10687022900763359 0.08854166666666667
1 0.42748091603053434 0.84375 0.08396946564885496 0.11458333333333333
1 0.5095419847328244 0.8619791666666666 0.08778625954198473 0.078125
1 0.6087786259541985 0.8619791666666666 0.09541984732824428 0.06770833333333333
1 0.7118320610687023 0.8880208333333334 0.08778625954198473 0.026041666666666668
1 0.7690839694656488 0.8333333333333334 0.1183206106870229 0.125
1 0.7633587786259542 0.6692708333333334 0.11450381679389313 0.171875
1 0.7156488549618321 0.734375 0.08015267175572519 0.16666666666666666
1 0.7862595419847328 0.734375 0.10687022900763359 0.10416666666666667
1 0.8435114503816794 0.4869791666666667 0.09923664122137404 0.109375
1 0.8416030534351145 0.3802083333333333 0.09541984732824428 0.11458333333333333
1 0.9255725190839694 0.34375 0.14122137404580154 0.13541666666666666
1 0.9446564885496184 0.3229166666666667 0.10305343511450382 0.14583333333333334
1 0.9122137404580153 0.21875 0.11450381679389313 0.13541666666666666
1 0.8874045801526718 0.1953125 0.07251908396946564 0.11979166666666667
1 0.833969465648855 0.07291666666666667 0.1183206106870229 0.14583333333333334
1 0.8549618320610687 0.10677083333333333 0.07633587786259542 0.078125
1 0.8435114503816794 0.1640625 0.061068702290076333 0.06770833333333333
1 0.7614503816793893 0.16145833333333334 0.10305343511450382 0.125
1 0.816793893129771 0.2604166666666667 0.10687022900763359 0.10416666666666667
1 0.7614503816793893 0.3307291666666667 0.1183206106870229 0.140625
1 0.7786259541984732 0.453125 0.08396946564885496 0.09375
1 0.7881679389312977 0.546875 0.09541984732824428 0.11458333333333333
1 0.6946564885496184 0.5208333333333334 0.09923664122137404 0.14583333333333334
1 0.6946564885496184 0.4088541666666667 0.0916030534351145 0.08854166666666667
1 0.6545801526717557 0.34375 0.08778625954198473 0.125
1 0.6755725190839694 0.052083333333333336 0.09923664122137404 0.10416666666666667
1 0.7290076335877863 0.013020833333333334 0.10687022900763359 0.026041666666666668
1 0.6393129770992366 0.18229166666666666 0.07251908396946564 0.10416666666666667
1 0.583969465648855 0.20833333333333334 0.09923664122137404 0.14583333333333334
1 0.5896946564885496 0.3125 0.08778625954198473 0.07291666666666667
1 0.5057251908396947 0.28125 0.08778625954198473 0.08333333333333333
1 0.5152671755725191 0.3489583333333333 0.08396946564885496 0.11458333333333333
1 0.5515267175572519 0.4270833333333333 0.08015267175572519 0.10416666666666667
1 0.6335877862595419 0.4401041666666667 0.07633587786259542 0.06770833333333333
1 0.6145038167938931 0.515625 0.06870229007633588 0.09375
1 0.5763358778625954 0.5520833333333334 0.10687022900763359 0.07291666666666667
1 0.5438931297709924 0.4947916666666667 0.09541984732824428 0.052083333333333336
1 0.4770992366412214 0.5546875 0.09923664122137404 0.15104166666666666
1 0.566793893129771 0.6276041666666666 0.09541984732824428 0.11979166666666667
1 0.6030534351145038 0.7552083333333334 0.12213740458015267 0.14583333333333334
1 0.6736641221374046 0.8255208333333334 0.08015267175572519 0.11979166666666667
1 0.9141221374045801 0.828125 0.10305343511450382 0.13541666666666666
1 0.6507633587786259 0.6276041666666666 0.09541984732824428 0.13020833333333334
1 0.6202290076335878 0.5208333333333334 0.05725190839694656 0.09375
1 0.4751908396946565 0.7109375 0.12595419847328243 0.171875
1 0.5209923664122137 0.7864583333333334 0.07251908396946564 0.08333333333333333
1 0.41412213740458015 0.6536458333333334 0.08778625954198473 0.09895833333333333
1 0.38740458015267176 0.46875 0.08778625954198473 0.11458333333333333
1 0.4618320610687023 0.421875 0.09923664122137404 0.11458333333333333
1 0.37595419847328243 0.7604166666666666 0.08778625954198473 0.125
1 0.2633587786259542 0.703125 0.10687022900763359 0.13541666666666666
1 0.3015267175572519 0.6588541666666666 0.12213740458015267 0.15104166666666666
1 0.3110687022900763 0.765625 0.04198473282442748 0.07291666666666667
1 0.18129770992366412 0.8802083333333334 0.03435114503816794 0.041666666666666664
1 0.04198473282442748 0.7317708333333334 0.08396946564885496 0.16145833333333334
1 0.11641221374045801 0.6848958333333334 0.07251908396946564 0.09895833333333333
1 0.14885496183206107 0.6614583333333334 0.04580152671755725 0.13541666666666666
1 0.1946564885496183 0.65625 0.08396946564885496 0.13541666666666666
1 0.21946564885496184 0.5390625 0.09541984732824428 0.13020833333333334
1 0.1946564885496183 0.4583333333333333 0.07633587786259542 0.08333333333333333
1 0.2767175572519084 0.4635416666666667 0.10305343511450382 0.14583333333333334
1 0.3473282442748092 0.5572916666666666 0.0916030534351145 0.13541666666666666
1 0.1450381679389313 0.5572916666666666 0.0916030534351145 0.125
1 0.04770992366412214 0.5182291666666666 0.09541984732824428 0.13020833333333334
1 0.04389312977099236 0.609375 0.08778625954198473 0.08333333333333333
1 0.34541984732824427 0.4140625 0.08015267175572519 0.09895833333333333
1 0.3568702290076336 0.3046875 0.09541984732824428 0.13020833333333334
1 0.41412213740458015 0.3255208333333333 0.05725190839694656 0.08854166666666667
1 0.4179389312977099 0.2682291666666667 0.03435114503816794 0.046875
1 0.4637404580152672 0.22395833333333334 0.10305343511450382 0.07291666666666667
1 0.3931297709923664 0.2109375 0.061068702290076333 0.06770833333333333
1 0.3568702290076336 0.1875 0.07251908396946564 0.08333333333333333
1 0.4637404580152672 0.140625 0.09541984732824428 0.125
1 0.5419847328244275 0.10677083333333333 0.09923664122137404 0.13020833333333334
1 0.5477099236641222 0.036458333333333336 0.11068702290076336 0.07291666666666667
1 0.4217557251908397 0.10416666666666667 0.09541984732824428 0.125
1 0.39122137404580154 0.0546875 0.11068702290076336 0.08854166666666667
1 0.41412213740458015 0.013020833333333334 0.08778625954198473 0.026041666666666668
1 0.32251908396946566 0.020833333333333332 0.09541984732824428 0.041666666666666664
1 0.2480916030534351 0.010416666666666666 0.0916030534351145 0.020833333333333332
1 0.16984732824427481 0.041666666666666664 0.08778625954198473 0.08333333333333333
1 0.08015267175572519 0.08333333333333333 0.10687022900763359 0.13541666666666666
1 0.0916030534351145 0.013020833333333334 0.07633587786259542 0.026041666666666668
1 0.030534351145038167 0.013020833333333334 0.061068702290076333 0.026041666666666668
1 0.013358778625954198 0.06510416666666667 0.026717557251908396 0.078125
1 0.013358778625954198 0.11458333333333333 0.026717557251908396 0.07291666666666667
1 0.019083969465648856 0.19791666666666666 0.03816793893129771 0.10416666666666667
1 0.06679389312977099 0.18489583333333334 0.08778625954198473 0.11979166666666667
1 0.08969465648854962 0.2994791666666667 0.11068702290076336 0.15104166666666666
1 0.08015267175572519 0.4010416666666667 0.06870229007633588 0.0625
1 0.12022900763358779 0.4583333333333333 0.07251908396946564 0.08333333333333333
1 0.02480916030534351 0.3984375 0.04961832061068702 0.13020833333333334
1 0.02480916030534351 0.296875 0.04961832061068702 0.11458333333333333
1 0.16984732824427481 0.34375 0.08778625954198473 0.11458333333333333
1 0.18702290076335878 0.23958333333333334 0.11450381679389313 0.13541666666666666
1 0.25763358778625955 0.203125 0.05725190839694656 0.08333333333333333
1 0.3053435114503817 0.09895833333333333 0.06870229007633588 0.07291666666666667
1 0.2881679389312977 0.17447916666666666 0.08778625954198473 0.08854166666666667
1 0.2595419847328244 0.3697916666666667 0.0916030534351145 0.09375
1 0.3549618320610687 0.3046875 0.09923664122137404 0.11979166666666667
1 0.49809160305343514 0.4505208333333333 0.9961832061068703 0.9010416666666666