1 0.41132075471698115 0.6763157894736842 0.0830188679245283 0.11052631578947368
1 0.6188679245283019 0.7947368421052632 0.045283018867924525 0.07368421052631578
1 0.6830188679245283 0.8052631578947368 0.06792452830188679 0.07368421052631578
1 0.6716981132075471 0.7578947368421053 0.09811320754716982 0.08421052631578947
1 0.2830188679245283 0.6552631578947369 0.19622641509433963 0.2894736842105263
1 0.4981132075471698 0.6763157894736842 0.2339622641509434 0.3
1 0.6528301886792452 0.6631578947368421 0.1509433962264151 0.15789473684210525
1 0.769811320754717 0.7447368421052631 0.11320754716981132 0.11052631578947368
1 0.7924528301886793 0.7026315789473684 0.13584905660377358 0.14210526315789473
1 0.7924528301886793 0.6078947368421053 0.15849056603773584 0.14210526315789473
1 0.30754716981132074 0.7736842105263158 0.1018867924528302 0.11578947368421053
1 0.1641509433962264 0.7789473684210526 0.08679245283018867 0.08421052631578947
1 0.17358490566037735 0.8131578947368421 0.045283018867924525 0.04736842105263158
1 0.13018867924528302 0.8052631578947368 0.04150943396226415 0.05263157894736842
1 0.11320754716981132 0.7394736842105263 0.06037735849056604 0.07894736842105263
1 0.07735849056603773 0.7921052631578948 0.07169811320754717 0.06842105263157895
1 0.08679245283018867 0.8157894736842105 0.045283018867924525 0.05263157894736842
1 0.045283018867924525 0.7578947368421053 0.09056603773584905 0.17894736842105263
1 0.04150943396226415 0.6105263157894737 0.0830188679245283 0.11578947368421053
1 0.009433962264150943 0.631578947368421 0.018867924528301886 0.07368421052631578
1 0.08490566037735849 0.6473684210526316 0.033962264150943396 0.10526315789473684
1 0.07547169811320754 0.4631578947368421 0.1509433962264151 0.17894736842105263
1 0.07358490566037736 0.3684210526315789 0.1169811320754717 0.11578947368421053
1 0.1660377358490566 0.37894736842105264 0.09056603773584905 0.16842105263157894
1 0.20943396226415095 0.3894736842105263 0.1018867924528302 0.14736842105263157
1 0.3132075471698113 0.3526315789473684 0.2188679245283019 0.18947368421052632
1 0.3584905660377358 0.45789473684210524 0.2188679245283019 0.14736842105263157
1 0.5245283018867924 0.5421052631578948 0.12075471698113208 0.10526315789473684
1 0.620754716981132 0.5421052631578948 0.1018867924528302 0.09473684210526316
1 0.6981132075471698 0.5210526315789473 0.07547169811320754 0.15789473684210525
1 0.6584905660377358 0.45526315789473687 0.04905660377358491 0.11052631578947368
1 0.7094339622641509 0.42105263157894735 0.06037735849056604 0.05263157894736842
1 0.7528301886792453 0.48947368421052634 0.08679245283018867 0.11578947368421053
1 0.7905660377358491 0.4710526315789474 0.05660377358490566 0.07894736842105263
1 0.8415094339622642 0.5236842105263158 0.09056603773584905 0.12105263157894737
1 0.8113207547169812 0.43157894736842106 0.1509433962264151 0.2
1 0.8320754716981132 0.4052631578947368 0.10943396226415095 0.23157894736842105
1 0.8188679245283019 0.16578947368421051 0.22641509433962265 0.33157894736842103
1 0.6716981132075471 0.3447368421052632 0.052830188679245285 0.06842105263157895
1 0.6566037735849056 0.2894736842105263 0.052830188679245285 0.05263157894736842
1 0.6830188679245283 0.2578947368421053 0.03773584905660377 0.042105263157894736
1 0.7132075471698113 0.28157894736842104 0.03773584905660377 0.05789473684210526
1 0.720754716981132 0.2236842105263158 0.03773584905660377 0.04736842105263158
1 0.7094339622641509 0.37105263157894736 0.03773584905660377 0.04736842105263158
1 0.6320754716981132 0.37105263157894736 0.033962264150943396 0.04736842105263158
1 0.6264150943396226 0.33421052631578946 0.03773584905660377 0.03684210526315789
1 0.6075471698113207 0.3105263157894737 0.03018867924528302 0.042105263157894736
1 0.6037735849056604 0.26052631578947366 0.03773584905660377 0.04736842105263158
1 0.5754716981132075 0.29210526315789476 0.04150943396226415 0.03684210526315789
1 0.5830188679245283 0.33421052631578946 0.04150943396226415 0.03684210526315789
1 0.590566037735849 0.3684210526315789 0.04905660377358491 0.06315789473684211
1 0.6245283018867924 0.4131578947368421 0.033962264150943396 0.03684210526315789
1 0.5886792452830188 0.4368421052631579 0.045283018867924525 0.06315789473684211
1 0.6056603773584905 0.47368421052631576 0.04150943396226415 0.031578947368421054
1 0.5547169811320755 0.42894736842105263 0.022641509433962263 0.05789473684210526
1 0.5566037735849056 0.4789473684210526 0.033962264150943396 0.021052631578947368
1 0.4716981132075472 0.3868421052631579 0.1509433962264151 0.20526315789473684
1 0.46037735849056605 0.4631578947368421 0.03018867924528302 0.05263157894736842
1 0.49433962264150944 0.3105263157894737 0.1509433962264151 0.1368421052631579
1 0.47358490566037736 0.19736842105263158 0.3584905660377358 0.23684210526315788
1 0.6735849056603773 0.23157894736842105 0.05660377358490566 0.06315789473684211
1 0.6716981132075471 0.09473684210526316 0.11320754716981132 0.18947368421052632
1 0.32452830188679244 0.15 0.14339622641509434 0.1631578947368421
1 0.19622641509433963 0.23684210526315788 0.15849056603773584 0.12631578947368421
1 0.9018867924528302 0.45789473684210524 0.07547169811320754 0.09473684210526316
1 0.9622641509433962 0.5236842105263158 0.06792452830188679 0.1