1 0.047244094488188976 0.9321608040201005 0.09448818897637795 0.12562814070351758
1 0.015748031496062992 0.5100502512562815 0.031496062992125984 0.09547738693467336
1 0.11023622047244094 0.49246231155778897 0.05511811023622047 0.06030150753768844
1 0.1377952755905512 0.4296482412060301 0.07086614173228346 0.07537688442211055
1 0.18503937007874016 0.37185929648241206 0.07086614173228346 0.11055276381909548
1 0.12007874015748031 0.7361809045226131 0.1141732283464567 0.1457286432160804
1 0.1377952755905512 0.6432160804020101 0.07874015748031496 0.10050251256281408
1 0.22440944881889763 0.6407035175879398 0.09448818897637795 0.10552763819095477
1 0.31496062992125984 0.7211055276381909 0.09448818897637795 0.135678391959799
1 0.2421259842519685 0.7437185929648241 0.07480314960629922 0.09045226130653267
1 0.2854330708661417 0.5653266331658291 0.0984251968503937 0.15577889447236182
1 0.38779527559055116 0.5376884422110553 0.1062992125984252 0.1407035175879397
1 0.3779527559055118 0.6608040201005025 0.11023622047244094 0.11557788944723618
1 0.4448818897637795 0.7261306532663316 0.05511811023622047 0.09547738693467336
1 0.39173228346456695 0.8015075376884422 0.1141732283464567 0.09547738693467336
1 0.234251968503937 0.5402010050251256 0.07480314960629922 0.12562814070351758
1 0.265748031496063 0.46733668341708545 0.07480314960629922 0.10050251256281408
1 0.33661417322834647 0.4623115577889447 0.08267716535433071 0.11055276381909548
1 0.3937007874015748 0.27638190954773867 0.10236220472440945 0.11055276381909548
1 0.3779527559055118 0.3768844221105528 0.07086614173228346 0.10050251256281408
1 0.4271653543307087 0.41457286432160806 0.07480314960629922 0.12562814070351758
1 0.47834645669291337 0.4949748743718593 0.09055118110236221 0.12562814070351758
1 0.5688976377952756 0.4045226130653266 0.08267716535433071 0.11557788944723618
1 0.6358267716535433 0.45979899497487436 0.08267716535433071 0.10552763819095477
1 0.5728346456692913 0.48743718592964824 0.06692913385826772 0.07035175879396985
1 0.5 0.3241206030150754 0.09448818897637795 0.09547738693467336
1 0.468503937007874 0.20351758793969849 0.07874015748031496 0.11557788944723618
1 0.5236220472440944 0.1658291457286432 0.05511811023622047 0.09045226130653267
1 0.5866141732283464 0.24874371859296482 0.06299212598425197 0.09547738693467336
1 0.734251968503937 0.36180904522613067 0.2637795275590551 0.31155778894472363
1 0.6476377952755905 0.7211055276381909 0.40551181102362205 0.46733668341708545
1 0.8562992125984252 0.8417085427135679 0.05905511811023622 0.11557788944723618
1 0.7933070866141733 0.9045226130653267 0.08267716535433071 0.06030150753768844
1 0.8622047244094488 0.907035175879397 0.047244094488188976 0.05527638190954774
1 0.34448818897637795 0.2889447236180904 0.23228346456692914 0.32663316582914576
1 0.001968503937007874 0.5879396984924623 0.003937007874015748 0.05025125628140704
1 0.8287401574803149 0.49246231155778897 0.3346456692913386 0.5728643216080402