1 0.02422145328719723 0.040229885057471264 0.04844290657439446 0.08045977011494253
1 0.06920415224913495 0.022988505747126436 0.04152249134948097 0.04597701149425287
1 0.09169550173010381 0.06896551724137931 0.04498269896193772 0.08045977011494253
1 0.15397923875432526 0.04310344827586207 0.07958477508650519 0.08620689655172414
1 0.2041522491349481 0.02586206896551724 0.06920415224913495 0.05172413793103448
1 0.2664359861591695 0.031609195402298854 0.06228373702422145 0.06321839080459771
1 0.23875432525951557 0.09770114942528736 0.06920415224913495 0.08045977011494253
1 0.19550173010380623 0.1206896551724138 0.05190311418685121 0.09195402298850575
1 0.13321799307958476 0.13505747126436782 0.0726643598615917 0.06321839080459771
1 0.04844290657439446 0.13793103448275862 0.07612456747404844 0.09195402298850575
1 0.11937716262975778 0.19827586206896552 0.07958477508650519 0.08620689655172414
1 0.05536332179930796 0.2672413793103448 0.06228373702422145 0.08620689655172414
1 0.02422145328719723 0.21264367816091953 0.04844290657439446 0.06896551724137931
1 0.02768166089965398 0.32471264367816094 0.05536332179930796 0.10919540229885058
1 0.09515570934256055 0.34770114942528735 0.0657439446366782 0.08620689655172414
1 0.1245674740484429 0.28448275862068967 0.06228373702422145 0.07471264367816093
1 0.17474048442906576 0.25287356321839083 0.058823529411764705 0.09195402298850575
1 0.19377162629757785 0.1781609195402299 0.05536332179930796 0.06896551724137931
1 0.25432525951557095 0.20402298850574713 0.058823529411764705 0.1206896551724138
1 0.3027681660899654 0.13505747126436782 0.058823529411764705 0.09770114942528736
1 0.3373702422145329 0.05172413793103448 0.0726643598615917 0.10344827586206896
1 0.40484429065743943 0.0603448275862069 0.06228373702422145 0.10919540229885058
1 0.4342560553633218 0.11206896551724138 0.0657439446366782 0.09770114942528736
1 0.4671280276816609 0.028735632183908046 0.05536332179930796 0.05747126436781609
1 0.5190311418685121 0.04597701149425287 0.04844290657439446 0.09195402298850575
1 0.5034602076124568 0.14367816091954022 0.05190311418685121 0.09195402298850575
1 0.5536332179930796 0.16379310344827586 0.05536332179930796 0.09770114942528736
1 0.5813148788927336 0.19540229885057472 0.05536332179930796 0.08045977011494253
1 0.6245674740484429 0.13505747126436782 0.058823529411764705 0.08620689655172414
1 0.643598615916955 0.07183908045977011 0.06920415224913495 0.10919540229885058
1 0.6851211072664359 0.022988505747126436 0.06228373702422145 0.04597701149425287
1 0.7301038062283737 0.08908045977011494 0.06920415224913495 0.09770114942528736
1 0.754325259515571 0.022988505747126436 0.05536332179930796 0.04597701149425287
1 0.78719723183391 0.08620689655172414 0.05190311418685121 0.09195402298850575
1 0.8131487889273357 0.022988505747126436 0.04844290657439446 0.04597701149425287
1 0.8581314878892734 0.05172413793103448 0.04152249134948097 0.10344827586206896
1 0.9117647058823529 0.06896551724137931 0.058823529411764705 0.12643678160919541
1 0.9325259515570934 0.028735632183908046 0.05190311418685121 0.05747126436781609
1 0.972318339100346 0.09195402298850575 0.04844290657439446 0.10344827586206896
1 0.9809688581314879 0.020114942528735632 0.031141868512110725 0.040229885057471264
1 0.9532871972318339 0.20689655172413793 0.058823529411764705 0.10344827586206896
1 0.9792387543252595 0.2614942528735632 0.03460207612456748 0.10919540229885058
1 0.9480968858131488 0.2988505747126437 0.05536332179930796 0.06896551724137931
1 0.986159169550173 0.35919540229885055 0.020761245674740483 0.05172413793103448
1 0.9238754325259516 0.47988505747126436 0.06228373702422145 0.09770114942528736
1 0.9048442906574394 0.3793103448275862 0.0657439446366782 0.09195402298850575
1 0.9636678200692042 0.5977011494252874 0.058823529411764705 0.09195402298850575
1 0.889273356401384 0.617816091954023 0.06228373702422145 0.09770114942528736
1 0.8979238754325259 0.7155172413793104 0.058823529411764705 0.08620689655172414
1 0.9653979238754326 0.7471264367816092 0.06228373702422145 0.09195402298850575
1 0.9100346020761245 0.8074712643678161 0.06920415224913495 0.08620689655172414
1 0.7975778546712803 0.9396551724137931 0.07958477508650519 0.10919540229885058
1 0.6903114186851211 0.8735632183908046 0.0726643598615917 0.10344827586206896
1 0.7716262975778547 0.7586206896551724 0.07612456747404844 0.12643678160919541
1 0.754325259515571 0.6408045977011494 0.06228373702422145 0.1206896551724138
1 0.8581314878892734 0.5603448275862069 0.07612456747404844 0.10919540229885058
1 0.8615916955017301 0.4511494252873563 0.04844290657439446 0.10919540229885058
1 0.828719723183391 0.3505747126436782 0.058823529411764705 0.11494252873563218
1 0.8788927335640139 0.28448275862068967 0.06228373702422145 0.09770114942528736
1 0.889273356401384 0.20977011494252873 0.06920415224913495 0.07471264367816093
1 0.8650519031141869 0.14080459770114942 0.05536332179930796 0.07471264367816093
1 0.8200692041522492 0.19827586206896552 0.06228373702422145 0.13218390804597702
1 0.7647058823529411 0.3706896551724138 0.06920415224913495 0.1206896551724138
1 0.8044982698961938 0.47413793103448276 0.0657439446366782 0.09770114942528736
1 0.7560553633217993 0.5028735632183908 0.058823529411764705 0.09770114942528736
1 0.7941176470588235 0.5747126436781609 0.04498269896193772 0.09195402298850575
1 0.8252595155709342 0.6637931034482759 0.0657439446366782 0.06321839080459771
1 0.8408304498269896 0.7729885057471264 0.05536332179930796 0.14367816091954022
1 0.8806228373702422 0.9281609195402298 0.0726643598615917 0.13218390804597702
1 0.9515570934256056 0.9195402298850575 0.08996539792387544 0.14942528735632185
1 0.7335640138408305 0.9568965517241379 0.07612456747404844 0.07471264367816093
1 0.6089965397923875 0.8591954022988506 0.07612456747404844 0.13218390804597702
1 0.6608996539792388 0.7902298850574713 0.05536332179930796 0.06321839080459771
1 0.6903114186851211 0.7068965517241379 0.05190311418685121 0.06896551724137931
1 0.7179930795847751 0.7701149425287356 0.03806228373702422 0.10344827586206896
1 0.596885813148789 0.7241379310344828 0.0657439446366782 0.08045977011494253
1 0.6401384083044983 0.6925287356321839 0.05536332179930796 0.10919540229885058
1 0.6591695501730104 0.5919540229885057 0.058823529411764705 0.11494252873563218
1 0.7076124567474048 0.5201149425287356 0.058823529411764705 0.09770114942528736
1 0.6972318339100346 0.3994252873563218 0.058823529411764705 0.1206896551724138
1 0.7577854671280276 0.27586206896551724 0.08304498269896193 0.08045977011494253
1 0.7491349480968859 0.1867816091954023 0.08650519031141868 0.08620689655172414
1 0.6782006920415224 0.16954022988505746 0.04152249134948097 0.09770114942528736
1 0.6349480968858131 0.22701149425287356 0.05190311418685121 0.09770114942528736
1 0.6868512110726643 0.28448275862068967 0.058823529411764705 0.10919540229885058
1 0.643598615916955 0.3448275862068966 0.07612456747404844 0.10344827586206896
1 0.6055363321799307 0.4482758620689655 0.06920415224913495 0.10344827586206896
1 0.657439446366782 0.46839080459770116 0.04152249134948097 0.10919540229885058
1 0.32698961937716264 0.23275862068965517 0.058823529411764705 0.08620689655172414
1 0.3685121107266436 0.14080459770114942 0.05190311418685121 0.06321839080459771
1 0.39273356401384085 0.21839080459770116 0.04498269896193772 0.08045977011494253
1 0.4688581314878893 0.20402298850574713 0.07958477508650519 0.08620689655172414
1 0.47923875432525953 0.33620689655172414 0.05190311418685121 0.10919540229885058
1 0.5380622837370242 0.28448275862068967 0.04498269896193772 0.09770114942528736
1 0.42387543252595156 0.27298850574712646 0.0657439446366782 0.1206896551724138
1 0.3944636678200692 0.3160919540229885 0.05536332179930796 0.10344827586206896
1 0.29411764705882354 0.3160919540229885 0.06920415224913495 0.10344827586206896
1 0.3546712802768166 0.33045977011494254 0.04498269896193772 0.09770114942528736
1 0.32006920415224915 0.3994252873563218 0.058823529411764705 0.10919540229885058
1 0.38235294117647056 0.4942528735632184 0.058823529411764705 0.09195402298850575
1 0.38235294117647056 0.4109195402298851 0.058823529411764705 0.09770114942528736
1 0.444636678200692 0.41379310344827586 0.0657439446366782 0.10344827586206896
1 0.4429065743944637 0.5316091954022989 0.06920415224913495 0.10919540229885058
1 0.5103806228373703 0.47126436781609193 0.058823529411764705 0.13793103448275862
1 0.5570934256055363 0.39080459770114945 0.06920415224913495 0.11494252873563218
1 0.5934256055363322 0.29310344827586204 0.05190311418685121 0.10344827586206896
1 0.5726643598615917 0.49712643678160917 0.058823529411764705 0.08620689655172414
1 0.5795847750865052 0.5804597701149425 0.0657439446366782 0.10344827586206896
1 0.5207612456747405 0.5833333333333334 0.05190311418685121 0.08620689655172414
1 0.527681660899654 0.6896551724137931 0.0726643598615917 0.11494252873563218
1 0.5103806228373703 0.8304597701149425 0.0726643598615917 0.10919540229885058
1 0.5605536332179931 0.8160919540229885 0.03460207612456748 0.10344827586206896
1 0.5103806228373703 0.9482758620689655 0.0726643598615917 0.09195402298850575
1 0.5726643598615917 0.9568965517241379 0.0657439446366782 0.07471264367816093
1 0.6314878892733564 0.9626436781609196 0.04498269896193772 0.06321839080459771
1 0.4757785467128028 0.7241379310344828 0.0726643598615917 0.13793103448275862
1 0.3788927335640138 0.6379310344827587 0.07958477508650519 0.11494252873563218
1 0.3477508650519031 0.6005747126436781 0.0657439446366782 0.1206896551724138
1 0.31833910034602075 0.5086206896551724 0.06920415224913495 0.10919540229885058
1 0.26124567474048443 0.4166666666666667 0.0726643598615917 0.10919540229885058
1 0.22664359861591696 0.3275862068965517 0.0726643598615917 0.12643678160919541
1 0.16262975778546712 0.3735632183908046 0.07612456747404844 0.12643678160919541
1 0.08650519031141868 0.4339080459770115 0.08304498269896193 0.10919540229885058
1 0.0328719723183391 0.46264367816091956 0.05190311418685121 0.1206896551724138
1 0.07093425605536333 0.5431034482758621 0.0726643598615917 0.09770114942528736
1 0.13494809688581316 0.5574712643678161 0.04844290657439446 0.09195402298850575
1 0.19204152249134948 0.5229885057471264 0.0726643598615917 0.14942528735632185
1 0.25259515570934254 0.5201149425287356 0.05536332179930796 0.10919540229885058
1 0.2820069204152249 0.6695402298850575 0.0657439446366782 0.10919540229885058
1 0.29238754325259514 0.5862068965517241 0.03806228373702422 0.05747126436781609
1 0.24394463667820068 0.6206896551724138 0.04498269896193772 0.08045977011494253
1 0.20242214532871972 0.6666666666666666 0.05190311418685121 0.09195402298850575
1 0.24394463667820068 0.7614942528735632 0.058823529411764705 0.1206896551724138
1 0.3408304498269896 0.7528735632183908 0.05190311418685121 0.09195402298850575
1 0.42387543252595156 0.7183908045977011 0.03806228373702422 0.08045977011494253
1 0.3788927335640138 0.7557471264367817 0.02422145328719723 0.09770114942528736
1 0.4359861591695502 0.8362068965517241 0.06920415224913495 0.13218390804597702
1 0.5761245674740484 0.04310344827586207 0.05190311418685121 0.08620689655172414
1 0.46366782006920415 0.617816091954023 0.06228373702422145 0.06321839080459771
1 0.35986159169550175 0.8850574712643678 0.05536332179930796 0.12643678160919541
1 0.41695501730103807 0.9540229885057471 0.0657439446366782 0.08045977011494253
1 0.28546712802768165 0.8850574712643678 0.0726643598615917 0.14942528735632185
1 0.22837370242214533 0.9540229885057471 0.07612456747404844 0.08045977011494253
1 0.21972318339100347 0.8620689655172413 0.0657439446366782 0.10344827586206896
1 0.1314878892733564 0.9396551724137931 0.08304498269896193 0.10919540229885058
1 0.06228373702422145 0.9396551724137931 0.06920415224913495 0.10919540229885058
1 0.031141868512110725 0.8275862068965517 0.06228373702422145 0.11494252873563218
1 0.10553633217993079 0.8247126436781609 0.05190311418685121 0.1206896551724138
1 0.17128027681660898 0.7758620689655172 0.058823529411764705 0.13793103448275862
1 0.10207612456747404 0.6264367816091954 0.10034602076124567 0.09195402298850575
1 0.09342560553633218 0.7270114942528736 0.08304498269896193 0.08620689655172414
1 0.031141868512110725 0.6982758620689655 0.06228373702422145 0.13218390804597702
1 0.031141868512110725 0.5804597701149425 0.05536332179930796 0.10344827586206896
1 0.4982698961937716 0.49712643678160917 0.9965397923875432 0.9942528735632183