1 0.895 0.8690476190476191 0.20333333333333334 0.25
1 0.955 0.9613095238095238 0.08333333333333333 0.06547619047619048
1 0.7483333333333333 0.9315476190476191 0.08333333333333333 0.125
1 0.8166666666666667 0.9196428571428571 0.05333333333333334 0.1488095238095238
1 0.79 0.7827380952380952 0.04 0.08928571428571429
1 0.8383333333333334 0.8571428571428571 0.03 0.14285714285714285
1 0.8666666666666667 0.6726190476190477 0.05333333333333334 0.23809523809523808
1 0.8866666666666667 0.7648809523809523 0.04666666666666667 0.10119047619047619
1 0.78 0.6160714285714286 0.16 0.16071428571428573
1 0.68 0.8363095238095238 0.20666666666666667 0.31547619047619047
1 0.645 0.8065476190476191 0.2633333333333333 0.375
1 0.7966666666666666 0.6815476190476191 0.1 0.125
1 0.8316666666666667 0.5565476190476191 0.07 0.13690476190476192
1 0.82 0.33035714285714285 0.11333333333333333 0.1488095238095238
1 0.88 0.39285714285714285 0.02666666666666667 0.09523809523809523
1 0.915 0.4880952380952381 0.056666666666666664 0.08333333333333333
1 0.955 0.49404761904761907 0.08333333333333333 0.17857142857142858
1 0.7766666666666666 0.41369047619047616 0.08 0.10119047619047619
1 0.915 0.30952380952380953 0.043333333333333335 0.14285714285714285
1 0.09333333333333334 0.44345238095238093 0.14666666666666667 0.23214285714285715
1 0.29 0.16666666666666666 0.06666666666666667 0.16666666666666666
1 0.10666666666666667 0.33630952380952384 0.07333333333333333 0.13690476190476192
1 0.03833333333333333 0.43452380952380953 0.07666666666666666 0.15476190476190477
1 0.011666666666666667 0.7053571428571429 0.023333333333333334 0.26785714285714285
1 0.075 0.7648809523809523 0.09 0.22023809523809523
1 0.18666666666666668 0.7261904761904762 0.12666666666666668 0.30952380952380953
1 0.10833333333333334 0.8898809523809523 0.13 0.20833333333333334
1 0.035 0.9077380952380952 0.07 0.17261904761904762
1 0.30333333333333334 0.7916666666666666 0.24 0.40476190476190477
1 0.46 0.3898809523809524 0.6066666666666667 0.7559523809523809
1 0.4633333333333333 0.8482142857142857 0.12 0.2916666666666667