1 0.945 0.3869047619047619 0.10333333333333333 0.19047619047619047
1 0.945 0.5416666666666666 0.10333333333333333 0.13095238095238096
1 0.9466666666666667 0.6815476190476191 0.1 0.1488095238095238
1 0.94 0.8869047619047619 0.11333333333333333 0.21428571428571427
1 0.7916666666666666 0.9345238095238095 0.27 0.11904761904761904
1 0.74 0.6488095238095238 0.08 0.16666666666666666
1 0.7216666666666667 0.7172619047619048 0.056666666666666664 0.1130952380952381
1 0.8033333333333333 0.7261904761904762 0.10666666666666667 0.11904761904761904
1 0.885 0.75 0.07 0.047619047619047616
1 0.8366666666666667 0.5267857142857143 0.2 0.4107142857142857
1 0.91 0.29464285714285715 0.17333333333333334 0.17261904761904762
1 0.805 0.3333333333333333 0.17666666666666667 0.14285714285714285
1 0.895 0.13392857142857142 0.15666666666666668 0.26785714285714285
1 0.895 0.21428571428571427 0.20333333333333334 0.13095238095238096
1 0.6916666666666667 0.14285714285714285 0.22333333333333333 0.2857142857142857
1 0.6733333333333333 0.39285714285714285 0.12 0.30952380952380953
1 0.6766666666666666 0.4017857142857143 0.12 0.24404761904761904
1 0.6583333333333333 0.6279761904761905 0.09 0.17261904761904762
1 0.6066666666666667 0.6488095238095238 0.10666666666666667 0.16666666666666666
1 0.6333333333333333 0.7559523809523809 0.08 0.11904761904761904
1 0.5183333333333333 0.5416666666666666 0.09 0.19047619047619047
1 0.4483333333333333 0.5297619047619048 0.08333333333333333 0.15476190476190477
1 0.36833333333333335 0.5744047619047619 0.07666666666666666 0.16071428571428573
1 0.29333333333333333 0.6636904761904762 0.20666666666666667 0.1130952380952381
1 0.31 0.6994047619047619 0.11333333333333333 0.26785714285714285
1 0.2683333333333333 0.5744047619047619 0.07 0.10119047619047619
1 0.2816666666666667 0.5238095238095238 0.06333333333333334 0.08333333333333333
1 0.2 0.49107142857142855 0.06666666666666667 0.1130952380952381
1 0.20333333333333334 0.5803571428571429 0.06 0.08928571428571429
1 0.41333333333333333 0.75 0.10666666666666667 0.15476190476190477
1 0.49 0.7708333333333334 0.05333333333333334 0.10119047619047619
1 0.4666666666666667 0.6517857142857143 0.14666666666666667 0.13690476190476192
1 0.5533333333333333 0.7351190476190477 0.06666666666666667 0.1488095238095238
1 0.17 0.6666666666666666 0.22 0.35714285714285715
1 0.08333333333333333 0.5714285714285714 0.11333333333333333 0.21428571428571427
1 0.06833333333333333 0.41964285714285715 0.13666666666666666 0.27976190476190477
1 0.205 0.36904761904761907 0.20333333333333334 0.30952380952380953
1 0.4866666666666667 0.4255952380952381 0.38666666666666666 0.24404761904761904
1 0.5316666666666666 0.2708333333333333 0.11666666666666667 0.1130952380952381
1 0.4 0.2916666666666667 0.13333333333333333 0.08333333333333333
1 0.2833333333333333 0.2857142857142857 0.12 0.11904761904761904