1 0.6145454545454545 0.34153005464480873 0.2690909090909091 0.3989071038251366
1 0.7836363636363637 0.40437158469945356 0.06181818181818182 0.06557377049180328
1 0.8781818181818182 0.76775956284153 0.23636363636363636 0.366120218579235
1 0.8709090909090909 0.36885245901639346 0.1709090909090909 0.2896174863387978
1 0.7036363636363636 0.1721311475409836 0.19272727272727272 0.3114754098360656
1 0.3927272727272727 0.10382513661202186 0.04363636363636364 0.06557377049180328
1 0.3654545454545455 0.14207650273224043 0.06181818181818182 0.07650273224043716
1 0.17454545454545456 0.25956284153005466 0.23272727272727273 0.4426229508196721
1 0.5763636363636364 0.7295081967213115 0.2581818181818182 0.4644808743169399
1 0.4672727272727273 0.8497267759562842 0.16363636363636364 0.2896174863387978
1 0.30727272727272725 0.7923497267759563 0.14181818181818182 0.3825136612021858
1 0.20363636363636364 0.5245901639344263 0.1890909090909091 0.41530054644808745
1 0.09636363636363636 0.8524590163934426 0.12 0.18579234972677597
1 0.07090909090909091 0.15300546448087432 0.14181818181818182 0.2185792349726776