1 0.4983108108108108 0.4970588235294118 0.9966216216216216 0.9941176470588236
1 0.3952702702702703 0.8147058823529412 0.12162162162162163 0.3588235294117647
1 0.7179054054054054 0.8294117647058824 0.15878378378378377 0.32941176470588235
1 0.8783783783783784 0.8176470588235294 0.06756756756756757 0.35294117647058826
1 0.9138513513513513 0.6705882352941176 0.08445945945945946 0.4
1 0.9493243243243243 0.9264705882352942 0.0945945945945946 0.13529411764705881
1 0.972972972972973 0.8235294117647058 0.0472972972972973 0.17647058823529413
1 0.48986486486486486 0.7058823529411765 0.10135135135135136 0.17647058823529413
1 0.4966216216216216 0.4676470588235294 0.13513513513513514 0.3352941176470588
1 0.3952702702702703 0.40588235294117647 0.10135135135135136 0.47058823529411764
1 0.3293918918918919 0.26176470588235295 0.11148648648648649 0.5235294117647059