1 0.6507936507936508 0.775 0.08253968253968254 0.225
1 0.7238095238095238 0.675 0.12063492063492064 0.1625
1 0.7936507936507936 0.665625 0.0761904761904762 0.26875
1 0.7476190476190476 0.53125 0.10476190476190476 0.1875
1 0.9619047619047619 0.934375 0.06984126984126984 0.11875
1 0.8936507936507937 0.878125 0.12380952380952381 0.23125
1 0.8174603174603174 0.86875 0.14285714285714285 0.25
1 0.8857142857142857 0.409375 0.09523809523809523 0.54375
1 0.9365079365079365 0.29375 0.12063492063492064 0.225
1 0.9301587301587302 0.34375 0.06984126984126984 0.375
1 0.9793650793650793 0.35625 0.03492063492063492 0.175
1 0.9380952380952381 0.43125 0.05396825396825397 0.375
1 0.9825396825396825 0.453125 0.02857142857142857 0.38125
1 0.7682539682539683 0.190625 0.0761904761904762 0.14375
1 0.6603174603174603 0.13125 0.13968253968253969 0.2625
1 0.734920634920635 0.296875 0.04126984126984127 0.08125
1 0.5888888888888889 0.428125 0.02857142857142857 0.05625
1 0.6174603174603175 0.3875 0.02857142857142857 0.075
1 0.653968253968254 0.34375 0.18412698412698414 0.35
1 0.5063492063492063 0.334375 0.09206349206349207 0.20625
1 0.33015873015873015 0.35625 0.1523809523809524 0.1875
1 0.45555555555555555 0.121875 0.1492063492063492 0.24375
1 0.46825396825396826 0.175 0.1492063492063492 0.325
1 0.38571428571428573 0.115625 0.07936507936507936 0.16875
1 0.2746031746031746 0.053125 0.16825396825396827 0.10625
1 0.2015873015873016 0.115625 0.09841269841269841 0.23125
1 0.12857142857142856 0.084375 0.07301587301587302 0.16875
1 0.047619047619047616 0.196875 0.08888888888888889 0.19375
1 0.15079365079365079 0.353125 0.10476190476190476 0.39375
1 0.13015873015873017 0.35625 0.14603174603174604 0.3125
1 0.07142857142857142 0.334375 0.06031746031746032 0.11875
1 0.007936507936507936 0.2375 0.015873015873015872 0.075
1 0.3476190476190476 0.928125 0.13015873015873017 0.13125
1 0.12222222222222222 0.75625 0.04126984126984127 0.0875
1 0.15396825396825398 0.85 0.02857142857142857 0.075
1 0.10317460317460317 0.834375 0.03492063492063492 0.05625
1 0.023809523809523808 0.959375 0.03492063492063492 0.06875
1 0.05238095238095238 0.975 0.022222222222222223 0.0375
1 0.004761904761904762 0.953125 0.009523809523809525 0.05625
1 0.007936507936507936 0.828125 0.015873015873015872 0.05625
1 0.023809523809523808 0.840625 0.04126984126984127 0.09375
1 0.011111111111111112 0.6125 0.022222222222222223 0.05