1 0.6545454545454545 0.5245901639344263 0.13818181818181818 0.29508196721311475
1 0.7381818181818182 0.546448087431694 0.15272727272727274 0.37158469945355194
1 0.6818181818181818 0.38524590163934425 0.06181818181818182 0.10382513661202186
1 0.5672727272727273 0.4016393442622951 0.12363636363636364 0.12568306010928962
1 0.56 0.4972677595628415 0.09454545454545454 0.1092896174863388
1 0.5454545454545454 0.6502732240437158 0.08 0.14207650273224043
1 0.6218181818181818 0.7513661202185792 0.13818181818181818 0.21311475409836064
1 0.5527272727272727 0.8087431693989071 0.06545454545454546 0.07650273224043716
1 0.4890909090909091 0.7786885245901639 0.12727272727272726 0.14754098360655737
1 0.4509090909090909 0.6502732240437158 0.06545454545454546 0.08743169398907104
1 0.48727272727272725 0.5245901639344263 0.09454545454545454 0.08743169398907104
1 0.49818181818181817 0.44808743169398907 0.08 0.07650273224043716
1 0.44 0.505464480874317 0.04363636363636364 0.11475409836065574
1 0.37272727272727274 0.5027322404371585 0.09090909090909091 0.1092896174863388
1 0.3781818181818182 0.6338797814207651 0.08 0.08743169398907104
1 0.4109090909090909 0.8005464480874317 0.04363636363636364 0.10382513661202186
1 0.3290909090909091 0.7349726775956285 0.13454545454545455 0.23497267759562843
1 0.2636363636363636 0.7131147540983607 0.06909090909090909 0.15846994535519127
1 0.3090909090909091 0.6994535519125683 0.03636363636363636 0.0546448087431694
1 0.2672727272727273 0.5355191256830601 0.13454545454545455 0.19672131147540983
1 0.19272727272727272 0.4918032786885246 0.14545454545454545 0.22950819672131148
1 0.3381818181818182 0.38524590163934425 0.23272727272727273 0.16939890710382513