1 0.5635451505016722 0.7928994082840237 0.1505016722408027 0.23668639053254437
1 0.6839464882943144 0.7485207100591716 0.10367892976588629 0.1952662721893491
1 0.7441471571906354 0.6242603550295858 0.10367892976588629 0.21893491124260356
1 0.7892976588628763 0.40828402366863903 0.13377926421404682 0.4970414201183432
1 0.8662207357859532 0.5177514792899408 0.026755852842809364 0.07692307692307693
1 0.7993311036789298 0.15976331360946747 0.06020066889632107 0.1301775147928994
1 0.8377926421404682 0.27218934911242604 0.056856187290969896 0.08284023668639054
1 0.6003344481605352 0.28994082840236685 0.13043478260869565 0.3431952662721893
1 0.6956521739130435 0.40532544378698226 0.0802675585284281 0.08875739644970414
1 0.5618729096989966 0.3875739644970414 0.06020066889632107 0.17159763313609466
1 0.6872909698996655 0.47633136094674555 0.10367892976588629 0.11242603550295859
1 0.5953177257525084 0.5769230769230769 0.2809364548494983 0.23076923076923078
1 0.4297658862876254 0.7988165680473372 0.11036789297658862 0.16568047337278108
1 0.3511705685618729 0.9319526627218935 0.29431438127090304 0.1242603550295858
1 0.3712374581939799 0.9142011834319527 0.06688963210702341 0.15976331360946747
1 0.3896321070234114 0.591715976331361 0.06354515050167224 0.16568047337278108
1 0.44481605351170567 0.5857988165680473 0.10702341137123746 0.22485207100591717
1 0.40635451505016723 0.31952662721893493 0.10367892976588629 0.16568047337278108
1 0.5133779264214047 0.28994082840236685 0.08361204013377926 0.1893491124260355
1 0.4765886287625418 0.13609467455621302 0.12374581939799331 0.2485207100591716
1 0.3729096989966555 0.07692307692307693 0.1505016722408027 0.15384615384615385
1 0.4180602006688963 0.04437869822485207 0.17391304347826086 0.08875739644970414
1 0.5384615384615384 0.04142011834319527 0.07357859531772576 0.08284023668639054
1 0.31438127090301005 0.22781065088757396 0.10702341137123746 0.2781065088757396
1 0.35451505016722407 0.32840236686390534 0.12040133779264214 0.3727810650887574
1 0.2809364548494983 0.5 0.1939799331103679 0.13609467455621302
1 0.31270903010033446 0.5769230769230769 0.08361204013377926 0.17159763313609466
1 0.26588628762541805 0.6686390532544378 0.09698996655518395 0.17751479289940827
1 0.2591973244147157 0.7840236686390533 0.08361204013377926 0.13609467455621302
1 0.34448160535117056 0.772189349112426 0.10033444816053512 0.1952662721893491
1 0.12374581939799331 0.2958579881656805 0.1605351170568562 0.5798816568047337
1 0.10702341137123746 0.0621301775147929 0.09364548494983277 0.1242603550295858
1 0.20735785953177258 0.05917159763313609 0.10702341137123746 0.11834319526627218
1 0.20234113712374582 0.23668639053254437 0.16387959866220736 0.31952662721893493
1 0.21906354515050167 0.6834319526627219 0.08361204013377926 0.1834319526627219
1 0.6688963210702341 0.1863905325443787 0.20066889632107024 0.3727810650887574