1 0.1797752808988764 0.7658450704225352 0.20224719101123595 0.15140845070422534
1 0.2247191011235955 0.7147887323943662 0.449438202247191 0.11971830985915492
1 0.29213483146067415 0.5704225352112676 0.4606741573033708 0.176056338028169
1 0.7219101123595506 0.5757042253521126 0.34269662921348315 0.20774647887323944
1 0.851123595505618 0.43133802816901406 0.28651685393258425 0.29225352112676056
1 0.5 0.38204225352112675 0.47191011235955055 0.25704225352112675
1 0.1151685393258427 0.41901408450704225 0.2303370786516854 0.2112676056338028
1 0.34831460674157305 0.2147887323943662 0.43820224719101125 0.3028169014084507
1 0.7949438202247191 0.2147887323943662 0.398876404494382 0.24647887323943662
1 0.9353932584269663 0.0897887323943662 0.11797752808988764 0.10211267605633803
1 0.651685393258427 0.09683098591549295 0.39325842696629215 0.1936619718309859
1 0.29775280898876405 0.07570422535211267 0.3258426966292135 0.15140845070422534
1 0.08707865168539326 0.17253521126760563 0.17415730337078653 0.20422535211267606