1 0.7824858757062146 0.8789473684210526 0.2655367231638418 0.10175438596491228
1 0.9180790960451978 0.8315789473684211 0.15254237288135594 0.12631578947368421
1 0.940677966101695 0.9105263157894737 0.10734463276836158 0.0456140350877193
1 0.5536723163841808 0.8578947368421053 0.24858757062146894 0.14385964912280702
1 0.4378531073446328 0.8666666666666667 0.1638418079096045 0.12631578947368421
1 0.2542372881355932 0.7684210526315789 0.5084745762711864 0.3368421052631579
1 0.7203389830508474 0.7105263157894737 0.5480225988700564 0.23508771929824562
1 0.8615819209039548 0.47017543859649125 0.2655367231638418 0.2736842105263158
1 0.6892655367231638 0.38421052631578945 0.6101694915254238 0.2912280701754386
1 0.867231638418079 0.18947368421052632 0.2542372881355932 0.19649122807017544
1 0.9548022598870056 0.2807017543859649 0.07909604519774012 0.14035087719298245
1 0.6073446327683616 0.22631578947368422 0.536723163841808 0.27017543859649124
1 0.8389830508474576 0.042105263157894736 0.3107344632768362 0.08421052631578947
1 0.6864406779661016 0.05087719298245614 0.1864406779661017 0.10175438596491228
1 0.6186440677966102 0.021052631578947368 0.11864406779661017 0.042105263157894736
1 0.10451977401129943 0.09473684210526316 0.20903954802259886 0.18947368421052632
1 0.1497175141242938 0.12982456140350876 0.2994350282485876 0.22456140350877193
1 0.4011299435028249 0.007017543859649123 0.2711864406779661 0.014035087719298246
1 0.2966101694915254 0.2 0.5932203389830508 0.3719298245614035
1 0.2457627118644068 0.512280701754386 0.3333333333333333 0.3368421052631579
1 0.06779661016949153 0.4842105263157895 0.13559322033898305 0.21754385964912282
1 0.12146892655367232 0.6543859649122807 0.24293785310734464 0.1649122807017544
1 0.031073446327683617 0.7964912280701755 0.062146892655367235 0.14736842105263157