1 0.4342629482071713 0.4253731343283582 0.19123505976095617 0.24378109452736318
1 0.601593625498008 0.3308457711442786 0.1752988047808765 0.21393034825870647
1 0.7669322709163346 0.4601990049751244 0.1952191235059761 0.24378109452736318
1 0.8804780876494024 0.6169154228855721 0.1593625498007968 0.208955223880597
1 0.599601593625498 0.5597014925373134 0.1952191235059761 0.23383084577114427
1 0.7310756972111554 0.6666666666666666 0.14741035856573706 0.1791044776119403
1 0.7370517928286853 0.835820895522388 0.14342629482071714 0.1691542288557214
1 0.5876494023904383 0.7860696517412935 0.17928286852589642 0.21890547263681592
1 0.42828685258964144 0.6716417910447762 0.20318725099601595 0.25870646766169153
1 0.4302788844621514 0.8557213930348259 0.18326693227091634 0.12935323383084577
1 0.25298804780876494 0.7985074626865671 0.21115537848605578 0.24378109452736318
1 0.1254980079681275 0.6343283582089553 0.17131474103585656 0.21393034825870647
1 0.27689243027888444 0.5323383084577115 0.17928286852589642 0.23880597014925373
1 0.11952191235059761 0.40049751243781095 0.19123505976095617 0.2537313432835821
1 0.2908366533864542 0.2935323383084577 0.19123505976095617 0.23880597014925373
1 0.4581673306772908 0.20149253731343283 0.1752988047808765 0.22388059701492538
1 0.6294820717131474 0.10945273631840796 0.20717131474103587 0.21890547263681592
1 0.7529880478087649 0.2512437810945274 0.15139442231075698 0.17412935323383086
1 0.3187250996015936 0.08955223880597014 0.1593625498007968 0.1791044776119403
1 0.15338645418326693 0.14676616915422885 0.17928286852589642 0.21393034825870647
1 0.4721115537848606 0.04477611940298507 0.21115537848605578 0.08955223880597014