1 0.7155797101449275 0.9262295081967213 0.213768115942029 0.1366120218579235
1 0.7155797101449275 0.7213114754098361 0.18478260869565216 0.3825136612021858
1 0.8695652173913043 0.7076502732240437 0.10144927536231885 0.1912568306010929
1 0.7608695652173914 0.6475409836065574 0.13043478260869565 0.23497267759562843
1 0.463768115942029 0.7513661202185792 0.5652173913043478 0.48633879781420764
1 0.4492753623188406 0.9043715846994536 0.32608695652173914 0.18032786885245902
1 0.1213768115942029 0.860655737704918 0.15579710144927536 0.1912568306010929
1 0.1105072463768116 0.7868852459016393 0.2210144927536232 0.20765027322404372
1 0.3188405797101449 0.6256830601092896 0.43478260869565216 0.2786885245901639
1 0.6431159420289855 0.5191256830601093 0.213768115942029 0.18579234972677597
1 0.8061594202898551 0.4918032786885246 0.18478260869565216 0.26229508196721313
1 0.9130434782608695 0.5491803278688525 0.16666666666666666 0.21311475409836064
1 0.9420289855072463 0.4371584699453552 0.10869565217391304 0.25136612021857924
1 0.8043478260869565 0.3360655737704918 0.1956521739130435 0.23497267759562843
1 0.6938405797101449 0.3524590163934426 0.09782608695652174 0.21311475409836064
1 0.5815217391304348 0.3743169398907104 0.12681159420289856 0.2896174863387978
1 0.427536231884058 0.3907103825136612 0.11594202898550725 0.2568306010928962
1 0.4583333333333333 0.4726775956284153 0.17753623188405798 0.3005464480874317
1 0.3242753623188406 0.4808743169398907 0.09057971014492754 0.2185792349726776
1 0.22826086956521738 0.5109289617486339 0.13043478260869565 0.3879781420765027
1 0.16847826086956522 0.4726775956284153 0.06159420289855073 0.1912568306010929
1 0.11956521739130435 0.6092896174863388 0.13043478260869565 0.12568306010928962
1 0.050724637681159424 0.6584699453551912 0.10144927536231885 0.09289617486338798
1 0.06884057971014493 0.5437158469945356 0.13768115942028986 0.18032786885245902
1 0.09057971014492754 0.4262295081967213 0.13768115942028986 0.15300546448087432
1 0.32065217391304346 0.13934426229508196 0.4746376811594203 0.1912568306010929
1 0.4855072463768116 0.060109289617486336 0.18115942028985507 0.12021857923497267
1 0.358695652173913 0.20765027322404372 0.2971014492753623 0.12021857923497267
1 0.5452898550724637 0.25956284153005466 0.14855072463768115 0.21311475409836064
1 0.572463768115942 0.06284153005464481 0.36231884057971014 0.12568306010928962
1 0.7427536231884058 0.02459016393442623 0.10869565217391304 0.04918032786885246
1 0.8731884057971014 0.10655737704918032 0.10869565217391304 0.21311475409836064
1 0.9528985507246377 0.10109289617486339 0.08695652173913043 0.20218579234972678
1 0.8315217391304348 0.1885245901639344 0.14855072463768115 0.2786885245901639
1 0.7282608695652174 0.20218579234972678 0.2246376811594203 0.14207650273224043