1 0.15206185567010308 0.35192307692307695 0.30412371134020616 0.23461538461538461
1 0.3788659793814433 0.20384615384615384 0.14948453608247422 0.1076923076923077
1 0.03608247422680412 0.175 0.07216494845360824 0.12692307692307692
1 0.36597938144329895 0.125 0.31958762886597936 0.1576923076923077
1 0.18814432989690721 0.12307692307692308 0.06701030927835051 0.03076923076923077
1 0.20876288659793815 0.175 0.07731958762886598 0.07307692307692308
1 0.5773195876288659 0.09807692307692308 0.08247422680412371 0.07307692307692308
1 0.5927835051546392 0.025 0.15463917525773196 0.05
1 0.36855670103092786 0.025 0.28350515463917525 0.05
1 0.7912371134020618 0.06153846153846154 0.17010309278350516 0.12307692307692308
1 0.9252577319587629 0.0673076923076923 0.13917525773195877 0.07307692307692308
1 0.9252577319587629 0.09807692307692308 0.0979381443298969 0.1423076923076923
1 0.8247422680412371 0.11153846153846154 0.12371134020618557 0.09230769230769231
1 0.8067010309278351 0.26153846153846155 0.37628865979381443 0.3
1 0.7860824742268041 0.7788461538461539 0.33505154639175255 0.40384615384615385
1 0.9536082474226805 0.825 0.08247422680412371 0.12692307692307692
1 0.9690721649484536 0.9211538461538461 0.05154639175257732 0.09615384615384616
1 0.6520618556701031 0.8788461538461538 0.14948453608247422 0.17307692307692307
1 0.37371134020618557 0.9019230769230769 0.17010309278350516 0.1423076923076923
1 0.08505154639175258 0.975 0.17010309278350516 0.04230769230769231
1 0.13144329896907217 0.7173076923076923 0.06701030927835051 0.03461538461538462
1 0.3634020618556701 0.75 0.04639175257731959 0.023076923076923078
1 0.3917525773195876 0.6903846153846154 0.061855670103092786 0.03461538461538462
1 0.18298969072164947 0.55 0.04639175257731959 0.03076923076923077
1 0.22164948453608246 0.5692307692307692 0.041237113402061855 0.03076923076923077
1 0.010309278350515464 0.5942307692307692 0.020618556701030927 0.05
1 0.028350515463917526 0.6923076923076923 0.05670103092783505 0.13076923076923078
1 0.6520618556701031 0.6173076923076923 0.5412371134020618 0.29615384615384616
1 0.8634020618556701 0.5653846153846154 0.12886597938144329 0.1076923076923077
1 0.8427835051546392 0.4423076923076923 0.30412371134020616 0.23846153846153847
1 0.8015463917525774 0.4980769230769231 0.18041237113402062 0.08846153846153847
1 0.5644329896907216 0.36923076923076925 0.36597938144329895 0.25384615384615383
1 0.3170103092783505 0.5057692307692307 0.22164948453608246 0.08846153846153847
1 0.3634020618556701 0.39807692307692305 0.10824742268041238 0.12692307692307692
1 0.211340206185567 0.48846153846153845 0.07216494845360824 0.06923076923076923
1 0.07731958762886598 0.12307692307692308 0.12371134020618557 0.09230769230769231
1 0.37628865979381443 0.21153846153846154 0.14432989690721648 0.1
1 0.5438144329896907 0.22884615384615384 0.19072164948453607 0.08076923076923077