1 0.7936802973977695 0.35561497326203206 0.1895910780669145 0.19786096256684493
1 0.7379182156133829 0.5 0.27137546468401486 0.15508021390374332
1 0.8327137546468402 0.4572192513368984 0.02973977695167286 0.08021390374331551
1 0.6133828996282528 0.6925133689839572 0.20074349442379183 0.3048128342245989
1 0.7137546468401487 0.6042780748663101 0.24535315985130113 0.1711229946524064
1 0.7044609665427509 0.732620320855615 0.21933085501858737 0.21390374331550802
1 0.41263940520446096 0.820855614973262 0.275092936802974 0.1657754010695187
1 0.2843866171003718 0.7272727272727273 0.12267657992565056 0.0962566844919786
1 0.38661710037174724 0.5614973262032086 0.17843866171003717 0.20320855614973263
1 0.41821561338289964 0.6978609625668449 0.137546468401487 0.09090909090909091
1 0.5260223048327137 0.6417112299465241 0.13011152416356878 0.21390374331550802
1 0.6282527881040892 0.45187165775401067 0.15613382899628253 0.17647058823529413
1 0.70817843866171 0.2914438502673797 0.12267657992565056 0.15508021390374332
1 0.6840148698884758 0.24598930481283424 0.1412639405204461 0.12834224598930483
1 0.5687732342007435 0.18449197860962566 0.12639405204460966 0.1443850267379679
1 0.5669144981412639 0.31016042780748665 0.137546468401487 0.12834224598930483
1 0.43866171003717475 0.31016042780748665 0.19330855018587362 0.20320855614973263
1 0.45353159851301117 0.45989304812834225 0.23048327137546468 0.21390374331550802
1 0.241635687732342 0.4679144385026738 0.24535315985130113 0.37967914438502676
1 0.27695167286245354 0.25133689839572193 0.1524163568773234 0.24598930481283424
1 0.3382899628252788 0.16310160427807488 0.08921933085501858 0.17647058823529413
1 0.3903345724907063 0.18716577540106952 0.06691449814126393 0.0748663101604278
1 0.4516728624535316 0.13101604278074866 0.15985130111524162 0.1657754010695187