1 0.7142857142857143 0.28350515463917525 0.138996138996139 0.17525773195876287
1 0.7374517374517374 0.45103092783505155 0.21621621621621623 0.17010309278350516
1 0.7818532818532818 0.6056701030927835 0.14285714285714285 0.20103092783505155
1 0.696911196911197 0.7474226804123711 0.1583011583011583 0.20618556701030927
1 0.6833976833976834 0.6056701030927835 0.0694980694980695 0.12886597938144329
1 0.6486486486486487 0.2706185567010309 0.0694980694980695 0.211340206185567
1 0.6158301158301158 0.3634020618556701 0.03474903474903475 0.211340206185567
1 0.6486486486486487 0.4639175257731959 0.03861003861003861 0.28865979381443296
1 0.6061776061776062 0.22422680412371135 0.023166023166023165 0.13917525773195877
1 0.5231660231660231 0.20876288659793815 0.14285714285714285 0.15979381443298968
1 0.5366795366795367 0.32989690721649484 0.12355212355212356 0.18556701030927836
1 0.44787644787644787 0.35309278350515466 0.12355212355212356 0.15979381443298968
1 0.4092664092664093 0.2345360824742268 0.138996138996139 0.13917525773195877
1 0.5501930501930502 0.4896907216494845 0.15057915057915058 0.16494845360824742
1 0.4613899613899614 0.49226804123711343 0.15057915057915058 0.23195876288659795
1 0.5501930501930502 0.6005154639175257 0.10424710424710425 0.22164948453608246
1 0.4420849420849421 0.6211340206185567 0.11969111969111969 0.22164948453608246
1 0.5463320463320464 0.6984536082474226 0.2972972972972973 0.25257731958762886
1 0.4555984555984556 0.7525773195876289 0.19305019305019305 0.08247422680412371
1 0.5 0.8118556701030928 0.305019305019305 0.20103092783505155
1 0.61003861003861 0.5902061855670103 0.023166023166023165 0.07731958762886598
1 0.37258687258687256 0.8556701030927835 0.05019305019305019 0.030927835051546393
1 0.5077220077220077 0.7603092783505154 0.3127413127413127 0.15979381443298968
1 0.3127413127413127 0.2706185567010309 0.09266409266409266 0.11855670103092783
1 0.36293436293436293 0.3582474226804124 0.0694980694980695 0.11855670103092783
1 0.2915057915057915 0.3634020618556701 0.06563706563706563 0.0979381443298969
1 0.3223938223938224 0.43556701030927836 0.07335907335907337 0.10824742268041238
1 0.3803088803088803 0.4793814432989691 0.07335907335907337 0.1134020618556701
1 0.333976833976834 0.5438144329896907 0.08108108108108109 0.10824742268041238
1 0.3841698841698842 0.6211340206185567 0.07335907335907337 0.0979381443298969
1 0.3127413127413127 0.654639175257732 0.0694980694980695 0.1134020618556701
1 0.36293436293436293 0.7164948453608248 0.0694980694980695 0.09278350515463918
1 0.3416988416988417 0.7989690721649485 0.06563706563706563 0.09278350515463918
1 0.28378378378378377 0.7448453608247423 0.05791505791505792 0.0979381443298969
1 0.23745173745173745 0.6701030927835051 0.07335907335907337 0.10309278350515463
1 0.2625482625482625 0.5721649484536082 0.06177606177606178 0.09278350515463918
1 0.20270270270270271 0.5773195876288659 0.05791505791505792 0.09278350515463918
1 0.20270270270270271 0.4845360824742268 0.07335907335907337 0.09278350515463918
1 0.26640926640926643 0.48195876288659795 0.07722007722007722 0.10824742268041238
1 0.23166023166023167 0.3917525773195876 0.0694980694980695 0.09278350515463918