1 0.916058394160584 0.7581521739130435 0.12408759124087591 0.20108695652173914
1 0.9507299270072993 0.657608695652174 0.09124087591240876 0.21739130434782608
1 0.9507299270072993 0.4945652173913043 0.09124087591240876 0.13043478260869565
1 0.864963503649635 0.49184782608695654 0.10948905109489052 0.1793478260869565
1 0.8722627737226277 0.39945652173913043 0.10218978102189781 0.10326086956521739
1 0.7627737226277372 0.5271739130434783 0.12408759124087591 0.18478260869565216
1 0.8211678832116789 0.6494565217391305 0.12408759124087591 0.14673913043478262
1 0.7591240875912408 0.8586956521739131 0.15328467153284672 0.25
1 0.7755474452554745 0.7527173913043478 0.14963503649635038 0.15760869565217392
1 0.6386861313868614 0.6766304347826086 0.15328467153284672 0.21195652173913043
1 0.6459854014598541 0.8586956521739131 0.10948905109489052 0.17391304347826086
1 0.572992700729927 0.907608695652174 0.15328467153284672 0.17391304347826086
1 0.41788321167883213 0.8994565217391305 0.14963503649635038 0.19021739130434784
1 0.4981751824817518 0.8179347826086957 0.14233576642335766 0.14673913043478262
1 0.48905109489051096 0.6983695652173914 0.13138686131386862 0.20108695652173914
1 0.5656934306569343 0.4945652173913043 0.13138686131386862 0.20652173913043478
1 0.666058394160584 0.4320652173913043 0.10583941605839416 0.20108695652173914
1 0.5821167883211679 0.3016304347826087 0.12043795620437957 0.19021739130434784
1 0.6478102189781022 0.27445652173913043 0.040145985401459854 0.11413043478260869
1 0.6861313868613139 0.296195652173913 0.0364963503649635 0.08152173913043478
1 0.7518248175182481 0.3451086956521739 0.0948905109489051 0.16847826086956522
1 0.8321167883211679 0.328804347826087 0.06569343065693431 0.11413043478260869
1 0.4032846715328467 0.5054347826086957 0.14233576642335766 0.20652173913043478
1 0.5182481751824818 0.5706521739130435 0.11678832116788321 0.18478260869565216
1 0.41605839416058393 0.6277173913043478 0.0948905109489051 0.11413043478260869
1 0.36496350364963503 0.7255434782608695 0.11678832116788321 0.14673913043478262
1 0.34124087591240876 0.8505434782608695 0.07664233576642336 0.15760869565217392
1 0.2354014598540146 0.7989130434782609 0.12773722627737227 0.21739130434782608
1 0.3193430656934307 0.6521739130434783 0.10583941605839416 0.15217391304347827
1 0.2846715328467153 0.5434782608695652 0.0948905109489051 0.14130434782608695
1 0.1989051094890511 0.6413043478260869 0.13503649635036497 0.21739130434782608
1 0.09854014598540146 0.6956521739130435 0.0948905109489051 0.18478260869565216
1 0.08029197080291971 0.5842391304347826 0.10218978102189781 0.14673913043478262
1 0.07846715328467153 0.4945652173913043 0.08394160583941605 0.08695652173913043
1 0.177007299270073 0.48641304347826086 0.09854014598540146 0.125
1 0.2591240875912409 0.3967391304347826 0.058394160583941604 0.07608695652173914
1 0.32116788321167883 0.4266304347826087 0.072992700729927 0.07065217391304347
1 0.3740875912408759 0.34782608695652173 0.11313868613138686 0.14130434782608695
1 0.49452554744525545 0.2608695652173913 0.12043795620437957 0.16304347826086957
1 0.48722627737226276 0.3967391304347826 0.09124087591240876 0.11956521739130435