1 0.9672727272727273 0.7868852459016393 0.05818181818181818 0.09836065573770492
1 0.94 0.6994535519125683 0.09818181818181818 0.09836065573770492
1 0.9763636363636363 0.6120218579234973 0.04 0.15300546448087432
1 0.9127272727272727 0.5519125683060109 0.10909090909090909 0.14207650273224043
1 0.9 0.6666666666666666 0.09090909090909091 0.14207650273224043
1 0.8109090909090909 0.6666666666666666 0.13090909090909092 0.12021857923497267
1 0.7890909090909091 0.7650273224043715 0.10909090909090909 0.15300546448087432
1 0.8872727272727273 0.7868852459016393 0.10181818181818182 0.12021857923497267
1 0.9036363636363637 0.8469945355191257 0.08363636363636363 0.08743169398907104
1 0.8181818181818182 0.8770491803278688 0.08 0.09289617486338798
1 0.7254545454545455 0.8469945355191257 0.12727272727272726 0.13114754098360656
1 0.7163636363636363 0.9234972677595629 0.10909090909090909 0.0546448087431694
1 0.6163636363636363 0.8961748633879781 0.11272727272727273 0.13114754098360656
1 0.5127272727272727 0.9043715846994536 0.10181818181818182 0.11475409836065574
1 0.49454545454545457 0.9644808743169399 0.08727272727272728 0.0273224043715847
1 0.5072727272727273 0.7704918032786885 0.09818181818181818 0.16393442622950818
1 0.5945454545454546 0.7814207650273224 0.09090909090909091 0.14207650273224043
1 0.5854545454545454 0.6857923497267759 0.08727272727272728 0.09289617486338798
1 0.6527272727272727 0.6202185792349727 0.09818181818181818 0.12568306010928962
1 0.6854545454545454 0.7459016393442623 0.08363636363636363 0.11475409836065574
1 0.7145454545454546 0.6420765027322405 0.04727272727272727 0.09289617486338798
1 0.6981818181818182 0.5245901639344263 0.10909090909090909 0.15300546448087432
1 0.7581818181818182 0.5710382513661202 0.04727272727272727 0.11475409836065574
1 0.7872727272727272 0.5027322404371585 0.09818181818181818 0.13114754098360656
1 0.8072727272727273 0.5846994535519126 0.09454545454545454 0.06557377049180328
1 0.8454545454545455 0.44808743169398907 0.06909090909090909 0.14207650273224043
1 0.9018181818181819 0.43989071038251365 0.04363636363636364 0.09289617486338798
1 0.96 0.44808743169398907 0.07272727272727272 0.15300546448087432
1 0.8981818181818182 0.34972677595628415 0.07272727272727272 0.09836065573770492
1 0.8527272727272728 0.29508196721311475 0.09818181818181818 0.17486338797814208
1 0.769090909090909 0.36065573770491804 0.12727272727272726 0.12021857923497267
1 0.6836363636363636 0.42349726775956287 0.08727272727272728 0.08196721311475409
1 0.5963636363636363 0.45901639344262296 0.08727272727272728 0.13114754098360656
1 0.5636363636363636 0.47540983606557374 0.08727272727272728 0.09836065573770492
1 0.4890909090909091 0.5519125683060109 0.12 0.13114754098360656
1 0.49454545454545457 0.6420765027322405 0.10909090909090909 0.12568306010928962
1 0.4218181818181818 0.7622950819672131 0.08727272727272728 0.12568306010928962
1 0.41454545454545455 0.8688524590163934 0.10181818181818182 0.1092896174863388
1 0.4072727272727273 0.9453551912568307 0.08727272727272728 0.07650273224043716
1 0.32 0.9316939890710383 0.08 0.08196721311475409
1 0.34 0.819672131147541 0.08363636363636363 0.15300546448087432
1 0.3709090909090909 0.6502732240437158 0.11636363636363636 0.18579234972677597
1 0.4218181818181818 0.5546448087431693 0.07272727272727272 0.12568306010928962
1 0.5018181818181818 0.4371584699453552 0.08727272727272728 0.09836065573770492
1 0.5309090909090909 0.3743169398907104 0.08 0.11475409836065574
1 0.6181818181818182 0.32786885245901637 0.10909090909090909 0.14207650273224043
1 0.6872727272727273 0.3469945355191257 0.04363636363636364 0.08196721311475409
1 0.7090909090909091 0.28415300546448086 0.07272727272727272 0.06557377049180328
1 0.7090909090909091 0.20491803278688525 0.08727272727272728 0.09289617486338798
1 0.6363636363636364 0.23497267759562843 0.10181818181818182 0.09836065573770492
1 0.54 0.22404371584699453 0.09818181818181818 0.12021857923497267
1 0.47454545454545455 0.11748633879781421 0.09090909090909091 0.11475409836065574
1 0.33090909090909093 0.21311475409836064 0.08727272727272728 0.13114754098360656
1 0.3472727272727273 0.2650273224043716 0.06909090909090909 0.07103825136612021
1 0.32545454545454544 0.34153005464480873 0.10545454545454545 0.10382513661202186
1 0.43454545454545457 0.3825136612021858 0.09818181818181818 0.14207650273224043
1 0.44545454545454544 0.2896174863387978 0.08363636363636363 0.08743169398907104
1 0.5181818181818182 0.30601092896174864 0.06909090909090909 0.07650273224043716
1 0.33636363636363636 0.45901639344262296 0.11272727272727273 0.16393442622950818
1 0.2581818181818182 0.4562841530054645 0.06545454545454546 0.07103825136612021
1 0.27636363636363637 0.5491803278688525 0.06545454545454546 0.1366120218579235
1 0.32727272727272727 0.6010928961748634 0.08 0.14207650273224043
1 0.23272727272727273 0.39617486338797814 0.08 0.12568306010928962
1 0.15272727272727274 0.3797814207650273 0.08727272727272728 0.10382513661202186
1 0.18363636363636363 0.46994535519125685 0.08363636363636363 0.07650273224043716
1 0.21454545454545454 0.587431693989071 0.10181818181818182 0.16939890710382513
1 0.25636363636363635 0.7131147540983607 0.09818181818181818 0.1366120218579235
1 0.2381818181818182 0.8224043715846995 0.11272727272727273 0.16939890710382513
1 0.13454545454545455 0.7185792349726776 0.10181818181818182 0.14754098360655737
1 0.12727272727272726 0.639344262295082 0.07272727272727272 0.0546448087431694
1 0.11454545454545455 0.5519125683060109 0.09818181818181818 0.12021857923497267
1 0.09818181818181818 0.4644808743169399 0.08 0.07650273224043716
1 0.05454545454545454 0.6502732240437158 0.09454545454545454 0.12021857923497267
1 0.13454545454545455 0.8497267759562842 0.09454545454545454 0.10382513661202186
1 0.16 0.8907103825136612 0.08727272727272728 0.08743169398907104
1 0.24363636363636362 0.9234972677595629 0.08 0.07650273224043716
1 0.04727272727272727 0.8060109289617486 0.09454545454545454 0.12568306010928962
1 0.038181818181818185 0.7486338797814208 0.07636363636363637 0.09836065573770492
1 0.5472727272727272 0.22131147540983606 0.09818181818181818 0.10382513661202186