1 0.59 0.7797619047619048 0.48 0.42857142857142855
1 0.5183333333333333 0.6994047619047619 0.48333333333333334 0.5892857142857143
1 0.4583333333333333 0.6607142857142857 0.49 0.6666666666666666
1 0.305 0.6130952380952381 0.36333333333333334 0.5714285714285714
1 0.2866666666666667 0.4880952380952381 0.41333333333333333 0.4642857142857143
1 0.31833333333333336 0.2648809523809524 0.39666666666666667 0.24404761904761904
1 0.4033333333333333 0.16964285714285715 0.44666666666666666 0.3392857142857143
1 0.095 0.46726190476190477 0.11 0.49404761904761907
1 0.12333333333333334 0.11011904761904762 0.1 0.22023809523809523
1 0.05333333333333334 0.1636904761904762 0.10666666666666667 0.3273809523809524
1 0.86 0.24107142857142858 0.2733333333333333 0.48214285714285715