1 0.944015444015444 0.8917525773195877 0.10424710424710425 0.20618556701030927
1 0.7799227799227799 0.6185567010309279 0.43243243243243246 0.38144329896907214
1 0.7258687258687259 0.7268041237113402 0.20077220077220076 0.1958762886597938
1 0.8648648648648649 0.8865979381443299 0.09266409266409266 0.15463917525773196
1 0.8552123552123552 0.9716494845360825 0.05791505791505792 0.04639175257731959
1 0.7741312741312741 0.9226804123711341 0.10424710424710425 0.13402061855670103
1 0.7297297297297297 0.9355670103092784 0.0694980694980695 0.11855670103092783
1 0.7355212355212355 0.6572164948453608 0.3436293436293436 0.4484536082474227
1 0.5926640926640927 0.7448453608247423 0.10424710424710425 0.14948453608247422
1 0.6756756756756757 0.6134020618556701 0.138996138996139 0.18556701030927836
1 0.8243243243243243 0.6572164948453608 0.0888030888030888 0.10824742268041238
1 0.6274131274131274 0.5051546391752577 0.0888030888030888 0.10309278350515463
1 0.7760617760617761 0.47164948453608246 0.21621621621621623 0.27319587628865977
1 0.9305019305019305 0.5927835051546392 0.13127413127413126 0.24742268041237114
1 0.9131274131274131 0.35309278350515466 0.16602316602316602 0.22164948453608246
1 0.9073359073359073 0.12628865979381443 0.1776061776061776 0.25257731958762886
1 0.803088803088803 0.22164948453608246 0.1776061776061776 0.24742268041237114
1 0.6293436293436293 0.3015463917525773 0.18532818532818532 0.2422680412371134
1 0.3359073359073359 0.7319587628865979 0.16988416988416988 0.25773195876288657
1 0.3938223938223938 0.8762886597938144 0.0694980694980695 0.12371134020618557
1 0.4266409266409266 0.9252577319587629 0.05019305019305019 0.07731958762886598
1 0.416988416988417 0.9742268041237113 0.04633204633204633 0.041237113402061855
1 0.3667953667953668 0.9716494845360825 0.04633204633204633 0.04639175257731959
1 0.3301158301158301 0.9329896907216495 0.05791505791505792 0.10309278350515463
1 0.2972972972972973 0.9201030927835051 0.05405405405405406 0.10824742268041238
1 0.2702702702702703 0.9768041237113402 0.0694980694980695 0.03608247422680412
1 0.3223938223938224 0.9845360824742269 0.05019305019305019 0.020618556701030927
1 0.1833976833976834 0.8737113402061856 0.1891891891891892 0.2422680412371134
1 0.055984555984555984 0.8608247422680413 0.07335907335907337 0.10309278350515463
1 0.07142857142857142 0.9561855670103093 0.14285714285714285 0.07731958762886598
1 0.22007722007722008 0.7061855670103093 0.10810810810810811 0.12371134020618557
1 0.19498069498069498 0.5412371134020618 0.17374517374517376 0.2268041237113402
1 0.3108108108108108 0.3247422680412371 0.16602316602316602 0.30927835051546393
1 0.44787644787644787 0.22164948453608246 0.1776061776061776 0.2268041237113402
1 0.46332046332046334 0.04896907216494845 0.1776061776061776 0.0979381443298969
1 0.5173745173745173 0.11597938144329897 0.04633204633204633 0.06701030927835051
1 0.5656370656370656 0.1056701030927835 0.05019305019305019 0.06701030927835051
1 0.5714285714285714 0.15721649484536082 0.05405405405405406 0.06701030927835051
1 0.6158301158301158 0.15721649484536082 0.03474903474903475 0.05670103092783505
1 0.6447876447876448 0.13917525773195877 0.05405405405405406 0.08247422680412371
1 0.6911196911196911 0.11597938144329897 0.05405405405405406 0.08762886597938144
1 0.7065637065637066 0.17783505154639176 0.05405405405405406 0.07731958762886598
1 0.7413127413127413 0.11855670103092783 0.06177606177606178 0.07216494845360824
1 0.7374517374517374 0.061855670103092786 0.0694980694980695 0.07216494845360824
1 0.7953667953667953 0.061855670103092786 0.04633204633204633 0.08247422680412371
1 0.8359073359073359 0.09020618556701031 0.03474903474903475 0.04639175257731959
1 0.8281853281853282 0.03608247422680412 0.08108108108108109 0.07216494845360824
1 0.8687258687258688 0.01804123711340206 0.0694980694980695 0.03608247422680412
1 0.9208494208494209 0.007731958762886598 0.03474903474903475 0.015463917525773196
1 0.9478764478764479 0.023195876288659795 0.05019305019305019 0.04639175257731959
1 0.7567567567567568 0.015463917525773196 0.03861003861003861 0.030927835051546393
1 0.722007722007722 0.015463917525773196 0.03861003861003861 0.030927835051546393
1 0.6814671814671814 0.030927835051546393 0.06563706563706563 0.061855670103092786
1 0.6525096525096525 0.06443298969072164 0.07722007722007722 0.06701030927835051
1 0.6158301158301158 0.0979381443298969 0.05019305019305019 0.05154639175257732
1 0.6003861003861004 0.05412371134020619 0.04247104247104247 0.04639175257731959
1 0.5598455598455598 0.04896907216494845 0.03861003861003861 0.05670103092783505
1 0.6351351351351351 0.015463917525773196 0.05791505791505792 0.030927835051546393
1 0.5791505791505791 0.010309278350515464 0.04633204633204633 0.020618556701030927
1 0.2876447876447876 0.10051546391752578 0.1969111969111969 0.20103092783505155
1 0.1891891891891892 0.23969072164948454 0.13127413127413126 0.18041237113402062
1 0.1640926640926641 0.31958762886597936 0.14285714285714285 0.21649484536082475
1 0.09845559845559845 0.8144329896907216 0.1969111969111969 0.31958762886597936
1 0.47297297297297297 0.961340206185567 0.09652509652509653 0.06701030927835051
1 0.07722007722007722 0.27319587628865977 0.15444015444015444 0.14432989690721648
1 0.07915057915057915 0.15979381443298968 0.08108108108108109 0.10309278350515463
1 0.13706563706563707 0.16237113402061856 0.04247104247104247 0.05670103092783505
1 0.17374517374517376 0.12628865979381443 0.03861003861003861 0.04639175257731959
1 0.025096525096525095 0.14432989690721648 0.05019305019305019 0.1134020618556701
1 0.09845559845559845 0.06443298969072164 0.1969111969111969 0.12886597938144329
1 0.12548262548262548 0.42783505154639173 0.06563706563706563 0.07216494845360824
1 0.09073359073359073 0.36855670103092786 0.05791505791505792 0.06701030927835051
1 0.13127413127413126 0.35309278350515466 0.03861003861003861 0.03608247422680412
1 0.025096525096525095 0.327319587628866 0.05019305019305019 0.04639175257731959
1 0.032818532818532815 0.38144329896907214 0.06563706563706563 0.061855670103092786
1 0.06756756756756757 0.4381443298969072 0.09652509652509653 0.07216494845360824
1 0.04633204633204633 0.4845360824742268 0.08494208494208494 0.07216494845360824
1 0.0945945945945946 0.5 0.04247104247104247 0.061855670103092786
1 0.08494208494208494 0.5463917525773195 0.04633204633204633 0.030927835051546393
1 0.04247104247104247 0.5515463917525774 0.06177606177606178 0.08247422680412371
1 0.09266409266409266 0.6005154639175257 0.0694980694980695 0.06701030927835051
1 0.10424710424710425 0.6572164948453608 0.03088803088803089 0.04639175257731959
1 0.05791505791505792 0.6572164948453608 0.06177606177606178 0.0979381443298969
1 0.019305019305019305 0.6752577319587629 0.03861003861003861 0.061855670103092786
1 0.05019305019305019 0.7396907216494846 0.05405405405405406 0.06701030927835051
1 0.013513513513513514 0.7525773195876289 0.02702702702702703 0.1134020618556701
1 0.017374517374517374 0.6108247422680413 0.03474903474903475 0.08762886597938144
1 0.009652509652509652 0.5309278350515464 0.019305019305019305 0.08247422680412371
1 0.005791505791505791 0.4587628865979381 0.011583011583011582 0.061855670103092786
1 0.49613899613899615 0.9278350515463918 0.03474903474903475 0.061855670103092786
1 0.4691119691119691 0.8917525773195877 0.04247104247104247 0.061855670103092786
1 0.5 0.8582474226804123 0.04247104247104247 0.06701030927835051
1 0.528957528957529 0.8195876288659794 0.03088803088803089 0.05154639175257732
1 0.527027027027027 0.7731958762886598 0.03474903474903475 0.041237113402061855
1 0.4806949806949807 0.788659793814433 0.05019305019305019 0.061855670103092786
1 0.4594594594594595 0.8298969072164949 0.03088803088803089 0.041237113402061855
1 0.4362934362934363 0.7989690721649485 0.03088803088803089 0.041237113402061855
1 0.4517374517374517 0.7628865979381443 0.03088803088803089 0.041237113402061855
1 0.48841698841698844 0.729381443298969 0.05019305019305019 0.05670103092783505
1 0.525096525096525 0.7190721649484536 0.03861003861003861 0.04639175257731959
1 0.5482625482625483 0.7216494845360825 0.023166023166023165 0.041237113402061855
1 0.4420849420849421 0.7216494845360825 0.03474903474903475 0.061855670103092786
1 0.4594594594594595 0.6649484536082474 0.03861003861003861 0.05154639175257732
1 0.49034749034749037 0.6855670103092784 0.023166023166023165 0.020618556701030927
1 0.4942084942084942 0.634020618556701 0.04633204633204633 0.061855670103092786
1 0.527027027027027 0.6675257731958762 0.04247104247104247 0.05670103092783505
1 0.5521235521235521 0.6314432989690721 0.04633204633204633 0.06701030927835051
1 0.4555984555984556 0.6134020618556701 0.03861003861003861 0.05154639175257732
1 0.47104247104247104 0.5644329896907216 0.03861003861003861 0.05670103092783505
1 0.5057915057915058 0.5721649484536082 0.03861003861003861 0.05154639175257732
1 0.5405405405405406 0.5618556701030928 0.03861003861003861 0.061855670103092786
1 0.5791505791505791 0.5051546391752577 0.03861003861003861 0.07216494845360824
1 0.5540540540540541 0.48711340206185566 0.03474903474903475 0.06701030927835051
1 0.5521235521235521 0.43041237113402064 0.03088803088803089 0.04639175257731959
1 0.528957528957529 0.3788659793814433 0.04633204633204633 0.04639175257731959
1 0.47104247104247104 0.3479381443298969 0.06177606177606178 0.05670103092783505
1 0.41312741312741313 0.35051546391752575 0.03861003861003861 0.041237113402061855
1 0.4806949806949807 0.3943298969072165 0.05019305019305019 0.05670103092783505
1 0.5173745173745173 0.42783505154639173 0.04633204633204633 0.05154639175257732
1 0.5115830115830116 0.5 0.05019305019305019 0.07216494845360824
1 0.46525096525096526 0.5077319587628866 0.03474903474903475 0.04639175257731959
1 0.47104247104247104 0.45618556701030927 0.03861003861003861 0.04639175257731959
1 0.44015444015444016 0.41494845360824745 0.03861003861003861 0.05670103092783505
1 0.4111969111969112 0.4020618556701031 0.04247104247104247 0.041237113402061855
1 0.3783783783783784 0.43041237113402064 0.03088803088803089 0.04639175257731959
1 0.4189189189189189 0.45618556701030927 0.04247104247104247 0.04639175257731959
1 0.43243243243243246 0.4948453608247423 0.03861003861003861 0.041237113402061855
1 0.3803088803088803 0.4845360824742268 0.05791505791505792 0.061855670103092786
1 0.4343629343629344 0.5515463917525774 0.04247104247104247 0.05154639175257732
1 0.416988416988417 0.5876288659793815 0.03861003861003861 0.05154639175257732
1 0.41312741312741313 0.6314432989690721 0.04633204633204633 0.05670103092783505
1 0.3783783783783784 0.595360824742268 0.03088803088803089 0.04639175257731959
1 0.38996138996138996 0.5463917525773195 0.03861003861003861 0.05154639175257732
1 0.3474903474903475 0.5567010309278351 0.04633204633204633 0.061855670103092786
1 0.33204633204633205 0.5 0.05405405405405406 0.05154639175257732
1 0.30694980694980695 0.5438144329896907 0.04247104247104247 0.06701030927835051