0 0.8709090909090909 0.5846994535519126 0.11272727272727273 0.08743169398907104
0 0.9836363636363636 0.587431693989071 0.025454545454545455 0.0273224043715847
0 0.9745454545454545 0.6229508196721312 0.02181818181818182 0.02185792349726776
0 0.9181818181818182 0.773224043715847 0.025454545454545455 0.03825136612021858
0 0.9836363636363636 0.8497267759562842 0.025454545454545455 0.03825136612021858
0 0.8345454545454546 0.8032786885245902 0.04 0.06557377049180328
0 0.7145454545454546 0.5983606557377049 0.09818181818181818 0.07103825136612021
0 0.48727272727272725 0.4890710382513661 0.13818181818181818 0.09289617486338798
0 0.5181818181818182 0.5437158469945356 0.01818181818181818 0.01639344262295082
0 0.24727272727272728 0.5327868852459017 0.10181818181818182 0.07103825136612021
0 0.3181818181818182 0.5300546448087432 0.05454545454545454 0.04371584699453552
0 0.2690909090909091 0.6530054644808743 0.03636363636363636 0.03825136612021858
0 0.31636363636363635 0.6256830601092896 0.03636363636363636 0.03825136612021858
0 0.16727272727272727 0.8032786885245902 0.03636363636363636 0.04371584699453552
0 0.12545454545454546 0.8497267759562842 0.11272727272727273 0.04918032786885246
0 0.18 0.8770491803278688 0.01818181818181818 0.01639344262295082
0 0.20909090909090908 0.8497267759562842 0.025454545454545455 0.03825136612021858
0 0.2381818181818182 0.860655737704918 0.01818181818181818 0.060109289617486336
0 0.3327272727272727 0.9726775956284153 0.03272727272727273 0.04371584699453552
0 0.06181818181818182 0.42896174863387976 0.09454545454545454 0.08196721311475409
0 0.02727272727272727 0.3879781420765027 0.03272727272727273 0.04371584699453552
0 0.29818181818181816 0.3907103825136612 0.10909090909090909 0.08196721311475409
0 0.26 0.42896174863387976 0.025454545454545455 0.03825136612021858
0 0.32727272727272727 0.4644808743169399 0.05090909090909091 0.04371584699453552
0 0.7254545454545455 0.4562841530054645 0.01818181818181818 0.01639344262295082
0 0.7963636363636364 0.38524590163934425 0.05818181818181818 0.07103825136612021
0 0.8127272727272727 0.46174863387978143 0.025454545454545455 0.03825136612021858
0 0.8127272727272727 0.5 0.025454545454545455 0.0273224043715847
0 0.8454545454545455 0.505464480874317 0.025454545454545455 0.03825136612021858
0 0.8727272727272727 0.45081967213114754 0.014545454545454545 0.0273224043715847
0 0.9109090909090909 0.45081967213114754 0.05454545454545454 0.07103825136612021
0 0.9145454545454546 0.3770491803278688 0.05454545454545454 0.0546448087431694
0 0.7163636363636363 0.4016393442622951 0.02909090909090909 0.0273224043715847
0 0.7454545454545455 0.4098360655737705 0.02909090909090909 0.03278688524590164
0 0.6509090909090909 0.33060109289617484 0.03636363636363636 0.04918032786885246
0 0.7254545454545455 0.2677595628415301 0.025454545454545455 0.07650273224043716
0 0.7472727272727273 0.22131147540983606 0.01818181818181818 0.0273224043715847
0 0.7781818181818182 0.23497267759562843 0.014545454545454545 0.03278688524590164
0 0.8163636363636364 0.226775956284153 0.01090909090909091 0.03825136612021858
0 0.8363636363636363 0.19398907103825136 0.03636363636363636 0.0273224043715847
0 0.8563636363636363 0.2459016393442623 0.01818181818181818 0.02185792349726776
0 0.96 0.10109289617486339 0.02909090909090909 0.03825136612021858
0 0.9672727272727273 0.17759562841530055 0.02909090909090909 0.0273224043715847
0 0.9509090909090909 0.22131147540983606 0.04 0.0273224043715847
0 0.9163636363636364 0.22404371584699453 0.014545454545454545 0.02185792349726776
0 0.92 0.1448087431693989 0.02909090909090909 0.03825136612021858
0 0.889090909090909 0.11202185792349727 0.01090909090909091 0.01639344262295082
0 0.8763636363636363 0.08196721311475409 0.02909090909090909 0.03278688524590164
0 0.20727272727272728 0.16393442622950818 0.06545454545454546 0.08743169398907104
0 0.24909090909090909 0.18579234972677597 0.025454545454545455 0.02185792349726776
0 0.21818181818181817 0.22404371584699453 0.02181818181818182 0.02185792349726776
0 0.21818181818181817 0.2677595628415301 0.04363636363636364 0.04371584699453552
0 0.26545454545454544 0.2540983606557377 0.03636363636363636 0.03825136612021858
0 0.2818181818181818 0.2677595628415301 0.025454545454545455 0.03278688524590164
0 0.24727272727272728 0.3005464480874317 0.05090909090909091 0.03278688524590164
0 0.24 0.32786885245901637 0.02909090909090909 0.02185792349726776
0 0.34545454545454546 0.2896174863387978 0.06545454545454546 0.03278688524590164
0 0.4218181818181818 0.17486338797814208 0.03636363636363636 0.0546448087431694
0 0.4890909090909091 0.16939890710382513 0.04727272727272727 0.07650273224043716
0 0.4290909090909091 0.22404371584699453 0.02181818181818182 0.03278688524590164
0 0.02727272727272727 0.2978142076502732 0.05454545454545454 0.07103825136612021
0 0.034545454545454546 0.16939890710382513 0.06909090909090909 0.06557377049180328
0 0.02 0.10382513661202186 0.04 0.07650273224043716
0 0.05454545454545454 0.10109289617486339 0.03636363636363636 0.04918032786885246
0 0.11636363636363636 0.18579234972677597 0.03636363636363636 0.04371584699453552
0 0.12727272727272726 0.13114754098360656 0.03636363636363636 0.04371584699453552
0 0.1290909090909091 0.07103825136612021 0.03272727272727273 0.04371584699453552
0 0.15454545454545454 0.14754098360655737 0.025454545454545455 0.0546448087431694
0 0.29818181818181816 0.1830601092896175 0.02181818181818182 0.04918032786885246
0 0.29818181818181816 0.12021857923497267 0.02181818181818182 0.03278688524590164
0 0.34545454545454546 0.08743169398907104 0.05818181818181818 0.04371584699453552
0 0.4072727272727273 0.10382513661202186 0.02181818181818182 0.03278688524590164
0 0.38 0.15027322404371585 0.01818181818181818 0.01639344262295082
0 0.44727272727272727 0.09562841530054644 0.014545454545454545 0.04918032786885246
0 0.47454545454545455 0.06830601092896176 0.01818181818181818 0.0273224043715847
0 0.509090909090909 0.11202185792349727 0.02909090909090909 0.03825136612021858
0 0.5381818181818182 0.07377049180327869 0.04363636363636364 0.060109289617486336
0 0.5709090909090909 0.10382513661202186 0.014545454545454545 0.02185792349726776
0 0.5745454545454546 0.1366120218579235 0.02909090909090909 0.03278688524590164
0 0.5981818181818181 0.10382513661202186 0.01818181818181818 0.04371584699453552
0 0.6036363636363636 0.1830601092896175 0.02909090909090909 0.04918032786885246
0 0.6345454545454545 0.17486338797814208 0.025454545454545455 0.04371584699453552
0 0.6563636363636364 0.20218579234972678 0.01818181818181818 0.03278688524590164
0 0.7418181818181818 0.1721311475409836 0.08 0.060109289617486336
0 0.7981818181818182 0.14207650273224043 0.03272727272727273 0.0546448087431694
0 0.7163636363636363 0.11475409836065574 0.07272727272727272 0.07650273224043716
0 0.730909090909091 0.03825136612021858 0.06545454545454546 0.0546448087431694
0 0.6036363636363636 0.0273224043715847 0.03636363636363636 0.04371584699453552
0 0.38545454545454544 0.3551912568306011 0.02181818181818182 0.01092896174863388
0 0.49636363636363634 0.4207650273224044 0.01818181818181818 0.02185792349726776
0 0.5054545454545455 0.36885245901639346 0.02181818181818182 0.01639344262295082
0 0.5327272727272727 0.36065573770491804 0.01818181818181818 0.02185792349726776
0 0.14363636363636365 0.5710382513661202 0.03272727272727273 0.04918032786885246