0 0.7777777777777778 0.7511111111111111 0.16 0.24
0 0.62 0.4777777777777778 0.19111111111111112 0.25333333333333335
0 0.5066666666666667 0.18888888888888888 0.20444444444444446 0.26222222222222225
0 0.5066666666666667 0.4311111111111111 0.035555555555555556 0.21333333333333335
0 0.4 0.48 0.18666666666666668 0.26666666666666666
0 0.6111111111111112 0.8133333333333334 0.2 0.24888888888888888
0 0.41333333333333333 0.82 0.19555555555555557 0.28
0 0.26666666666666666 0.7377777777777778 0.10666666666666667 0.2577777777777778
0 0.7688888888888888 0.6022222222222222 0.1688888888888889 0.10222222222222223
0 0.6177777777777778 0.32222222222222224 0.17777777777777778 0.07555555555555556
0 0.4955555555555556 0.2866666666666667 0.17333333333333334 0.07555555555555556
0 0.5111111111111111 0.035555555555555556 0.18666666666666668 0.07111111111111111
0 0.4 0.32666666666666666 0.1688888888888889 0.07555555555555556
0 0.5311111111111111 0.58 0.1111111111111111 0.07555555555555556
0 0.42 0.6644444444444444 0.19111111111111112 0.10222222222222223
0 0.6222222222222222 0.6488888888888888 0.19555555555555557 0.11555555555555555
0 0.28888888888888886 0.5866666666666667 0.14222222222222222 0.09777777777777778
0 0.36444444444444446 0.5177777777777778 0.1511111111111111 0.07555555555555556
0 0.5511111111111111 0.47555555555555556 0.13333333333333333 0.07111111111111111