0 0.8088888888888889 0.72 0.2577777777777778 0.28444444444444444
0 0.5777777777777777 0.6355555555555555 0.2222222222222222 0.32
0 0.6555555555555556 0.5133333333333333 0.2088888888888889 0.23555555555555555
0 0.48 0.24 0.21333333333333335 0.21333333333333335
0 0.22 0.24666666666666667 0.23555555555555555 0.2088888888888889
0 0.38666666666666666 0.6244444444444445 0.24888888888888888 0.26222222222222225
0 0.7911111111111111 0.54 0.18666666666666668 0.08444444444444445
0 0.36666666666666664 0.4488888888888889 0.17333333333333334 0.08
0 0.44222222222222224 0.10444444444444445 0.15555555555555556 0.06666666666666667
0 0.19111111111111112 0.1 0.14222222222222222 0.057777777777777775
0 0.31333333333333335 0.3288888888888889 0.5111111111111111 0.09777777777777778
0 0.1622222222222222 0.5222222222222223 0.2088888888888889 0.28888888888888886
0 0.41333333333333333 0.4 0.29333333333333333 0.035555555555555556
0 0.5 0.45111111111111113 0.09333333333333334 0.057777777777777775