0 0.8377777777777777 0.5 0.14666666666666667 0.24444444444444444
0 0.7044444444444444 0.5911111111111111 0.16444444444444445 0.2577777777777778
0 0.4911111111111111 0.6311111111111111 0.30666666666666664 0.4088888888888889
0 0.33111111111111113 0.5644444444444444 0.27111111111111114 0.27555555555555555
0 0.16 0.4866666666666667 0.16 0.25333333333333335
0 0.26666666666666666 0.6511111111111111 0.1511111111111111 0.28
0 0.34 0.39111111111111113 0.26222222222222225 0.13333333333333333
0 0.4911111111111111 0.32222222222222224 0.23555555555555555 0.1111111111111111
0 0.6377777777777778 0.39111111111111113 0.26222222222222225 0.13333333333333333
0 0.7777777777777778 0.3333333333333333 0.24888888888888888 0.09777777777777778
0 0.20444444444444446 0.32222222222222224 0.24 0.10222222222222223