0 0.609375 0.6964285714285714 0.11160714285714286 0.35714285714285715
0 0.47098214285714285 0.6763392857142857 0.11160714285714286 0.35267857142857145
0 0.33035714285714285 0.65625 0.11607142857142858 0.35714285714285715
0 0.7522321428571429 0.4263392857142857 0.05803571428571429 0.049107142857142856
0 0.7566964285714286 0.38169642857142855 0.04017857142857143 0.04017857142857143
0 0.7611607142857143 0.34598214285714285 0.04017857142857143 0.03125
0 0.65625 0.41294642857142855 0.044642857142857144 0.049107142857142856
0 0.6651785714285714 0.3705357142857143 0.03571428571428571 0.03571428571428571
0 0.6651785714285714 0.34151785714285715 0.017857142857142856 0.022321428571428572
0 0.5602678571428571 0.3950892857142857 0.04017857142857143 0.049107142857142856
0 0.5803571428571429 0.3638392857142857 0.026785714285714284 0.04017857142857143
0 0.5870535714285714 0.33705357142857145 0.03125 0.04017857142857143
0 0.4799107142857143 0.33035714285714285 0.03125 0.026785714285714284
0 0.46205357142857145 0.359375 0.03125 0.04017857142857143
0 0.44642857142857145 0.39732142857142855 0.044642857142857144 0.03571428571428571
0 0.34598214285714285 0.38392857142857145 0.03125 0.03571428571428571
0 0.375 0.36160714285714285 0.03571428571428571 0.03571428571428571
0 0.4017857142857143 0.34375 0.03571428571428571 0.0625
0 0.3125 0.35267857142857145 0.03571428571428571 0.08035714285714286
0 0.2924107142857143 0.36607142857142855 0.03125 0.0625
0 0.2544642857142857 0.38169642857142855 0.03571428571428571 0.03125
0 0.671875 0.24553571428571427 0.2544642857142857 0.13392857142857142
0 0.41517857142857145 0.22767857142857142 0.25 0.14285714285714285
0 0.140625 0.33705357142857145 0.27232142857142855 0.12053571428571429
0 0.29910714285714285 0.49330357142857145 0.3125 0.19196428571428573
0 0.6450892857142857 0.5245535714285714 0.32589285714285715 0.20982142857142858
0 0.5089285714285714 0.36607142857142855 0.07142857142857142 0.11607142857142858
0 0.21205357142857142 0.359375 0.12053571428571429 0.10267857142857142
0 0.22321428571428573 0.65625 0.10714285714285714 0.14285714285714285
0 0.4017857142857143 0.6651785714285714 0.03571428571428571 0.13392857142857142
0 0.5401785714285714 0.6741071428571429 0.03571428571428571 0.125
0 0.7254464285714286 0.6473214285714286 0.12946428571428573 0.03571428571428571
0 0.890625 0.39285714285714285 0.18303571428571427 0.15178571428571427