0 0.6222222222222222 0.5 0.2222222222222222 0.24444444444444444
0 0.5022222222222222 0.21777777777777776 0.2222222222222222 0.2577777777777778
0 0.7911111111111111 0.7511111111111111 0.12444444444444444 0.2222222222222222
0 0.6155555555555555 0.8333333333333334 0.21777777777777776 0.24444444444444444
0 0.38666666666666666 0.8511111111111112 0.2222222222222222 0.24444444444444444
0 0.22444444444444445 0.7533333333333333 0.1111111111111111 0.23555555555555555
0 0.3977777777777778 0.5311111111111111 0.23555555555555555 0.26222222222222225
0 0.7711111111111111 0.6066666666666667 0.18222222222222223 0.12
0 0.6177777777777778 0.6711111111111111 0.21333333333333335 0.11555555555555555
0 0.6333333333333333 0.35555555555555557 0.2088888888888889 0.09777777777777778
0 0.5 0.07111111111111111 0.22666666666666666 0.07111111111111111
0 0.46 0.3 0.2088888888888889 0.06666666666666667
0 0.3933333333333333 0.37333333333333335 0.21777777777777776 0.08888888888888889
0 0.23777777777777778 0.6066666666666667 0.13777777777777778 0.12
0 0.3888888888888889 0.7022222222222222 0.22666666666666666 0.10666666666666667
0 0.26222222222222225 0.52 0.05333333333333334 0.08