0 0.4956896551724138 0.4976958525345622 0.2413793103448276 0.9585253456221198
0 0.6142241379310345 0.49078341013824883 0.10775862068965517 0.6221198156682027
0 0.7241379310344828 0.49539170506912444 0.12931034482758622 0.5391705069124424
0 0.7866379310344828 0.4861751152073733 0.06465517241379311 0.47465437788018433
0 0.8556034482758621 0.5023041474654378 0.09051724137931035 0.4147465437788018
0 0.8987068965517241 0.5069124423963134 0.05603448275862069 0.3317972350230415
0 0.9612068965517241 0.511520737327189 0.0603448275862069 0.25806451612903225
0 0.3168103448275862 0.4861751152073733 0.15086206896551724 0.6774193548387096
0 0.23922413793103448 0.49539170506912444 0.10775862068965517 0.5852534562211982
0 0.14655172413793102 0.48847926267281105 0.10344827586206896 0.4700460829493088
0 0.10775862068965517 0.5 0.06896551724137931 0.41935483870967744
0 0.03879310344827586 0.511520737327189 0.07758620689655173 0.34101382488479265
0 0.7198275862068966 0.21889400921658986 0.0603448275862069 0.02304147465437788
0 0.7672413793103449 0.23963133640552994 0.034482758620689655 0.009216589861751152
0 0.8426724137931034 0.2880184331797235 0.03879310344827586 0.02304147465437788
0 0.8814655172413793 0.3271889400921659 0.021551724137931036 0.018433179723502304
0 0.9504310344827587 0.3709677419354839 0.03017241379310345 0.013824884792626729
0 0.5883620689655172 0.16820276497695852 0.05603448275862069 0.013824884792626729
0 0.4978448275862069 0.013824884792626729 0.09913793103448276 0.027649769585253458
0 0.3232758620689655 0.1313364055299539 0.06896551724137931 0.02304147465437788
0 0.25862068965517243 0.18663594470046083 0.0603448275862069 0.02304147465437788
0 0.15301724137931033 0.24423963133640553 0.05603448275862069 0.018433179723502304
0 0.11422413793103449 0.2834101382488479 0.03017241379310345 0.013824884792626729
0 0.040948275862068964 0.3271889400921659 0.03017241379310345 0.009216589861751152