0 0.9139344262295082 0.8260869565217391 0.13934426229508196 0.3285024154589372
0 0.7090163934426229 0.8260869565217391 0.13934426229508196 0.3188405797101449
0 0.4979508196721312 0.8285024154589372 0.14344262295081966 0.3140096618357488
0 0.2889344262295082 0.8236714975845411 0.14344262295081966 0.32367149758454106
0 0.07991803278688525 0.8285024154589372 0.14344262295081966 0.32367149758454106
0 0.9180327868852459 0.26811594202898553 0.13934426229508196 0.3140096618357488
0 0.7090163934426229 0.27053140096618356 0.13934426229508196 0.3285024154589372
0 0.4979508196721312 0.26811594202898553 0.14344262295081966 0.3140096618357488
0 0.2848360655737705 0.27053140096618356 0.14344262295081966 0.3188405797101449
0 0.07991803278688525 0.26570048309178745 0.13524590163934427 0.30917874396135264
0 0.9159836065573771 0.6111111111111112 0.13524590163934427 0.10144927536231885
0 0.7110655737704918 0.6207729468599034 0.14344262295081966 0.09178743961352658
0 0.49385245901639346 0.6207729468599034 0.14344262295081966 0.09178743961352658
0 0.29098360655737704 0.6159420289855072 0.13934426229508196 0.09178743961352658
0 0.0860655737704918 0.6183574879227053 0.13934426229508196 0.0966183574879227
0 0.07991803278688525 0.057971014492753624 0.13524590163934427 0.0966183574879227
0 0.2848360655737705 0.057971014492753624 0.13524590163934427 0.0966183574879227
0 0.4959016393442623 0.05314009661835749 0.13934426229508196 0.08695652173913043
0 0.7069672131147541 0.057971014492753624 0.14344262295081966 0.0966183574879227
0 0.9159836065573771 0.06521739130434782 0.14344262295081966 0.09178743961352658