0 0.672566371681416 0.49327354260089684 0.2743362831858407 0.27802690582959644
0 0.8584070796460177 0.4013452914798206 0.17699115044247787 0.13901345291479822
0 0.8606194690265486 0.4977578475336323 0.084070796460177 0.09865470852017937
0 0.8584070796460177 0.6031390134529148 0.061946902654867256 0.13004484304932734
0 0.7920353982300885 0.5695067264573991 0.09734513274336283 0.10762331838565023
0 0.6637168141592921 0.625560538116592 0.1592920353982301 0.1031390134529148
0 0.504424778761062 0.7017937219730942 0.08849557522123894 0.13901345291479822
0 0.413716814159292 0.7623318385650224 0.15486725663716813 0.14349775784753363
0 0.31194690265486724 0.7219730941704036 0.18141592920353983 0.12556053811659193
0 0.28761061946902655 0.6121076233183856 0.168141592920354 0.14798206278026907
0 0.3805309734513274 0.5829596412556054 0.1415929203539823 0.27802690582959644
0 0.5066371681415929 0.49551569506726456 0.06637168141592921 0.11210762331838565
0 0.48672566371681414 0.6188340807174888 0.08849557522123894 0.10762331838565023
0 0.5022123893805309 0.3452914798206278 0.12831858407079647 0.18834080717488788
0 0.6172566371681416 0.2600896860986547 0.10176991150442478 0.10762331838565023
0 0.6570796460176991 0.29596412556053814 0.11946902654867257 0.09865470852017937
0 0.745575221238938 0.26905829596412556 0.10176991150442478 0.11659192825112108
0 0.7522123893805309 0.21973094170403587 0.1415929203539823 0.08968609865470852
0 0.7964601769911505 0.2982062780269058 0.1592920353982301 0.13004484304932734
0 0.6106194690265486 0.18834080717488788 0.10619469026548672 0.07174887892376682
0 0.5730088495575221 0.17040358744394618 0.11061946902654868 0.12556053811659193
0 0.49336283185840707 0.17713004484304934 0.13716814159292035 0.13004484304932734
0 0.32964601769911506 0.34977578475336324 0.28761061946902655 0.21524663677130046
0 0.2345132743362832 0.35201793721973096 0.20353982300884957 0.13004484304932734
0 0.19690265486725664 0.4349775784753363 0.13716814159292035 0.23318385650224216
0 0.30973451327433627 0.23318385650224216 0.23893805309734514 0.14349775784753363
0 0.09955752212389381 0.5 0.10176991150442478 0.1031390134529148