0 0.8580508474576272 0.7142857142857143 0.1906779661016949 0.38095238095238093
0 0.8919491525423728 0.24603174603174602 0.13983050847457626 0.25925925925925924
0 0.7182203389830508 0.24603174603174602 0.13983050847457626 0.25925925925925924
0 0.538135593220339 0.2724867724867725 0.1271186440677966 0.20634920634920634
0 0.3644067796610169 0.2751322751322751 0.11864406779661017 0.21164021164021163
0 0.21398305084745764 0.335978835978836 0.11440677966101695 0.07936507936507936
0 0.059322033898305086 0.3333333333333333 0.11864406779661017 0.08465608465608465
0 0.3474576271186441 0.753968253968254 0.1440677966101695 0.291005291005291
0 0.5953389830508474 0.7116402116402116 0.1906779661016949 0.37566137566137564
0 0.11864406779661017 0.7513227513227513 0.1440677966101695 0.2962962962962963
0 0.8580508474576272 0.4947089947089947 0.13983050847457626 0.047619047619047616
0 0.8940677966101694 0.08465608465608465 0.13559322033898305 0.05291005291005291
0 0.722457627118644 0.09259259259259259 0.13983050847457626 0.06878306878306878
0 0.538135593220339 0.1402116402116402 0.13559322033898305 0.0582010582010582
0 0.3686440677966102 0.14285714285714285 0.13559322033898305 0.05291005291005291
0 0.21398305084745764 0.2566137566137566 0.13135593220338984 0.08994708994708994
0 0.0635593220338983 0.2566137566137566 0.1271186440677966 0.08994708994708994
0 0.11864406779661017 0.5714285714285714 0.13559322033898305 0.05291005291005291
0 0.3495762711864407 0.5767195767195767 0.13135593220338984 0.05291005291005291
0 0.5911016949152542 0.4947089947089947 0.13983050847457626 0.047619047619047616