0 0.7027027027027027 0.36082474226804123 0.29343629343629346 0.25773195876288657
0 0.7934362934362934 0.30927835051546393 0.21235521235521235 0.16494845360824742
0 0.6776061776061776 0.5927835051546392 0.23552123552123552 0.2268041237113402
0 0.667953667953668 0.6494845360824743 0.30115830115830117 0.18556701030927836
0 0.6776061776061776 0.4484536082474227 0.3127413127413127 0.14432989690721648
0 0.8378378378378378 0.39690721649484534 0.14671814671814673 0.061855670103092786
0 0.8281853281853282 0.5489690721649485 0.13513513513513514 0.0979381443298969
0 0.4555984555984556 0.2912371134020619 0.19305019305019305 0.18041237113402062
0 0.46525096525096526 0.36855670103092786 0.23552123552123552 0.06701030927835051
0 0.4575289575289575 0.47164948453608246 0.14285714285714285 0.14948453608247422
0 0.4555984555984556 0.5180412371134021 0.21621621621621623 0.0979381443298969
0 0.20463320463320464 0.3247422680412371 0.29343629343629346 0.23711340206185566
0 0.2277992277992278 0.422680412371134 0.33204633204633205 0.07216494845360824
0 0.22586872586872586 0.5618556701030928 0.26640926640926643 0.1958762886597938
0 0.23745173745173745 0.6237113402061856 0.3127413127413127 0.16494845360824742