0 0.7418181818181818 0.7759562841530054 0.1890909090909091 0.4371584699453552
0 0.9181818181818182 0.6912568306010929 0.15636363636363637 0.6065573770491803
0 0.49454545454545457 0.7814207650273224 0.20363636363636364 0.4262295081967213
0 0.1709090909090909 0.7568306010928961 0.21818181818181817 0.47540983606557374
0 0.33090909090909093 0.674863387978142 0.15272727272727274 0.639344262295082
0 0.06181818181818182 0.546448087431694 0.12363636363636364 0.8961748633879781
0 0.19818181818181818 0.41530054644808745 0.15636363636363637 0.2185792349726776
0 0.3054545454545455 0.23770491803278687 0.10181818181818182 0.2568306010928962
0 0.44727272727272727 0.25136612021857924 0.09454545454545454 0.30601092896174864
0 0.5036363636363637 0.42349726775956287 0.15636363636363637 0.3224043715846995
0 0.6363636363636364 0.6174863387978142 0.09454545454545454 0.7540983606557377
0 0.7927272727272727 0.3551912568306011 0.14545454545454545 0.26229508196721313
0 0.9218181818181819 0.27049180327868855 0.12727272727272726 0.2896174863387978
0 0.74 0.5191256830601093 0.15636363636363637 0.1092896174863388
0 0.7818181818181819 0.25956284153005466 0.12363636363636364 0.08196721311475409