0 0.7992277992277992 0.5592783505154639 0.3088803088803089 0.30412371134020616
0 0.7586872586872587 0.654639175257732 0.39768339768339767 0.30927835051546393
0 0.21621621621621623 0.5747422680412371 0.32432432432432434 0.31443298969072164
0 0.5231660231660231 0.23711340206185566 0.23552123552123552 0.2268041237113402
0 0.5231660231660231 0.44587628865979384 0.20463320463320464 0.13917525773195877
0 0.9382239382239382 0.3324742268041237 0.11583011583011583 0.20103092783505155
0 0.0444015444015444 0.27835051546391754 0.0888030888030888 0.1958762886597938
0 0.017374517374517374 0.48711340206185566 0.03474903474903475 0.13917525773195877
0 0.25675675675675674 0.6829896907216495 0.42084942084942084 0.29381443298969073
0 0.49613899613899615 0.4742268041237113 0.28185328185328185 0.17525773195876287
0 0.4980694980694981 0.31958762886597936 0.32432432432432434 0.13402061855670103