0 0.9114114114114115 0.6291390728476821 0.15315315315315314 0.6490066225165563
0 0.7432432432432432 0.6291390728476821 0.15315315315315314 0.6357615894039735
0 0.5795795795795796 0.6324503311258278 0.15015015015015015 0.6556291390728477
0 0.4144144144144144 0.6357615894039735 0.15615615615615616 0.6490066225165563
0 0.24324324324324326 0.6291390728476821 0.15615615615615616 0.6490066225165563
0 0.07807807807807808 0.6324503311258278 0.15015015015015015 0.6423841059602649
0 0.5795795795795796 0.23841059602649006 0.08408408408408409 0.15894039735099338
0 0.7432432432432432 0.23178807947019867 0.08108108108108109 0.1456953642384106
0 0.9114114114114115 0.23509933774834438 0.08108108108108109 0.1390728476821192
0 0.4099099099099099 0.23841059602649006 0.08108108108108109 0.1456953642384106
0 0.24474474474474475 0.23841059602649006 0.08108108108108109 0.15894039735099338
0 0.07957957957957958 0.23841059602649006 0.08108108108108109 0.13245033112582782
0 0.9159159159159159 0.08609271523178808 0.042042042042042045 0.15894039735099338
0 0.7447447447447447 0.09271523178807947 0.04804804804804805 0.15894039735099338
0 0.5795795795795796 0.09271523178807947 0.04804804804804805 0.17218543046357615
0 0.41291291291291293 0.09602649006622517 0.04504504504504504 0.16556291390728478
0 0.24624624624624625 0.09933774834437085 0.042042042042042045 0.15894039735099338
0 0.07807807807807808 0.09933774834437085 0.042042042042042045 0.17218543046357615