0 0.9127272727272727 0.6420765027322405 0.11636363636363636 0.1912568306010929
0 0.8909090909090909 0.6994535519125683 0.06545454545454546 0.08743169398907104
0 0.8490909090909091 0.5109289617486339 0.13454545454545455 0.08196721311475409
0 0.84 0.4262295081967213 0.16727272727272727 0.17486338797814208
0 0.8709090909090909 0.41530054644808745 0.07636363636363637 0.06557377049180328
0 0.8545454545454545 0.3469945355191257 0.05090909090909091 0.07103825136612021
0 0.8781818181818182 0.3825136612021858 0.04 0.04371584699453552
0 0.8436363636363636 0.2786885245901639 0.05818181818181818 0.04371584699453552
0 0.889090909090909 0.2923497267759563 0.06181818181818182 0.08196721311475409
0 0.8636363636363636 0.23224043715846995 0.06181818181818182 0.12568306010928962
0 0.8963636363636364 0.226775956284153 0.025454545454545455 0.04918032786885246
0 0.8090909090909091 0.1912568306010929 0.14909090909090908 0.17486338797814208
0 0.7581818181818182 0.23497267759562843 0.06909090909090909 0.07650273224043716
0 0.7854545454545454 0.30327868852459017 0.08 0.07103825136612021
0 0.730909090909091 0.3114754098360656 0.05818181818181818 0.1092896174863388
0 0.6945454545454546 0.5355191256830601 0.20363636363636364 0.29508196721311475
0 0.7436363636363637 0.73224043715847 0.2 0.22950819672131148
0 0.6927272727272727 0.8142076502732241 0.11272727272727273 0.13114754098360656
0 0.7527272727272727 0.7759562841530054 0.08 0.07650273224043716
0 0.7381818181818182 0.8442622950819673 0.02909090909090909 0.04918032786885246
0 0.82 0.8442622950819673 0.07636363636363637 0.060109289617486336
0 0.8090909090909091 0.7759562841530054 0.09818181818181818 0.15300546448087432
0 0.8163636363636364 0.587431693989071 0.06909090909090909 0.11475409836065574
0 0.7181818181818181 0.5327868852459017 0.09090909090909091 0.1366120218579235
0 0.6545454545454545 0.5437158469945356 0.06545454545454546 0.12568306010928962
0 0.6745454545454546 0.4426229508196721 0.06181818181818182 0.0546448087431694
0 0.6618181818181819 0.37158469945355194 0.02909090909090909 0.03278688524590164
0 0.7109090909090909 0.366120218579235 0.04 0.06557377049180328
0 0.7145454545454546 0.24316939890710382 0.06181818181818182 0.07103825136612021
0 0.6618181818181819 0.23770491803278687 0.02181818181818182 0.03825136612021858
0 0.6890909090909091 0.22404371584699453 0.03272727272727273 0.0546448087431694
0 0.6472727272727272 0.1994535519125683 0.13090909090909092 0.060109289617486336
0 0.6254545454545455 0.27049180327868855 0.05090909090909091 0.04918032786885246
0 0.6381818181818182 0.2568306010928962 0.06181818181818182 0.06557377049180328
0 0.6254545454545455 0.3224043715846995 0.07272727272727272 0.08743169398907104
0 0.5690909090909091 0.28688524590163933 0.06181818181818182 0.07103825136612021
0 0.5654545454545454 0.18579234972677597 0.10545454545454545 0.1092896174863388
0 0.5963636363636363 0.7978142076502732 0.08 0.15300546448087432
0 0.58 0.6939890710382514 0.08363636363636363 0.0546448087431694
0 0.5527272727272727 0.6584699453551912 0.10909090909090909 0.060109289617486336
0 0.5727272727272728 0.5983606557377049 0.08363636363636363 0.10382513661202186
0 0.22181818181818183 0.38524590163934425 0.19636363636363635 0.3770491803278688
0 0.3109090909090909 0.3797814207650273 0.06909090909090909 0.10382513661202186
0 0.14909090909090908 0.28415300546448086 0.10909090909090909 0.20765027322404372
0 0.2109090909090909 0.16666666666666666 0.05818181818181818 0.08196721311475409
0 0.1709090909090909 0.20491803278688525 0.08 0.12568306010928962
0 0.1890909090909091 0.30601092896174864 0.08 0.12021857923497267
0 0.2309090909090909 0.1912568306010929 0.025454545454545455 0.08743169398907104
0 0.2963636363636364 0.17759562841530055 0.08363636363636363 0.08196721311475409
0 0.36363636363636365 0.20491803278688525 0.07272727272727272 0.08196721311475409
0 0.3290909090909091 0.2568306010928962 0.05454545454545454 0.08743169398907104
0 0.39454545454545453 0.28415300546448086 0.06909090909090909 0.09836065573770492
0 0.36363636363636365 0.3224043715846995 0.03636363636363636 0.07650273224043716
0 0.4 0.34153005464480873 0.02909090909090909 0.04918032786885246
0 0.43272727272727274 0.37158469945355194 0.08727272727272728 0.06557377049180328
0 0.5054545454545455 0.319672131147541 0.14545454545454545 0.14754098360655737
0 0.4890909090909091 0.2459016393442623 0.20727272727272728 0.25136612021857924
0 0.5381818181818182 0.453551912568306 0.08 0.1092896174863388
0 0.5963636363636363 0.4426229508196721 0.04363636363636364 0.13114754098360656
0 0.8818181818181818 0.7786885245901639 0.04 0.07103825136612021
0 0.5181818181818182 0.819672131147541 0.06909090909090909 0.08743169398907104
0 0.48545454545454547 0.8060109289617486 0.09818181818181818 0.07103825136612021
0 0.47454545454545455 0.7295081967213115 0.05454545454545454 0.07103825136612021
0 0.52 0.7213114754098361 0.05090909090909091 0.12021857923497267
0 0.48 0.5792349726775956 0.08727272727272728 0.22950819672131148
0 0.44 0.6038251366120219 0.05090909090909091 0.11475409836065574
0 0.5290909090909091 0.6038251366120219 0.025454545454545455 0.04918032786885246
0 0.5436363636363636 0.5437158469945356 0.04727272727272727 0.060109289617486336
0 0.5818181818181818 0.5409836065573771 0.03636363636363636 0.06557377049180328
0 0.4090909090909091 0.5355191256830601 0.03272727272727273 0.0546448087431694
0 0.45454545454545453 0.453551912568306 0.09454545454545454 0.12021857923497267
0 0.36 0.47540983606557374 0.09454545454545454 0.08743169398907104
0 0.3418181818181818 0.5573770491803278 0.13818181818181818 0.16393442622950818
0 0.39636363636363636 0.644808743169399 0.03636363636363636 0.08743169398907104
0 0.31636363636363635 0.5765027322404371 0.09454545454545454 0.07103825136612021
0 0.26 0.546448087431694 0.09818181818181818 0.1092896174863388
0 0.23454545454545456 0.6229508196721312 0.04 0.03278688524590164
0 0.20363636363636364 0.6530054644808743 0.10909090909090909 0.09289617486338798
0 0.16727272727272727 0.6366120218579235 0.10181818181818182 0.08196721311475409
0 0.10545454545454545 0.5546448087431693 0.08 0.16939890710382513
0 0.16545454545454547 0.4016393442622951 0.05454545454545454 0.10382513661202186
0 0.32 0.8087431693989071 0.04363636363636364 0.13114754098360656
0 0.35818181818181816 0.7923497267759563 0.07636363636363637 0.1092896174863388
0 0.4072727272727273 0.8306010928961749 0.03636363636363636 0.07650273224043716
0 0.4254545454545455 0.7650273224043715 0.014545454545454545 0.03278688524590164
0 0.3927272727272727 0.7240437158469946 0.08 0.09289617486338798
0 0.33454545454545453 0.674863387978142 0.04363636363636364 0.04918032786885246
0 0.30363636363636365 0.7568306010928961 0.09818181818181818 0.1912568306010929
0 0.27090909090909093 0.7568306010928961 0.11272727272727273 0.18032786885245902
0 0.1709090909090909 0.7404371584699454 0.07272727272727272 0.15846994535519127
0 0.15454545454545454 0.7349726775956285 0.13454545454545455 0.11475409836065574
0 0.11454545454545455 0.7950819672131147 0.07636363636363637 0.060109289617486336