0 0.5796019900497512 0.8167330677290837 0.3034825870646766 0.26294820717131473
0 0.208955223880597 0.749003984063745 0.417910447761194 0.3904382470119522
0 0.5024875621890548 0.23705179282868527 0.3482587064676617 0.29880478087649404
0 0.1865671641791045 0.30677290836653387 0.263681592039801 0.18326693227091634
0 0.5671641791044776 0.6573705179282868 0.26865671641791045 0.0398406374501992
0 0.19651741293532338 0.5298804780876494 0.32338308457711445 0.04780876494023904
0 0.18407960199004975 0.199203187250996 0.23880597014925373 0.04780876494023904
0 0.4975124378109453 0.07569721115537849 0.2885572139303483 0.07171314741035857
0 0.582089552238806 0.8665338645418327 0.2885572139303483 0.1394422310756972
0 0.5024875621890548 0.3187250996015936 0.31840796019900497 0.11155378486055777
0 0.1865671641791045 0.33665338645418325 0.23383084577114427 0.07569721115537849
0 0.20398009950248755 0.8187250996015937 0.39800995024875624 0.22709163346613545