0 0.7018181818181818 0.46994535519125685 0.10909090909090909 0.73224043715847
0 0.7563636363636363 0.4262295081967213 0.06545454545454546 0.6885245901639344
0 0.6 0.5273224043715847 0.12363636363636364 0.7158469945355191
0 0.4672727272727273 0.5081967213114754 0.14181818181818182 0.7978142076502732
0 0.52 0.2568306010928962 0.06545454545454546 0.32786885245901637
0 0.5672727272727273 0.21311475409836064 0.05090909090909091 0.273224043715847
0 0.610909090909091 0.09836065573770492 0.05090909090909091 0.07650273224043716
0 0.5309090909090909 0.07923497267759563 0.04363636363636364 0.04918032786885246
0 0.48727272727272725 0.09289617486338798 0.03636363636363636 0.02185792349726776
0 0.43454545454545457 0.22131147540983606 0.06181818181818182 0.3551912568306011
0 0.3654545454545455 0.23497267759562843 0.06909090909090909 0.33879781420765026
0 0.34 0.4918032786885246 0.12 0.7650273224043715
0 0.33090909090909093 0.07650273224043716 0.04363636363636364 0.04371584699453552
0 0.2309090909090909 0.45901639344262296 0.11272727272727273 0.7213114754098361
0 0.17454545454545456 0.42896174863387976 0.08 0.6721311475409836
0 0.20363636363636364 0.09016393442622951 0.05818181818181818 0.04918032786885246
0 0.2509090909090909 0.1721311475409836 0.04363636363636364 0.22404371584699453
0 0.6090909090909091 0.1448087431693989 0.06181818181818182 0.03825136612021858
0 0.6927272727272727 0.09562841530054644 0.04727272727272727 0.0273224043715847
0 0.4254545454545455 0.05737704918032787 0.03636363636363636 0.01639344262295082
0 0.8018181818181818 0.3224043715846995 0.04727272727272727 0.2185792349726776
0 0.8472727272727273 0.3551912568306011 0.08727272727272728 0.22950819672131148