0 0.38009049773755654 0.47368421052631576 0.3257918552036199 0.8157894736842105
0 0.6199095022624435 0.4649122807017544 0.19004524886877827 0.631578947368421
0 0.755656108597285 0.45394736842105265 0.11764705882352941 0.5219298245614035
0 0.8529411764705882 0.43859649122807015 0.09502262443438914 0.40350877192982454
0 0.9321266968325792 0.42543859649122806 0.07239819004524888 0.2894736842105263
0 0.1425339366515837 0.48026315789473684 0.1493212669683258 0.6271929824561403
0 0.3778280542986425 0.041666666666666664 0.33031674208144796 0.06578947368421052
0 0.6176470588235294 0.13157894736842105 0.18552036199095023 0.07017543859649122
0 0.7579185520361991 0.17105263157894737 0.11312217194570136 0.05263157894736842
0 0.8529411764705882 0.21271929824561403 0.11312217194570136 0.039473684210526314
0 0.9253393665158371 0.2565789473684211 0.06787330316742081 0.039473684210526314
0 0.14479638009049775 0.13157894736842105 0.16289592760180996 0.05263157894736842