0 0.4971751412429379 0.4666666666666667 0.9943502824858758 0.9333333333333333
0 0.8389830508474576 0.47543859649122805 0.3107344632768362 0.45964912280701753
0 0.5932203389830508 0.6298245614035087 0.384180790960452 0.24912280701754386
0 0.384180790960452 0.5017543859649123 0.3728813559322034 0.23859649122807017
0 0.2175141242937853 0.7157894736842105 0.4350282485875706 0.2596491228070175
0 0.6638418079096046 0.7456140350877193 0.6610169491525424 0.3473684210526316
0 0.4209039548022599 0.25263157894736843 0.6045197740112994 0.24561403508771928
0 0.7768361581920904 0.19298245614035087 0.4350282485875706 0.16140350877192983
0 0.4350282485875706 0.10701754385964912 0.8248587570621468 0.17894736842105263
0 0.8559322033898306 0.12280701754385964 0.2768361581920904 0.22456140350877193
0 0.192090395480226 0.5350877192982456 0.3502824858757062 0.3473684210526316