0 0.8725868725868726 0.6649484536082474 0.2471042471042471 0.25773195876288657
0 0.8378378378378378 0.2345360824742268 0.23166023166023167 0.26288659793814434
0 0.4980694980694981 0.6520618556701031 0.23938223938223938 0.25257731958762886
0 0.5057915057915058 0.2190721649484536 0.21621621621621623 0.2422680412371134
0 0.16795366795366795 0.22422680412371135 0.2277992277992278 0.25257731958762886
0 0.12548262548262548 0.6469072164948454 0.25096525096525096 0.25257731958762886
0 0.8204633204633205 0.6881443298969072 0.305019305019305 0.4072164948453608
0 0.7895752895752896 0.28865979381443296 0.28185328185328185 0.3402061855670103
0 0.48841698841698844 0.28350515463917525 0.26640926640926643 0.32989690721649484
0 0.4826254826254826 0.6752577319587629 0.29343629343629346 0.3917525773195876
0 0.15444015444015444 0.6701030927835051 0.2857142857142857 0.38144329896907214
0 0.1891891891891892 0.28865979381443296 0.2625482625482625 0.32989690721649484