0 0.7625482625482626 0.5412371134020618 0.1583011583011583 0.5051546391752577
0 0.861003861003861 0.5695876288659794 0.05405405405405406 0.36597938144329895
0 0.61003861003861 0.5798969072164949 0.15444015444015444 0.4381443298969072
0 0.4594594594594595 0.5824742268041238 0.14671814671814673 0.44329896907216493
0 0.3108108108108108 0.5850515463917526 0.14285714285714285 0.42783505154639173
0 0.16216216216216217 0.5876288659793815 0.14671814671814673 0.4329896907216495
0 0.6003861003861004 0.2551546391752577 0.10424710424710425 0.22164948453608246
0 0.859073359073359 0.2706185567010309 0.11196911196911197 0.22164948453608246
0 0.4555984555984556 0.2603092783505155 0.10810810810810811 0.211340206185567
0 0.3108108108108108 0.26288659793814434 0.11196911196911197 0.21649484536082475
0 0.16602316602316602 0.26804123711340205 0.11583011583011583 0.20618556701030927