0 0.4972067039106145 0.4769503546099291 0.994413407821229 0.9539007092198581
0 0.7821229050279329 0.5478723404255319 0.4245810055865922 0.39361702127659576
0 0.3770949720670391 0.7446808510638298 0.4301675977653631 0.2127659574468085
0 0.7932960893854749 0.898936170212766 0.4022346368715084 0.09574468085106383
0 0.15363128491620112 0.3067375886524823 0.30726256983240224 0.2872340425531915
0 0.6201117318435754 0.324468085106383 0.5921787709497207 0.21631205673758866
0 0.7597765363128491 0.2074468085106383 0.4692737430167598 0.22340425531914893
0 0.22625698324022347 0.524822695035461 0.30726256983240224 0.20567375886524822
0 0.40502793296089384 0.12411347517730496 0.26256983240223464 0.19148936170212766
0 0.7960893854748603 0.07446808510638298 0.39664804469273746 0.11347517730496454
0 0.12569832402234637 0.0797872340425532 0.25139664804469275 0.1595744680851064
0 0.45251396648044695 0.07801418439716312 0.43575418994413406 0.15602836879432624
0 0.5977653631284916 0.48404255319148937 0.7932960893854749 0.5070921985815603
0 0.8156424581005587 0.8439716312056738 0.3575418994413408 0.19858156028368795
0 0.15921787709497207 0.776595744680851 0.31843575418994413 0.3262411347517731