0 0.8162939297124601 0.5093167701863354 0.1757188498402556 0.2484472049689441
0 0.6437699680511182 0.4968944099378882 0.13738019169329074 0.2981366459627329
0 0.5095846645367412 0.4472049689440994 0.11182108626198083 0.36024844720496896
0 0.3801916932907348 0.5124223602484472 0.11501597444089456 0.2422360248447205
0 0.268370607028754 0.5186335403726708 0.09584664536741214 0.18012422360248448
0 0.1501597444089457 0.5527950310559007 0.12779552715654952 0.14906832298136646
0 0.8162939297124601 0.3695652173913043 0.16932907348242812 0.06832298136645963
0 0.6437699680511182 0.3167701863354037 0.13738019169329074 0.049689440993788817
0 0.5111821086261981 0.2546583850931677 0.10862619808306709 0.049689440993788817
0 0.3801916932907348 0.36024844720496896 0.10223642172523961 0.037267080745341616
0 0.26517571884984026 0.40993788819875776 0.09584664536741214 0.037267080745341616
0 0.1501597444089457 0.45652173913043476 0.12140575079872204 0.055900621118012424