0 0.7044444444444444 0.6044444444444445 0.44 0.4266666666666667
0 0.4 0.7533333333333333 0.35555555555555557 0.36
0 0.29555555555555557 0.4288888888888889 0.4311111111111111 0.48444444444444446
0 0.7044444444444444 0.3488888888888889 0.31555555555555553 0.12
0 0.29777777777777775 0.13333333333333333 0.32 0.11555555555555555
0 0.38666666666666666 0.5333333333333333 0.3022222222222222 0.14222222222222222
0 0.72 0.6333333333333333 0.17777777777777778 0.15555555555555556
0 0.8244444444444444 0.5711111111111111 0.13777777777777778 0.15555555555555556
0 0.8755555555555555 0.6666666666666666 0.06222222222222222 0.07111111111111111
0 0.8444444444444444 0.7022222222222222 0.11555555555555555 0.10666666666666667
0 0.7111111111111111 0.7177777777777777 0.1511111111111111 0.08444444444444445
0 0.7155555555555555 0.7644444444444445 0.1688888888888889 0.06222222222222222
0 0.8177777777777778 0.7555555555555555 0.08 0.05333333333333334
0 0.6333333333333333 0.7488888888888889 0.08444444444444445 0.057777777777777775
0 0.6066666666666667 0.6666666666666666 0.07555555555555556 0.17777777777777778
0 0.6266666666666667 0.5533333333333333 0.10666666666666667 0.07555555555555556
0 0.6088888888888889 0.5288888888888889 0.11555555555555555 0.08
0 0.7222222222222222 0.5266666666666666 0.08444444444444445 0.04888888888888889
0 0.4533333333333333 0.41333333333333333 0.10666666666666667 0.08888888888888889
0 0.38222222222222224 0.37777777777777777 0.09777777777777778 0.05333333333333334
0 0.28444444444444444 0.3422222222222222 0.16 0.05333333333333334
0 0.3511111111111111 0.4266666666666667 0.12444444444444444 0.07111111111111111
0 0.2733333333333333 0.45111111111111113 0.10222222222222223 0.057777777777777775
0 0.22444444444444445 0.3977777777777778 0.1288888888888889 0.04888888888888889
0 0.18444444444444444 0.3622222222222222 0.057777777777777775 0.03111111111111111
0 0.13555555555555557 0.37555555555555553 0.057777777777777775 0.04888888888888889
0 0.13333333333333333 0.46 0.06222222222222222 0.12
0 0.2 0.46 0.08 0.1111111111111111
0 0.21777777777777776 0.5511111111111111 0.06222222222222222 0.11555555555555555
0 0.14666666666666667 0.5422222222222223 0.08888888888888889 0.044444444444444446
0 0.14222222222222222 0.5577777777777778 0.08 0.06666666666666667
0 0.15333333333333332 0.5977777777777777 0.10222222222222223 0.06666666666666667
0 0.15555555555555556 0.6222222222222222 0.10666666666666667 0.05333333333333334