0 0.8288888888888889 0.7466666666666667 0.29777777777777775 0.3022222222222222
0 0.8288888888888889 0.31333333333333335 0.29777777777777775 0.29777777777777775
0 0.5044444444444445 0.31555555555555553 0.29777777777777775 0.29333333333333333
0 0.18 0.31333333333333335 0.29777777777777775 0.29777777777777775
0 0.17777777777777778 0.7466666666666667 0.29333333333333333 0.3022222222222222
0 0.5066666666666667 0.7488888888888889 0.3022222222222222 0.30666666666666664
0 0.8266666666666667 0.5533333333333333 0.28444444444444444 0.1111111111111111
0 0.49777777777777776 0.5555555555555556 0.28444444444444444 0.10666666666666667
0 0.8266666666666667 0.11777777777777777 0.29333333333333333 0.10222222222222223
0 0.5022222222222222 0.11777777777777777 0.29333333333333333 0.10222222222222223
0 0.1711111111111111 0.11333333333333333 0.29777777777777775 0.10222222222222223
0 0.17333333333333334 0.5488888888888889 0.29333333333333333 0.10222222222222223