0 0.3015625 0.66328125 0.15234375 0.35625
0 0.48515625 0.6671875 0.15078125 0.2984375
0 0.6546875 0.7109375 0.19609375 0.28671875
0 0.85 0.70703125 0.2375 0.3015625
0 0.8796875 0.51484375 0.15703125 0.1671875
0 0.7171875 0.490625 0.12890625 0.18046875
0 0.5671875 0.48046875 0.13515625 0.14296875
0 0.421875 0.465625 0.12109375 0.13046875
0 0.17734375 0.4921875 0.2328125 0.465625
0 0.70390625 0.390625 0.1125 0.240625
0 0.56171875 0.225 0.1359375 0.1859375
0 0.55234375 0.36953125 0.1375 0.18125
0 0.39453125 0.32578125 0.16328125 0.27109375
0 0.1875 0.19921875 0.25546875 0.29453125