0 0.8955555555555555 0.6272321428571429 0.15555555555555556 0.34375
0 0.7244444444444444 0.6071428571428571 0.1688888888888889 0.375
0 0.5577777777777778 0.5267857142857143 0.17333333333333334 0.2767857142857143
0 0.35777777777777775 0.4888392857142857 0.17333333333333334 0.26339285714285715
0 0.14888888888888888 0.5357142857142857 0.23555555555555555 0.5
0 0.16444444444444445 0.7075892857142857 0.18666666666666668 0.38839285714285715
0 0.3377777777777778 0.7299107142857143 0.16 0.36160714285714285
0 0.4955555555555556 0.7455357142857143 0.14666666666666667 0.29464285714285715
0 0.6444444444444445 0.8035714285714286 0.13333333333333333 0.20535714285714285
0 0.64 0.6450892857142857 0.12444444444444444 0.12053571428571429
0 0.7266666666666667 0.38169642857142855 0.09333333333333334 0.07589285714285714
0 0.8955555555555555 0.41294642857142855 0.10222222222222223 0.07589285714285714
0 0.5 0.5379464285714286 0.12 0.11160714285714286
0 0.5511111111111111 0.35267857142857145 0.08888888888888889 0.07142857142857142
0 0.3622222222222222 0.31919642857142855 0.09333333333333334 0.07589285714285714
0 0.34 0.49776785714285715 0.1288888888888889 0.09375
0 0.16444444444444445 0.4575892857142857 0.13333333333333333 0.11160714285714286
0 0.14888888888888888 0.24553571428571427 0.09333333333333334 0.08035714285714286