0 0.8533333333333334 0.7288888888888889 0.16 0.10666666666666667
0 0.7933333333333333 0.5355555555555556 0.2088888888888889 0.28888888888888886
0 0.64 0.44666666666666666 0.19555555555555557 0.31555555555555553
0 0.5844444444444444 0.66 0.24444444444444444 0.2088888888888889
0 0.29777777777777775 0.8466666666666667 0.28444444444444444 0.17333333333333334
0 0.16666666666666666 0.5577777777777778 0.15555555555555556 0.23555555555555555
0 0.33555555555555555 0.6066666666666667 0.2088888888888889 0.28
0 0.37333333333333335 0.37333333333333335 0.24888888888888888 0.4711111111111111
0 0.8533333333333334 0.6333333333333333 0.18666666666666668 0.1111111111111111
0 0.8 0.3711111111111111 0.1688888888888889 0.07555555555555556
0 0.6466666666666666 0.26222222222222225 0.19111111111111112 0.08888888888888889
0 0.36 0.12 0.19555555555555557 0.08
0 0.5777777777777777 0.5288888888888889 0.2311111111111111 0.12444444444444444
0 0.2866666666666667 0.7444444444444445 0.26222222222222225 0.15555555555555556
0 0.3288888888888889 0.43333333333333335 0.19555555555555557 0.10222222222222223