0 0.9488888888888889 0.4866666666666667 0.057777777777777775 0.09333333333333334
0 0.09777777777777778 0.3711111111111111 0.1688888888888889 0.3422222222222222
0 0.2511111111111111 0.4 0.12 0.26666666666666666
0 0.38222222222222224 0.42 0.09777777777777778 0.21777777777777776
0 0.4911111111111111 0.43333333333333335 0.09333333333333334 0.19111111111111112
0 0.5977777777777777 0.44 0.07555555555555556 0.1688888888888889
0 0.6933333333333334 0.44666666666666666 0.08 0.16444444444444445
0 0.7822222222222223 0.45111111111111113 0.07111111111111111 0.14666666666666667
0 0.8688888888888889 0.46444444444444444 0.057777777777777775 0.1288888888888889
0 0.9422222222222222 0.9266666666666666 0.05333333333333334 0.08444444444444445
0 0.8688888888888889 0.9111111111111111 0.057777777777777775 0.11555555555555555
0 0.7888888888888889 0.9 0.07555555555555556 0.14666666666666667
0 0.6955555555555556 0.8955555555555555 0.07555555555555556 0.15555555555555556
0 0.6 0.8911111111111111 0.08 0.17333333333333334
0 0.49777777777777776 0.8777777777777778 0.08888888888888889 0.19111111111111112
0 0.3844444444444444 0.8644444444444445 0.10222222222222223 0.21777777777777776
0 0.2511111111111111 0.8488888888888889 0.12 0.26666666666666666
0 0.09111111111111111 0.8111111111111111 0.16444444444444445 0.36
0 0.9488888888888889 0.42 0.057777777777777775 0.04
0 0.8688888888888889 0.38222222222222224 0.057777777777777775 0.044444444444444446
0 0.78 0.35555555555555557 0.057777777777777775 0.044444444444444446
0 0.6933333333333334 0.34444444444444444 0.044444444444444446 0.04
0 0.5955555555555555 0.3333333333333333 0.05333333333333334 0.044444444444444446
0 0.4888888888888889 0.3111111111111111 0.05333333333333334 0.044444444444444446
0 0.38 0.2866666666666667 0.04888888888888889 0.04
0 0.24444444444444444 0.23777777777777778 0.05333333333333334 0.04
0 0.08666666666666667 0.17555555555555555 0.04888888888888889 0.04
0 0.08 0.6133333333333333 0.044444444444444446 0.044444444444444446
0 0.24444444444444444 0.6933333333333334 0.044444444444444446 0.035555555555555556
0 0.37777777777777777 0.7333333333333333 0.044444444444444446 0.035555555555555556
0 0.4911111111111111 0.76 0.04 0.035555555555555556
0 0.5955555555555555 0.7844444444444445 0.044444444444444446 0.03111111111111111
0 0.6933333333333334 0.7955555555555556 0.044444444444444446 0.035555555555555556
0 0.7822222222222223 0.8044444444444444 0.044444444444444446 0.044444444444444446
0 0.8666666666666667 0.8288888888888889 0.044444444444444446 0.04
0 0.9444444444444444 0.8688888888888889 0.04888888888888889 0.04