0 0.7683397683397684 0.6417525773195877 0.15444015444015444 0.22164948453608246
0 0.5579150579150579 0.7963917525773195 0.24324324324324326 0.211340206185567
0 0.3166023166023166 0.788659793814433 0.1776061776061776 0.09278350515463918
0 0.3996138996138996 0.7010309278350515 0.02702702702702703 0.030927835051546393
0 0.2413127413127413 0.9639175257731959 0.06563706563706563 0.061855670103092786
0 0.12548262548262548 0.9149484536082474 0.05791505791505792 0.06701030927835051
0 0.007722007722007722 0.7345360824742269 0.015444015444015444 0.06701030927835051
0 0.013513513513513514 0.6005154639175257 0.019305019305019305 0.02577319587628866
0 0.14092664092664092 0.39948453608247425 0.09652509652509653 0.05670103092783505
0 0.18146718146718147 0.32989690721649484 0.023166023166023165 0.09278350515463918
0 0.16023166023166024 0.26288659793814434 0.04247104247104247 0.030927835051546393
0 0.138996138996139 0.3427835051546392 0.023166023166023165 0.03608247422680412
0 0.14478764478764478 0.4793814432989691 0.019305019305019305 0.030927835051546393
0 0.32625482625482627 0.5283505154639175 0.02702702702702703 0.02577319587628866
0 0.30694980694980695 0.5824742268041238 0.02702702702702703 0.030927835051546393
0 0.25675675675675674 0.6082474226804123 0.08108108108108109 0.05154639175257732
0 0.30115830115830117 0.6855670103092784 0.14671814671814673 0.10309278350515463
0 0.3436293436293436 0.6572164948453608 0.03861003861003861 0.02577319587628866
0 0.4305019305019305 0.5927835051546392 0.0888030888030888 0.13402061855670103
0 0.4922779922779923 0.5025773195876289 0.04247104247104247 0.07731958762886598
0 0.5444015444015444 0.5618556701030928 0.03861003861003861 0.05154639175257732
0 0.5 0.6494845360824743 0.03474903474903475 0.041237113402061855
0 0.6544401544401545 0.6572164948453608 0.019305019305019305 0.03608247422680412
0 0.8513513513513513 0.5128865979381443 0.08108108108108109 0.12886597938144329
0 0.88996138996139 0.5850515463917526 0.03474903474903475 0.07731958762886598
0 0.9111969111969112 0.6237113402061856 0.007722007722007722 0.020618556701030927
0 0.9787644787644788 0.3917525773195876 0.03474903474903475 0.030927835051546393
0 0.8281853281853282 0.33762886597938147 0.05019305019305019 0.02577319587628866
0 0.7586872586872587 0.48195876288659795 0.03474903474903475 0.05670103092783505
0 0.7857142857142857 0.5128865979381443 0.05019305019305019 0.04639175257731959
0 0.6853281853281853 0.48711340206185566 0.04247104247104247 0.05670103092783505
0 0.637065637065637 0.4690721649484536 0.06177606177606178 0.061855670103092786
0 0.6023166023166023 0.4484536082474227 0.023166023166023165 0.041237113402061855
0 0.5868725868725869 0.5128865979381443 0.05405405405405406 0.0979381443298969
0 0.5521235521235521 0.5025773195876289 0.03088803088803089 0.05670103092783505
0 0.584942084942085 0.3943298969072165 0.02702702702702703 0.03608247422680412
0 0.583011583011583 0.3015463917525773 0.03861003861003861 0.05670103092783505
0 0.444015444015444 0.41237113402061853 0.12355212355212356 0.1958762886597938
0 0.5096525096525096 0.17783505154639176 0.03861003861003861 0.03608247422680412
0 0.5772200772200772 0.18298969072164947 0.05019305019305019 0.07731958762886598
0 0.33976833976833976 0.21391752577319587 0.08494208494208494 0.06701030927835051
0 0.3474903474903475 0.04896907216494845 0.138996138996139 0.08762886597938144
0 0.04633204633204633 0.030927835051546393 0.09266409266409266 0.061855670103092786
0 0.5231660231660231 0.015463917525773196 0.10424710424710425 0.030927835051546393
0 0.4594594594594595 0.10309278350515463 0.03088803088803089 0.041237113402061855
0 0.8281853281853282 0.11855670103092783 0.02702702702702703 0.030927835051546393
0 0.7316602316602316 0.13659793814432988 0.011583011583011582 0.02577319587628866
0 0.6795366795366795 0.13659793814432988 0.03861003861003861 0.03608247422680412
0 0.749034749034749 0.21649484536082475 0.023166023166023165 0.030927835051546393
0 0.6872586872586872 0.2551546391752577 0.023166023166023165 0.02577319587628866