0 0.9331210191082803 0.6428571428571429 0.11464968152866242 0.7018633540372671
0 0.8057324840764332 0.5652173913043478 0.12101910828025478 0.84472049689441
0 0.6831210191082803 0.5527950310559007 0.1178343949044586 0.8571428571428571
0 0.5493630573248408 0.5590062111801242 0.13694267515923567 0.8322981366459627
0 0.41878980891719747 0.5745341614906833 0.11146496815286625 0.8136645962732919
0 0.29936305732484075 0.6677018633540373 0.10828025477707007 0.6149068322981367
0 0.1751592356687898 0.5124223602484472 0.12738853503184713 0.9254658385093167
0 0.052547770700636945 0.5900621118012422 0.10509554140127389 0.8074534161490683
0 0.6815286624203821 0.10869565217391304 0.050955414012738856 0.018633540372670808
0 0.4171974522292994 0.15838509316770186 0.050955414012738856 0.018633540372670808
0 0.04777070063694268 0.17080745341614906 0.044585987261146494 0.031055900621118012