0 0.8859315589353612 0.5052083333333334 0.19011406844106463 0.5833333333333334
0 0.6920152091254753 0.5572916666666666 0.1520912547528517 0.46875
0 0.5399239543726235 0.6015625 0.12167300380228137 0.3802083333333333
0 0.4068441064638783 0.6354166666666666 0.09125475285171103 0.3229166666666667
0 0.2965779467680608 0.6666666666666666 0.08365019011406843 0.2604166666666667
0 0.21292775665399238 0.6822916666666666 0.060836501901140684 0.21875
0 0.13688212927756654 0.71875 0.045627376425855515 0.14583333333333334
0 0.07984790874524715 0.7239583333333334 0.03802281368821293 0.13541666666666666
0 0.028517110266159697 0.765625 0.034220532319391636 0.052083333333333336
0 0.8840304182509505 0.1953125 0.07984790874524715 0.057291666666666664
0 0.6939163498098859 0.2916666666666667 0.07224334600760456 0.0625
0 0.5361216730038023 0.3880208333333333 0.053231939163498096 0.057291666666666664
0 0.4049429657794677 0.4557291666666667 0.057034220532319393 0.036458333333333336
0 0.2965779467680608 0.5130208333333334 0.060836501901140684 0.046875
0 0.20532319391634982 0.5520833333333334 0.060836501901140684 0.041666666666666664
0 0.13498098859315588 0.6197916666666666 0.049429657794676805 0.041666666666666664
0 0.07984790874524715 0.6302083333333334 0.03802281368821293 0.041666666666666664
0 0.026615969581749048 0.7213541666666666 0.03802281368821293 0.036458333333333336