0 0.8688888888888889 0.6955555555555556 0.18222222222222223 0.12
0 0.8044444444444444 0.4911111111111111 0.18666666666666668 0.18222222222222223
0 0.5888888888888889 0.4622222222222222 0.16444444444444445 0.10666666666666667
0 0.4111111111111111 0.3 0.16444444444444445 0.10222222222222223
0 0.40444444444444444 0.44 0.1511111111111111 0.08
0 0.5777777777777777 0.6088888888888889 0.12444444444444444 0.10666666666666667
0 0.7066666666666667 0.6488888888888888 0.14222222222222222 0.11555555555555555
0 0.46444444444444444 0.7511111111111111 0.19111111111111112 0.11555555555555555
0 0.29777777777777775 0.6333333333333333 0.1688888888888889 0.09333333333333334
0 0.2 0.4777777777777778 0.17777777777777778 0.12
0 0.10888888888888888 0.6333333333333333 0.17333333333333334 0.10222222222222223
0 0.43555555555555553 0.5711111111111111 0.10666666666666667 0.06666666666666667
0 0.4711111111111111 0.6422222222222222 0.21333333333333335 0.09333333333333334
0 0.5911111111111111 0.5088888888888888 0.18666666666666668 0.07555555555555556
0 0.5933333333333334 0.3711111111111111 0.18222222222222223 0.08444444444444445
0 0.8022222222222222 0.4066666666666667 0.19111111111111112 0.06666666666666667
0 0.8733333333333333 0.5933333333333334 0.19111111111111112 0.07555555555555556
0 0.7555555555555555 0.56 0.24888888888888888 0.08
0 0.4111111111111111 0.2088888888888889 0.18222222222222223 0.06222222222222222
0 0.40444444444444444 0.36444444444444446 0.1688888888888889 0.07111111111111111
0 0.4066666666666667 0.5 0.16444444444444445 0.07555555555555556
0 0.29555555555555557 0.54 0.19111111111111112 0.08444444444444445
0 0.20222222222222222 0.37555555555555553 0.19111111111111112 0.07555555555555556
0 0.10222222222222223 0.54 0.1688888888888889 0.08444444444444445