0 0.8777777777777778 0.6977777777777778 0.14666666666666667 0.18666666666666668
0 0.8244444444444444 0.4533333333333333 0.15555555555555556 0.19555555555555557
0 0.74 0.6644444444444444 0.1288888888888889 0.17333333333333334
0 0.6 0.6577777777777778 0.14222222222222222 0.17777777777777778
0 0.5977777777777777 0.45111111111111113 0.14666666666666667 0.18222222222222223
0 0.43555555555555553 0.7555555555555555 0.19555555555555557 0.1511111111111111
0 0.4288888888888889 0.6244444444444445 0.13777777777777778 0.1288888888888889
0 0.4222222222222222 0.44 0.14222222222222222 0.17777777777777778
0 0.41333333333333333 0.23555555555555555 0.14222222222222222 0.17777777777777778
0 0.15555555555555556 0.45111111111111113 0.14222222222222222 0.18222222222222223
0 0.26222222222222225 0.6555555555555556 0.13333333333333333 0.17333333333333334
0 0.1111111111111111 0.6733333333333333 0.14222222222222222 0.17333333333333334
0 0.5533333333333333 0.7577777777777778 0.057777777777777775 0.17333333333333334
0 0.8777777777777778 0.5733333333333334 0.15555555555555556 0.06222222222222222
0 0.8266666666666667 0.33555555555555555 0.1511111111111111 0.057777777777777775
0 0.7533333333333333 0.5488888888888889 0.15555555555555556 0.057777777777777775
0 0.5933333333333334 0.5422222222222223 0.14666666666666667 0.05333333333333334
0 0.5888888888888889 0.3288888888888889 0.15555555555555556 0.044444444444444446
0 0.41333333333333333 0.11555555555555555 0.1511111111111111 0.035555555555555556
0 0.4177777777777778 0.3244444444444444 0.14222222222222222 0.035555555555555556
0 0.42444444444444446 0.5288888888888889 0.13777777777777778 0.05333333333333334
0 0.2577777777777778 0.5377777777777778 0.14222222222222222 0.05333333333333334
0 0.15333333333333332 0.33555555555555555 0.14666666666666667 0.04888888888888889
0 0.10888888888888888 0.5511111111111111 0.14666666666666667 0.06222222222222222