0 0.8992537313432836 0.5398936170212766 0.16417910447761194 0.9095744680851063
0 0.7425373134328358 0.5957446808510638 0.14925373134328357 0.7978723404255319
0 0.5951492537313433 0.5771276595744681 0.16791044776119404 0.8351063829787234
0 0.44029850746268656 0.5664893617021277 0.15671641791044777 0.8563829787234043
0 0.27798507462686567 0.5691489361702128 0.16044776119402984 0.851063829787234
0 0.10820895522388059 0.5186170212765957 0.1865671641791045 0.9521276595744681
0 0.8973880597014925 0.07712765957446809 0.0708955223880597 0.026595744680851064
0 0.7444029850746269 0.18882978723404256 0.0708955223880597 0.015957446808510637
0 0.5914179104477612 0.14095744680851063 0.06343283582089553 0.026595744680851064
0 0.43656716417910446 0.1196808510638298 0.07462686567164178 0.03723404255319149
0 0.27798507462686567 0.1196808510638298 0.07835820895522388 0.026595744680851064
0 0.10634328358208955 0.023936170212765957 0.07835820895522388 0.026595744680851064