0 0.6244444444444445 0.8088888888888889 0.27111111111111114 0.37333333333333335
0 0.8044444444444444 0.32 0.2577777777777778 0.35555555555555557
0 0.3711111111111111 0.32666666666666666 0.26222222222222225 0.3511111111111111
0 0.1688888888888889 0.8155555555555556 0.26666666666666666 0.3333333333333333
0 0.6244444444444445 0.5755555555555556 0.27111111111111114 0.17333333333333334
0 0.8111111111111111 0.08444444444444445 0.27111111111111114 0.1688888888888889
0 0.37333333333333335 0.09555555555555556 0.26666666666666666 0.16444444444444445
0 0.16666666666666666 0.5777777777777777 0.26222222222222225 0.17777777777777778
0 0.27555555555555555 0.20222222222222222 0.044444444444444446 0.04888888888888889
0 0.31777777777777777 0.22666666666666666 0.04888888888888889 0.02666666666666667
0 0.36666666666666664 0.24 0.04 0.05333333333333334
0 0.37555555555555553 0.20222222222222222 0.04888888888888889 0.04
0 0.4177777777777778 0.24 0.06222222222222222 0.035555555555555556
0 0.46444444444444444 0.22666666666666666 0.04 0.035555555555555556
0 0.44666666666666666 0.18 0.06666666666666667 0.03111111111111111
0 0.32 0.18444444444444444 0.044444444444444446 0.04
0 0.2866666666666667 0.25333333333333335 0.04888888888888889 0.02666666666666667
0 0.3244444444444444 0.2577777777777778 0.044444444444444446 0.035555555555555556
0 0.35777777777777775 0.28 0.04 0.02666666666666667
0 0.3977777777777778 0.27555555555555555 0.04888888888888889 0.02666666666666667
0 0.42 0.29555555555555557 0.04888888888888889 0.03111111111111111
0 0.45111111111111113 0.27111111111111114 0.057777777777777775 0.035555555555555556
0 0.4577777777777778 0.30666666666666664 0.035555555555555556 0.035555555555555556
0 0.46 0.35777777777777775 0.04888888888888889 0.057777777777777775
0 0.43333333333333335 0.33111111111111113 0.04888888888888889 0.022222222222222223
0 0.39111111111111113 0.31777777777777777 0.035555555555555556 0.022222222222222223
0 0.35777777777777775 0.28444444444444444 0.06666666666666667 0.035555555555555556
0 0.3244444444444444 0.32222222222222224 0.05333333333333334 0.06666666666666667
0 0.35777777777777775 0.3622222222222222 0.04888888888888889 0.06666666666666667
0 0.28888888888888886 0.28888888888888886 0.035555555555555556 0.035555555555555556
0 0.3 0.3333333333333333 0.04888888888888889 0.044444444444444446
0 0.32222222222222224 0.36444444444444446 0.057777777777777775 0.05333333333333334
0 0.2866666666666667 0.36444444444444446 0.03111111111111111 0.02666666666666667
0 0.30444444444444446 0.3977777777777778 0.057777777777777775 0.03111111111111111
0 0.32666666666666666 0.42 0.04888888888888889 0.03111111111111111
0 0.38 0.42444444444444446 0.08444444444444445 0.04
0 0.37555555555555553 0.3933333333333333 0.057777777777777775 0.022222222222222223
0 0.44 0.39555555555555555 0.044444444444444446 0.044444444444444446
0 0.4533333333333333 0.4311111111111111 0.06222222222222222 0.05333333333333334
0 0.4022222222222222 0.4488888888888889 0.057777777777777775 0.035555555555555556
0 0.4533333333333333 0.46444444444444444 0.06222222222222222 0.04
0 0.34 0.46 0.06666666666666667 0.03111111111111111
0 0.3377777777777778 0.42444444444444446 0.06222222222222222 0.03111111111111111
0 0.28888888888888886 0.43333333333333335 0.05333333333333334 0.04
0 0.2866666666666667 0.4622222222222222 0.04 0.035555555555555556
0 0.11333333333333333 0.7222222222222222 0.12 0.06666666666666667
0 0.21555555555555556 0.6955555555555556 0.1288888888888889 0.06666666666666667
0 0.19333333333333333 0.7911111111111111 0.12 0.12444444444444444
0 0.20666666666666667 0.8466666666666667 0.12 0.06666666666666667
0 0.11333333333333333 0.8111111111111111 0.1111111111111111 0.12
0 0.1 0.9044444444444445 0.10222222222222223 0.09333333333333334
0 0.19333333333333333 0.9066666666666666 0.13777777777777778 0.10666666666666667
0 0.5666666666666667 0.68 0.07555555555555556 0.06222222222222222
0 0.64 0.7177777777777777 0.08888888888888889 0.12
0 0.6955555555555556 0.7066666666666667 0.09333333333333334 0.07111111111111111
0 0.72 0.7466666666666667 0.05333333333333334 0.06222222222222222
0 0.5644444444444444 0.7444444444444445 0.07111111111111111 0.07555555555555556
0 0.5511111111111111 0.8 0.06222222222222222 0.06222222222222222
0 0.6511111111111111 0.7955555555555556 0.15555555555555556 0.08888888888888889
0 0.68 0.84 0.08888888888888889 0.06222222222222222
0 0.5977777777777777 0.84 0.08444444444444445 0.05333333333333334
0 0.5711111111111111 0.88 0.10222222222222223 0.08888888888888889
0 0.6777777777777778 0.8688888888888889 0.09333333333333334 0.08444444444444445
0 0.6444444444444445 0.9288888888888889 0.09777777777777778 0.05333333333333334