0 0.6475409836065574 0.8127272727272727 0.639344262295082 0.3381818181818182
0 0.22131147540983606 0.1781818181818182 0.4426229508196721 0.19636363636363635
0 0.8060109289617486 0.13454545454545455 0.3770491803278688 0.18181818181818182
0 0.6666666666666666 0.29818181818181816 0.46994535519125685 0.2690909090909091
0 0.7896174863387978 0.28363636363636363 0.4098360655737705 0.16
0 0.7295081967213115 0.41818181818181815 0.5081967213114754 0.2109090909090909
0 0.6202185792349727 0.4890909090909091 0.4207650273224044 0.2509090909090909
0 0.6666666666666666 0.6036363636363636 0.4808743169398907 0.19636363636363635
0 0.2677595628415301 0.6854545454545454 0.5355191256830601 0.2581818181818182
0 0.226775956284153 0.5690909090909091 0.453551912568306 0.2727272727272727
0 0.32786885245901637 0.4890909090909091 0.5573770491803278 0.26545454545454544
0 0.27049180327868855 0.3781818181818182 0.4972677595628415 0.23272727272727273
0 0.32786885245901637 0.24181818181818182 0.45901639344262296 0.23636363636363636