0 0.7443181818181818 0.5297202797202797 0.32954545454545453 0.7657342657342657
0 0.9119318181818182 0.4527972027972028 0.16477272727272727 0.5909090909090909
0 0.5909090909090909 0.493006993006993 0.1590909090909091 0.6573426573426573
0 0.48863636363636365 0.45454545454545453 0.17045454545454544 0.5734265734265734
0 0.24431818181818182 0.5262237762237763 0.29545454545454547 0.7307692307692307
0 0.14772727272727273 0.46503496503496505 0.11363636363636363 0.5944055944055944
0 0.07386363636363637 0.4597902097902098 0.13636363636363635 0.5699300699300699
0 0.8948863636363636 0.1520979020979021 0.11931818181818182 0.017482517482517484
0 0.7159090909090909 0.14160839160839161 0.14772727272727273 0.024475524475524476
0 0.6164772727272727 0.1555944055944056 0.07386363636363637 0.024475524475524476
0 0.48863636363636365 0.1590909090909091 0.10227272727272728 0.024475524475524476
0 0.2556818181818182 0.14685314685314685 0.14772727272727273 0.027972027972027972
0 0.16477272727272727 0.15734265734265734 0.045454545454545456 0.013986013986013986
0 0.06818181818181818 0.16783216783216784 0.10227272727272728 0.027972027972027972