0 0.9133333333333333 0.48 0.14666666666666667 0.5244444444444445
0 0.7466666666666667 0.4777777777777778 0.1511111111111111 0.52
0 0.5822222222222222 0.4777777777777778 0.1511111111111111 0.52
0 0.41555555555555557 0.47555555555555556 0.14666666666666667 0.5244444444444445
0 0.24888888888888888 0.4822222222222222 0.1511111111111111 0.52
0 0.08 0.4777777777777778 0.1511111111111111 0.52
0 0.9088888888888889 0.20444444444444446 0.06666666666666667 0.02666666666666667
0 0.7466666666666667 0.20444444444444446 0.06222222222222222 0.02666666666666667
0 0.58 0.20666666666666667 0.06666666666666667 0.022222222222222223
0 0.4066666666666667 0.20222222222222222 0.06666666666666667 0.022222222222222223
0 0.24444444444444444 0.20444444444444446 0.06222222222222222 0.02666666666666667
0 0.07777777777777778 0.20222222222222222 0.06666666666666667 0.022222222222222223