0 0.5177777777777778 0.6688888888888889 0.3244444444444444 0.5111111111111111
0 0.82 0.47555555555555556 0.3511111111111111 0.7022222222222222
0 0.6288888888888889 0.3422222222222222 0.06666666666666667 0.18666666666666668
0 0.35333333333333333 0.37777777777777777 0.25333333333333335 0.3022222222222222
0 0.17777777777777778 0.31333333333333335 0.16 0.28888888888888886
0 0.05555555555555555 0.2644444444444444 0.1111111111111111 0.26222222222222225
0 0.8466666666666667 0.06444444444444444 0.29777777777777775 0.12
0 0.27111111111111114 0.6955555555555556 0.2311111111111111 0.29777777777777775
0 0.62 0.22666666666666666 0.08444444444444445 0.05333333333333334
0 0.3511111111111111 0.18444444444444444 0.2577777777777778 0.1288888888888889
0 0.5444444444444444 0.13111111111111112 0.23555555555555555 0.1111111111111111
0 0.6222222222222222 0.04888888888888889 0.2222222222222222 0.08888888888888889
0 0.4955555555555556 0.017777777777777778 0.2088888888888889 0.035555555555555556
0 0.4111111111111111 0.07777777777777778 0.25333333333333335 0.09333333333333334
0 0.21777777777777776 0.1288888888888889 0.24888888888888888 0.12444444444444444
0 0.28444444444444444 0.03777777777777778 0.2311111111111111 0.07555555555555556
0 0.1 0.08222222222222222 0.2 0.12