0 0.7072727272727273 0.5901639344262295 0.2290909090909091 0.16393442622950818
0 0.6927272727272727 0.4453551912568306 0.14909090909090908 0.1912568306010929
0 0.7290909090909091 0.4644808743169399 0.06181818181818182 0.09836065573770492
0 0.6145454545454545 0.41530054644808745 0.08727272727272728 0.07650273224043716
0 0.66 0.366120218579235 0.06909090909090909 0.06557377049180328
0 0.6327272727272727 0.2814207650273224 0.15272727272727274 0.15846994535519127
0 0.6145454545454545 0.20491803278688525 0.11636363636363636 0.1366120218579235
0 0.5945454545454546 0.08743169398907104 0.10545454545454545 0.08743169398907104
0 0.5309090909090909 0.060109289617486336 0.11636363636363636 0.12021857923497267
0 0.41818181818181815 0.273224043715847 0.38545454545454544 0.16393442622950818
0 0.2690909090909091 0.6584699453551912 0.2909090909090909 0.2568306010928962
0 0.48 0.5355191256830601 0.27636363636363637 0.2185792349726776
0 0.4581818181818182 0.5901639344262295 0.12363636363636364 0.22950819672131148
0 0.21272727272727274 0.5519125683060109 0.13454545454545455 0.24043715846994534
0 0.056363636363636366 0.46174863387978143 0.11272727272727273 0.1366120218579235
0 0.13272727272727272 0.4453551912568306 0.08363636363636363 0.10382513661202186
0 0.26545454545454544 0.46994535519125685 0.26181818181818184 0.25136612021857924
0 0.2927272727272727 0.3797814207650273 0.14909090909090908 0.09289617486338798
0 0.44181818181818183 0.3989071038251366 0.2 0.14207650273224043
0 0.28363636363636363 0.3251366120218579 0.11636363636363636 0.11475409836065574
0 0.15818181818181817 0.273224043715847 0.14181818181818182 0.14207650273224043
0 0.34545454545454546 0.13934426229508196 0.17454545454545456 0.1366120218579235
0 0.4509090909090909 0.15300546448087432 0.22545454545454546 0.16393442622950818
0 0.38727272727272727 0.06284153005464481 0.1709090909090909 0.12568306010928962
0 0.21636363636363637 0.1366120218579235 0.2290909090909091 0.18579234972677597
0 0.12363636363636364 0.1885245901639344 0.24727272727272728 0.23497267759562843
0 0.07818181818181819 0.33879781420765026 0.15636363636363637 0.17486338797814208
0 0.17272727272727273 0.04371584699453552 0.2872727272727273 0.08743169398907104