0 0.6688888888888889 0.5088888888888888 0.23555555555555555 0.49333333333333335
0 0.3488888888888889 0.5422222222222223 0.24444444444444444 0.6044444444444445
0 0.6711111111111111 0.21333333333333335 0.14222222222222222 0.11555555555555555
0 0.6266666666666667 0.7911111111111111 0.13333333333333333 0.12444444444444444
0 0.2088888888888889 0.28888888888888886 0.09777777777777778 0.08888888888888889
0 0.1688888888888889 0.4066666666666667 0.07111111111111111 0.057777777777777775
0 0.34 0.05555555555555555 0.09333333333333334 0.08444444444444445
0 0.3 0.11777777777777777 0.6 0.23555555555555555
0 0.6311111111111111 0.1111111111111111 0.12444444444444444 0.07111111111111111
0 0.5088888888888888 0.24666666666666667 0.19111111111111112 0.10222222222222223
0 0.44 0.3 0.05333333333333334 0.1111111111111111
0 0.49333333333333335 0.36444444444444446 0.08888888888888889 0.07111111111111111
0 0.5066666666666667 0.4533333333333333 0.06222222222222222 0.05333333333333334
0 0.13333333333333333 0.3244444444444444 0.26666666666666666 0.3377777777777778