0 0.7671232876712328 0.5673913043478261 0.3744292237442922 0.27391304347826084
0 0.7488584474885844 0.6630434782608695 0.4931506849315068 0.3
0 0.684931506849315 0.3391304347826087 0.273972602739726 0.19130434782608696
0 0.6598173515981736 0.40869565217391307 0.3698630136986301 0.14782608695652175
0 0.6415525114155252 0.21521739130434783 0.2237442922374429 0.13478260869565217
0 0.6141552511415526 0.27608695652173915 0.2876712328767123 0.10869565217391304
0 0.24429223744292236 0.5717391304347826 0.3972602739726027 0.2565217391304348
0 0.24429223744292236 0.691304347826087 0.4885844748858447 0.2956521739130435
0 0.319634703196347 0.3673913043478261 0.2831050228310502 0.1956521739130435
0 0.2945205479452055 0.41956521739130437 0.3607305936073059 0.15217391304347827
0 0.3264840182648402 0.22391304347826088 0.2237442922374429 0.12608695652173912
0 0.319634703196347 0.27391304347826084 0.2831050228310502 0.0782608695652174