0 0.862934362934363 0.5489690721649485 0.16602316602316602 0.37628865979381443
0 0.6776061776061776 0.37628865979381443 0.1969111969111969 0.25773195876288657
0 0.7316602316602316 0.6288659793814433 0.11969111969111969 0.28865979381443296
0 0.6274131274131274 0.711340206185567 0.11969111969111969 0.29896907216494845
0 0.5347490347490348 0.5283505154639175 0.18146718146718147 0.5515463917525774
0 0.4594594594594595 0.7474226804123711 0.14671814671814673 0.26804123711340205
0 0.3088803088803089 0.5902061855670103 0.1776061776061776 0.4175257731958763
0 0.40540540540540543 0.3556701030927835 0.20077220077220076 0.5463917525773195
0 0.1274131274131274 0.6520618556701031 0.138996138996139 0.36597938144329895
0 0.17567567567567569 0.4948453608247423 0.20463320463320464 0.4639175257731959
0 0.30694980694980695 0.8427835051546392 0.15057915057915058 0.0979381443298969
0 0.6293436293436293 0.5283505154639175 0.13127413127413126 0.0979381443298969
0 0.7277992277992278 0.4484536082474227 0.13513513513513514 0.09278350515463918
0 0.8648648648648649 0.327319587628866 0.16216216216216217 0.07731958762886598
0 0.6602316602316602 0.21391752577319587 0.16216216216216217 0.07731958762886598
0 0.17374517374517376 0.22422680412371135 0.20077220077220076 0.0979381443298969
0 0.30694980694980695 0.35051546391752575 0.17374517374517376 0.09278350515463918
0 0.11583011583011583 0.4329896907216495 0.14671814671814673 0.09278350515463918
0 0.5328185328185329 0.22164948453608246 0.09266409266409266 0.061855670103092786