0 0.7045454545454546 0.6989528795811518 0.20454545454545456 0.21465968586387435
0 0.7083333333333334 0.3324607329842932 0.21212121212121213 0.21465968586387435
0 0.4715909090909091 0.33507853403141363 0.20833333333333334 0.19895287958115182
0 0.23484848484848486 0.3298429319371728 0.20454545454545456 0.2094240837696335
0 0.22727272727272727 0.6963350785340314 0.20454545454545456 0.2094240837696335
0 0.4621212121212121 0.6989528795811518 0.20454545454545456 0.21465968586387435
0 0.7083333333333334 0.19109947643979058 0.18181818181818182 0.1099476439790576
0 0.7007575757575758 0.5523560209424084 0.17424242424242425 0.1099476439790576
0 0.4696969696969697 0.18848167539267016 0.17424242424242425 0.09424083769633508
0 0.4640151515151515 0.5445026178010471 0.17803030303030304 0.09424083769633508
0 0.23106060606060605 0.17801047120418848 0.18181818181818182 0.10471204188481675
0 0.22916666666666666 0.5497382198952879 0.17803030303030304 0.09424083769633508