0 0.9272727272727272 0.5491803278688525 0.13818181818181818 0.8469945355191257
0 0.7781818181818182 0.5382513661202186 0.16 0.8469945355191257
0 0.9054545454545454 0.2677595628415301 0.12363636363636364 0.39344262295081966
0 0.8909090909090909 0.226775956284153 0.08727272727272728 0.4098360655737705
0 0.6236363636363637 0.5437158469945356 0.14909090909090908 0.8469945355191257
0 0.4727272727272727 0.546448087431694 0.15272727272727274 0.8415300546448088
0 0.32545454545454544 0.5437158469945356 0.15636363636363637 0.8360655737704918
0 0.17636363636363636 0.5437158469945356 0.1709090909090909 0.8360655737704918
0 0.05454545454545454 0.5437158469945356 0.10909090909090909 0.8579234972677595
0 0.056363636363636366 0.28415300546448086 0.11272727272727273 0.4262295081967213
0 0.07272727272727272 0.20491803278688525 0.09454545454545454 0.3770491803278688
0 0.20545454545454545 0.28415300546448086 0.12 0.4262295081967213
0 0.21818181818181817 0.23770491803278687 0.10181818181818182 0.43169398907103823
0 0.34545454545454546 0.27595628415300544 0.10181818181818182 0.4207650273224044
0 0.36 0.21311475409836064 0.10181818181818182 0.39344262295081966
0 0.4818181818181818 0.25136612021857924 0.13454545454545455 0.36065573770491804
0 0.48363636363636364 0.1994535519125683 0.12363636363636364 0.3551912568306011
0 0.6236363636363637 0.2540983606557377 0.13454545454545455 0.3770491803278688
0 0.7527272727272727 0.25136612021857924 0.12363636363636364 0.3825136612021858
0 0.6036363636363636 0.21584699453551912 0.10181818181818182 0.3879781420765027
0 0.7436363636363637 0.20491803278688525 0.11272727272727273 0.366120218579235