0 0.8523489932885906 0.5 0.18791946308724833 0.7396449704142012
0 0.662751677852349 0.5266272189349113 0.15100671140939598 0.6982248520710059
0 0.5033557046979866 0.5414201183431953 0.1476510067114094 0.6686390532544378
0 0.3540268456375839 0.5532544378698225 0.13087248322147652 0.6568047337278107
0 0.2063758389261745 0.5621301775147929 0.14429530201342283 0.6390532544378699
0 0.0738255033557047 0.5828402366863905 0.087248322147651 0.5857988165680473
0 0.07214765100671142 0.2603550295857988 0.050335570469798654 0.05917159763313609
0 0.2063758389261745 0.21893491124260356 0.08389261744966443 0.07100591715976332
0 0.3573825503355705 0.1952662721893491 0.07718120805369127 0.05917159763313609
0 0.5033557046979866 0.17751479289940827 0.087248322147651 0.05917159763313609
0 0.662751677852349 0.15680473372781065 0.11073825503355705 0.05325443786982249
0 0.8540268456375839 0.09763313609467456 0.13087248322147652 0.05325443786982249