0 0.8112449799196787 0.754950495049505 0.28112449799196787 0.3217821782178218
0 0.8092369477911646 0.30198019801980197 0.285140562248996 0.31683168316831684
0 0.4919678714859438 0.30445544554455445 0.2931726907630522 0.3217821782178218
0 0.1706827309236948 0.3094059405940594 0.285140562248996 0.3217821782178218
0 0.1686746987951807 0.7524752475247525 0.2891566265060241 0.31683168316831684
0 0.4919678714859438 0.754950495049505 0.285140562248996 0.3118811881188119
0 0.8112449799196787 0.5445544554455446 0.2570281124497992 0.10891089108910891
0 0.8092369477911646 0.09405940594059406 0.26907630522088355 0.10891089108910891
0 0.4899598393574297 0.09900990099009901 0.26506024096385544 0.10891089108910891
0 0.4939759036144578 0.5470297029702971 0.2570281124497992 0.10396039603960396
0 0.1706827309236948 0.5470297029702971 0.26104417670682734 0.10396039603960396
0 0.1686746987951807 0.09900990099009901 0.2570281124497992 0.10891089108910891