0 0.6881443298969072 0.5057692307692307 0.31443298969072164 0.25
0 0.7989690721649485 0.8096153846153846 0.31958762886597936 0.2423076923076923
0 0.36597938144329895 0.5057692307692307 0.30927835051546393 0.25769230769230766
0 0.5154639175257731 0.20961538461538462 0.23711340206185566 0.25769230769230766
0 0.5257731958762887 0.8038461538461539 0.2268041237113402 0.25384615384615383
0 0.2551546391752577 0.8057692307692308 0.30412371134020616 0.25769230769230766
0 0.6443298969072165 0.36346153846153845 0.20618556701030927 0.05
0 0.5077319587628866 0.05961538461538462 0.22164948453608246 0.04230769230769231
0 0.3917525773195876 0.3596153846153846 0.20618556701030927 0.03461538461538462
0 0.5180412371134021 0.6480769230769231 0.20103092783505155 0.05
0 0.7577319587628866 0.6519230769230769 0.20618556701030927 0.05
0 0.2860824742268041 0.6576923076923077 0.20103092783505155 0.046153846153846156