0 0.46651785714285715 0.4955555555555556 0.35267857142857145 0.7688888888888888
0 0.14732142857142858 0.35777777777777775 0.20535714285714285 0.10222222222222223
0 0.060267857142857144 0.34444444444444444 0.10267857142857142 0.1288888888888889
0 0.029017857142857144 0.2688888888888889 0.05803571428571429 0.03111111111111111
0 0.05357142857142857 0.16666666666666666 0.09821428571428571 0.04
0 0.12723214285714285 0.14888888888888888 0.04017857142857143 0.04888888888888889
0 0.15625 0.17555555555555555 0.03571428571428571 0.03111111111111111
0 0.14732142857142858 0.2111111111111111 0.044642857142857144 0.03111111111111111
0 0.17857142857142858 0.21555555555555556 0.017857142857142856 0.013333333333333334
0 0.18973214285714285 0.18 0.03125 0.03111111111111111
0 0.22544642857142858 0.18888888888888888 0.03125 0.03111111111111111
0 0.19866071428571427 0.22 0.05803571428571429 0.022222222222222223