0 0.4896907216494845 0.5269230769230769 0.5670103092783505 0.6307692307692307
0 0.9355670103092784 0.3076923076923077 0.11855670103092783 0.2076923076923077
0 0.8505154639175257 0.2980769230769231 0.07216494845360824 0.21923076923076923
0 0.7912371134020618 0.3019230769230769 0.07731958762886598 0.18846153846153846
0 0.5180412371134021 0.05 0.07731958762886598 0.07692307692307693
0 0.5850515463917526 0.03461538461538462 0.0979381443298969 0.06923076923076923
0 0.6701030927835051 0.025 0.07216494845360824 0.05
0 0.7371134020618557 0.019230769230769232 0.07216494845360824 0.038461538461538464
0 0.7190721649484536 0.08076923076923077 0.5515463917525774 0.16153846153846155
0 0.49742268041237114 0.7384615384615385 0.9948453608247423 0.5153846153846153
0 0.49742268041237114 0.19423076923076923 0.4175257731958763 0.08076923076923077