0 0.7688888888888888 0.42444444444444446 0.14222222222222222 0.5733333333333334
0 0.6555555555555556 0.46444444444444444 0.14666666666666667 0.6
0 0.6666666666666666 0.22444444444444445 0.12444444444444444 0.24444444444444444
0 0.58 0.2644444444444444 0.09333333333333334 0.27111111111111114
0 0.6044444444444445 0.19777777777777777 0.06222222222222222 0.24444444444444444
0 0.46444444444444444 0.21555555555555556 0.057777777777777775 0.24444444444444444
0 0.5155555555555555 0.5044444444444445 0.1511111111111111 0.6266666666666667
0 0.3688888888888889 0.5466666666666666 0.17777777777777778 0.6577777777777778
0 0.43777777777777777 0.30444444444444446 0.09333333333333334 0.28888888888888886
0 0.2688888888888889 0.48444444444444446 0.1288888888888889 0.6133333333333333
0 0.3466666666666667 0.17555555555555555 0.05333333333333334 0.12
0 0.2111111111111111 0.4266666666666667 0.1288888888888889 0.5688888888888889