0 0.88 0.5710382513661202 0.16 0.7923497267759563
0 0.9763636363636363 0.6502732240437158 0.04 0.6229508196721312
0 0.8254545454545454 0.3825136612021858 0.05090909090909091 0.24043715846994534
0 0.7218181818181818 0.5983606557377049 0.14909090909090908 0.7377049180327869
0 0.5890909090909091 0.6147540983606558 0.13090909090909092 0.7158469945355191
0 0.58 0.30601092896174864 0.15636363636363637 0.5573770491803278
0 0.44545454545454544 0.5218579234972678 0.15636363636363637 0.9453551912568307
0 0.32727272727272727 0.5792349726775956 0.18181818181818182 0.8306010928961749
0 0.24181818181818182 0.3005464480874317 0.11272727272727273 0.5027322404371585
0 0.1690909090909091 0.5573770491803278 0.15636363636363637 0.8743169398907104
0 0.07454545454545454 0.4972677595628415 0.14909090909090908 0.994535519125683