0 0.7799227799227799 0.5489690721649485 0.4092664092664093 0.8917525773195877
0 0.44787644787644787 0.5154639175257731 0.2857142857142857 0.6597938144329897
0 0.26833976833976836 0.5051546391752577 0.1274131274131274 0.44329896907216493
0 0.17567567567567569 0.5128865979381443 0.1274131274131274 0.31443298969072164
0 0.12548262548262548 0.5025773195876289 0.11196911196911197 0.23195876288659795
0 0.04633204633204633 0.5077319587628866 0.08494208494208494 0.18041237113402062
0 0.7876447876447876 0.08247422680412371 0.37065637065637064 0.14432989690721648
0 0.4517374517374517 0.14948453608247422 0.2702702702702703 0.09278350515463918
0 0.27413127413127414 0.25257731958762886 0.10810810810810811 0.061855670103092786
0 0.1718146718146718 0.31958762886597936 0.11196911196911197 0.05154639175257732
0 0.09652509652509653 0.35309278350515466 0.04633204633204633 0.04639175257731959
0 0.03474903474903475 0.3943298969072165 0.0694980694980695 0.04639175257731959