0 0.6872727272727273 0.855191256830601 0.26181818181818184 0.2786885245901639
0 0.9236363636363636 0.8661202185792349 0.14545454545454545 0.2568306010928962
0 0.9218181818181819 0.6065573770491803 0.14909090909090908 0.7759562841530054
0 0.7072727272727273 0.644808743169399 0.21454545454545454 0.28415300546448086
0 0.5145454545454545 0.6775956284153005 0.23636363636363636 0.6338797814207651
0 0.2545454545454545 0.7978142076502732 0.2109090909090909 0.39344262295081966
0 0.12181818181818181 0.6639344262295082 0.2 0.6612021857923497
0 0.3181818181818182 0.6174863387978142 0.16363636363636364 0.73224043715847
0 0.46 0.33060109289617484 0.12 0.47540983606557374
0 0.12 0.2459016393442623 0.16 0.19672131147540983
0 0.6181818181818182 0.34972677595628415 0.13818181818181818 0.34972677595628415
0 0.76 0.39617486338797814 0.16 0.21311475409836064