0 0.6962962962962963 0.767379679144385 0.16296296296296298 0.34759358288770054
0 0.7962962962962963 0.44919786096256686 0.31851851851851853 0.7379679144385026
0 0.5055555555555555 0.7754010695187166 0.13703703703703704 0.32085561497326204
0 0.5111111111111111 0.5133689839572193 0.2518518518518518 0.5989304812834224
0 0.3425925925925926 0.8181818181818182 0.11481481481481481 0.23529411764705882
0 0.29444444444444445 0.5668449197860963 0.1962962962962963 0.5240641711229946
0 0.2 0.8235294117647058 0.0962962962962963 0.22459893048128343
0 0.11851851851851852 0.6256684491978609 0.16296296296296298 0.35294117647058826
0 0.6981481481481482 0.5641711229946524 0.16666666666666666 0.10160427807486631
0 0.7981481481481482 0.053475935828877004 0.18888888888888888 0.0748663101604278
0 0.5092592592592593 0.18181818181818182 0.17407407407407408 0.06417112299465241
0 0.5018518518518519 0.5828877005347594 0.13703703703703704 0.0748663101604278
0 0.28888888888888886 0.27807486631016043 0.15555555555555556 0.0748663101604278
0 0.3388888888888889 0.6631016042780749 0.11481481481481481 0.0748663101604278
0 0.1962962962962963 0.6737967914438503 0.0962962962962963 0.0748663101604278
0 0.11481481481481481 0.4144385026737968 0.13333333333333333 0.06951871657754011