0 0.94 0.9508196721311475 0.11272727272727273 0.08743169398907104
0 0.8836363636363637 0.8387978142076503 0.10909090909090909 0.11475409836065574
0 0.9527272727272728 0.7950819672131147 0.08727272727272728 0.11475409836065574
0 0.730909090909091 0.9207650273224044 0.14545454545454545 0.14754098360655737
0 0.649090909090909 0.953551912568306 0.07636363636363637 0.08196721311475409
0 0.5818181818181818 0.8360655737704918 0.14545454545454545 0.12021857923497267
0 0.4890909090909091 0.4562841530054645 0.12727272727272726 0.2459016393442623
0 0.6981818181818182 0.2568306010928962 0.10181818181818182 0.12021857923497267
0 0.8254545454545454 0.25136612021857924 0.10909090909090909 0.09836065573770492
0 0.9309090909090909 0.3442622950819672 0.13090909090909092 0.17486338797814208
0 0.5072727272727273 0.21311475409836064 0.2290909090909091 0.17486338797814208
0 0.6127272727272727 0.24316939890710382 0.12 0.1366120218579235
0 0.37272727272727274 0.2677595628415301 0.15636363636363637 0.18579234972677597
0 0.28909090909090907 0.3087431693989071 0.14909090909090908 0.22404371584699453
0 0.1781818181818182 0.3907103825136612 0.16727272727272727 0.2786885245901639
0 0.38 0.5819672131147541 0.26545454545454544 0.2896174863387978
0 0.5690909090909091 0.5273224043715847 0.2727272727272727 0.22404371584699453
0 0.7327272727272728 0.4644808743169399 0.3236363636363636 0.22950819672131148
0 0.8690909090909091 0.6775956284153005 0.2545454545454545 0.2185792349726776
0 0.9236363636363636 0.5 0.14545454545454545 0.1912568306010929
0 0.6527272727272727 0.3524590163934426 0.2509090909090909 0.16939890710382513
0 0.7163636363636363 0.3442622950819672 0.22545454545454546 0.17486338797814208
0 0.5563636363636364 0.5683060109289617 0.18181818181818182 0.2185792349726776
0 0.6581818181818182 0.7786885245901639 0.24727272727272728 0.2459016393442623
0 0.8745454545454545 0.7404371584699454 0.24363636363636362 0.3005464480874317
0 0.42363636363636364 0.7622950819672131 0.23636363636363636 0.22404371584699453
0 0.24 0.7841530054644809 0.1890909090909091 0.20218579234972678
0 0.1618181818181818 0.8524590163934426 0.11272727272727273 0.15300546448087432
0 0.26 0.9480874316939891 0.06909090909090909 0.09289617486338798
0 0.14363636363636365 0.7377049180327869 0.2290909090909091 0.24043715846994534
0 0.1709090909090909 0.5846994535519126 0.24727272727272728 0.26229508196721313
0 0.06 0.5519125683060109 0.12 0.28415300546448086
0 0.15636363636363637 0.33060109289617484 0.27636363636363637 0.3442622950819672