0 0.9454545454545454 0.6284153005464481 0.10181818181818182 0.08743169398907104
0 0.88 0.6967213114754098 0.23272727272727273 0.16939890710382513
0 0.9363636363636364 0.819672131147541 0.12 0.07650273224043716
0 0.9181818181818182 0.8715846994535519 0.15636363636363637 0.10382513661202186
0 0.9781818181818182 0.9781420765027322 0.03636363636363636 0.03278688524590164
0 0.7963636363636364 0.9371584699453552 0.24 0.11475409836065574
0 0.8145454545454546 0.9699453551912568 0.1890909090909091 0.04918032786885246
0 0.5636363636363636 0.9562841530054644 0.23272727272727273 0.07650273224043716
0 0.18 0.953551912568306 0.3018181818181818 0.08196721311475409
0 0.5309090909090909 0.8579234972677595 0.5890909090909091 0.19672131147540983
0 0.5254545454545455 0.7786885245901639 0.26545454545454544 0.14754098360655737
0 0.6418181818181818 0.7377049180327869 0.31636363636363635 0.17486338797814208
0 0.7290909090909091 0.7103825136612022 0.2727272727272727 0.17486338797814208
0 0.7 0.5710382513661202 0.23636363636363636 0.08196721311475409
0 0.5127272727272727 0.5792349726775956 0.2109090909090909 0.08743169398907104
0 0.5036363636363637 0.644808743169399 0.2872727272727273 0.07650273224043716
0 0.4 0.7349726775956285 0.21818181818181817 0.07103825136612021
0 0.11818181818181818 0.587431693989071 0.23636363636363636 0.10382513661202186
0 0.19454545454545455 0.5273224043715847 0.2 0.07103825136612021
0 0.18 0.680327868852459 0.36 0.18032786885245902
0 0.12363636363636364 0.8169398907103825 0.24727272727272728 0.09289617486338798
0 0.09636363636363636 0.8907103825136612 0.19272727272727272 0.12021857923497267