0 0.9204892966360856 0.7694805194805194 0.07951070336391437 0.2922077922077922
0 0.8195718654434251 0.7564935064935064 0.06116207951070336 0.3051948051948052
0 0.7232415902140673 0.8311688311688312 0.08256880733944955 0.16883116883116883
0 0.9220183486238532 0.2727272727272727 0.08256880733944955 0.33766233766233766
0 0.8073394495412844 0.30844155844155846 0.07951070336391437 0.2662337662337662
0 0.7018348623853211 0.275974025974026 0.06422018348623854 0.33116883116883117
0 0.6024464831804281 0.2597402597402597 0.07951070336391437 0.36363636363636365
0 0.4877675840978593 0.31493506493506496 0.08256880733944955 0.24025974025974026
0 0.38073394495412843 0.2597402597402597 0.08256880733944955 0.35064935064935066
0 0.2782874617737003 0.33116883116883117 0.07951070336391437 0.2077922077922078
0 0.17889908256880735 0.2922077922077922 0.0581039755351682 0.2987012987012987
0 0.0764525993883792 0.2987012987012987 0.09174311926605505 0.2857142857142857
0 0.06880733944954129 0.75 0.08256880733944955 0.3181818181818182
0 0.1651376146788991 0.801948051948052 0.0672782874617737 0.2012987012987013
0 0.27522935779816515 0.762987012987013 0.11009174311926606 0.2922077922077922
0 0.3837920489296636 0.8344155844155844 0.07033639143730887 0.16233766233766234
0 0.4923547400611621 0.7662337662337663 0.11009174311926606 0.2987012987012987
0 0.6116207951070336 0.775974025974026 0.09174311926605505 0.2662337662337662
0 0.9220183486238532 0.6103896103896104 0.0764525993883792 0.025974025974025976
0 0.8195718654434251 0.5941558441558441 0.05504587155963303 0.032467532467532464
0 0.9204892966360856 0.08441558441558442 0.06116207951070336 0.025974025974025976
0 0.6987767584097859 0.09090909090909091 0.027522935779816515 0.025974025974025976
0 0.7232415902140673 0.7337662337662337 0.08256880733944955 0.012987012987012988
0 0.6100917431192661 0.6201298701298701 0.07033639143730887 0.045454545454545456
0 0.4892966360856269 0.6006493506493507 0.07951070336391437 0.032467532467532464
0 0.4908256880733945 0.18181818181818182 0.0764525993883792 0.03896103896103896
0 0.6024464831804281 0.06493506493506493 0.04281345565749235 0.025974025974025976
0 0.38073394495412843 0.07142857142857142 0.039755351681957186 0.025974025974025976
0 0.38685015290519875 0.7305194805194806 0.07033639143730887 0.01948051948051948
0 0.27370030581039756 0.5974025974025974 0.06422018348623854 0.025974025974025976
0 0.27675840978593275 0.21428571428571427 0.0581039755351682 0.025974025974025976
0 0.18042813455657492 0.12337662337662338 0.04281345565749235 0.025974025974025976
0 0.16666666666666666 0.685064935064935 0.0581039755351682 0.032467532467532464
0 0.07033639143730887 0.564935064935065 0.05504587155963303 0.05194805194805195
0 0.0764525993883792 0.1396103896103896 0.07951070336391437 0.032467532467532464
0 0.808868501529052 0.15584415584415584 0.0764525993883792 0.05194805194805195