0 0.7377777777777778 0.18 0.32 0.3422222222222222
0 0.4777777777777778 0.19777777777777777 0.28888888888888886 0.28
0 0.25555555555555554 0.19111111111111112 0.28 0.2577777777777778
0 0.19333333333333333 0.39555555555555555 0.3333333333333333 0.20444444444444446
0 0.4577777777777778 0.32222222222222224 0.16 0.057777777777777775
0 0.5888888888888889 0.5044444444444445 0.17333333333333334 0.13777777777777778
0 0.8222222222222222 0.3511111111111111 0.28444444444444444 0.13333333333333333
0 0.8044444444444444 0.4533333333333333 0.3466666666666667 0.14222222222222222
0 0.4666666666666667 0.4711111111111111 0.1688888888888889 0.08888888888888889
0 0.46444444444444444 0.37777777777777777 0.17333333333333334 0.12444444444444444
0 0.3244444444444444 0.5555555555555556 0.3022222222222222 0.14222222222222222
0 0.12444444444444444 0.7244444444444444 0.08888888888888889 0.12444444444444444
0 0.17555555555555555 0.6733333333333333 0.08444444444444445 0.07555555555555556
0 0.18888888888888888 0.7533333333333333 0.08444444444444445 0.12
0 0.26666666666666666 0.7733333333333333 0.08888888888888889 0.14222222222222222
0 0.31777777777777777 0.7355555555555555 0.09333333333333334 0.1288888888888889
0 0.25555555555555554 0.6866666666666666 0.07555555555555556 0.06666666666666667
0 0.6088888888888889 0.6466666666666666 0.1511111111111111 0.10222222222222223
0 0.5911111111111111 0.68 0.1688888888888889 0.06222222222222222
0 0.5177777777777778 0.7511111111111111 0.14666666666666667 0.10666666666666667
0 0.5 0.7844444444444445 0.16444444444444445 0.057777777777777775
0 0.6533333333333333 0.8155555555555556 0.1511111111111111 0.10222222222222223
0 0.7444444444444445 0.7044444444444444 0.14666666666666667 0.10222222222222223
0 0.8777777777777778 0.7733333333333333 0.14666666666666667 0.09777777777777778
0 0.7888888888888889 0.8777777777777778 0.14666666666666667 0.10222222222222223
0 0.64 0.8488888888888889 0.1688888888888889 0.06222222222222222
0 0.7733333333333333 0.9155555555555556 0.1688888888888889 0.06222222222222222
0 0.8622222222222222 0.8066666666666666 0.16 0.057777777777777775
0 0.7288888888888889 0.7377777777777778 0.1688888888888889 0.06222222222222222