0 0.76 0.5466666666666666 0.2311111111111111 0.24
0 0.8577777777777778 0.5044444444444445 0.24 0.2088888888888889
0 0.5111111111111111 0.6311111111111111 0.26666666666666666 0.2577777777777778
0 0.24888888888888888 0.5466666666666666 0.24888888888888888 0.24
0 0.13555555555555557 0.49777777777777776 0.23555555555555555 0.2222222222222222
0 0.5111111111111111 0.44 0.27555555555555555 0.12444444444444444
0 0.7622222222222222 0.37333333333333335 0.24444444444444444 0.12444444444444444
0 0.8577777777777778 0.33111111111111113 0.2222222222222222 0.12
0 0.6155555555555555 0.32222222222222224 0.22666666666666666 0.10222222222222223
0 0.5066666666666667 0.3488888888888889 0.24888888888888888 0.07555555555555556
0 0.37777777777777777 0.30666666666666664 0.2311111111111111 0.07111111111111111
0 0.25555555555555554 0.37333333333333335 0.24444444444444444 0.12444444444444444
0 0.13333333333333333 0.3244444444444444 0.2311111111111111 0.10666666666666667