0 0.9047619047619048 0.60625 0.12063492063492064 0.775
0 0.8269841269841269 0.58125 0.15555555555555556 0.825
0 0.7095238095238096 0.559375 0.2 0.86875
0 0.5047619047619047 0.5125 0.24761904761904763 0.9625
0 0.33650793650793653 0.553125 0.19682539682539682 0.88125
0 0.19047619047619047 0.578125 0.19047619047619047 0.83125
0 0.10317460317460317 0.596875 0.1365079365079365 0.79375
0 0.5079365079365079 0.075 0.14603174603174604 0.075
0 0.6904761904761905 0.159375 0.12380952380952381 0.05625
0 0.8031746031746032 0.20625 0.10158730158730159 0.05
0 0.8809523809523809 0.240625 0.06666666666666667 0.04375
0 0.3682539682539683 0.14375 0.12698412698412698 0.075
0 0.22063492063492063 0.196875 0.11746031746031746 0.06875
0 0.13174603174603175 0.225 0.07301587301587302 0.0375