0 0.9247104247104247 0.729381443298969 0.14285714285714285 0.4690721649484536
0 0.7297297297297297 0.7190721649484536 0.2084942084942085 0.4793814432989691
0 0.8996138996138996 0.5180412371134021 0.19305019305019305 0.5103092783505154
0 0.9034749034749034 0.19072164948453607 0.18532818532818532 0.23711340206185566
0 0.6795366795366795 0.17525773195876287 0.2548262548262548 0.21649484536082475
0 0.6640926640926641 0.5128865979381443 0.277992277992278 0.520618556701031
0 0.5096525096525096 0.7036082474226805 0.22393822393822393 0.4793814432989691
0 0.277992277992278 0.6984536082474226 0.23166023166023167 0.4690721649484536
0 0.38223938223938225 0.5644329896907216 0.2857142857142857 0.4072164948453608
0 0.42084942084942084 0.27319587628865977 0.2702702702702703 0.21649484536082475
0 0.14092664092664092 0.25773195876288657 0.26640926640926643 0.21649484536082475
0 0.11969111969111969 0.5489690721649485 0.23938223938223938 0.4175257731958763