0 0.6555555555555556 0.5488888888888889 0.26222222222222225 0.26222222222222225
0 0.7133333333333334 0.8244444444444444 0.22666666666666666 0.23555555555555555
0 0.5244444444444445 0.8511111111111112 0.2222222222222222 0.22666666666666666
0 0.3933333333333333 0.5488888888888889 0.24444444444444444 0.26222222222222225
0 0.52 0.2288888888888889 0.26666666666666666 0.28
0 0.3 0.8333333333333334 0.21777777777777776 0.23555555555555555
0 0.6244444444444445 0.39111111111111113 0.18222222222222223 0.07111111111111111
0 0.6866666666666666 0.6777777777777778 0.16444444444444445 0.10222222222222223
0 0.5088888888888888 0.6911111111111111 0.18222222222222223 0.1111111111111111
0 0.36666666666666664 0.38222222222222224 0.17333333333333334 0.07111111111111111
0 0.4866666666666667 0.057777777777777775 0.17333333333333334 0.07111111111111111
0 0.28444444444444444 0.6777777777777778 0.1688888888888889 0.1111111111111111