0 0.9187279151943463 0.8117977528089888 0.15547703180212014 0.3651685393258427
0 0.7332155477031802 0.8061797752808989 0.2579505300353357 0.37640449438202245
0 0.8674911660777385 0.49719101123595505 0.23674911660777384 0.3651685393258427
0 0.9204946996466431 0.16853932584269662 0.1519434628975265 0.33707865168539325
0 0.7243816254416962 0.17696629213483145 0.2332155477031802 0.3539325842696629
0 0.6183745583038869 0.5056179775280899 0.22614840989399293 0.3595505617977528
0 0.4911660777385159 0.8174157303370787 0.22614840989399293 0.3539325842696629
0 0.3586572438162544 0.5028089887640449 0.22968197879858657 0.3651685393258427
0 0.4840989399293286 0.18258426966292135 0.2332155477031802 0.3651685393258427
0 0.24911660777385158 0.17415730337078653 0.22968197879858657 0.34831460674157305
0 0.0636042402826855 0.17415730337078653 0.127208480565371 0.34831460674157305
0 0.1166077738515901 0.5 0.2332155477031802 0.3595505617977528
0 0.061837455830388695 0.8146067415730337 0.12367491166077739 0.3595505617977528
0 0.2420494699646643 0.8117977528089888 0.23674911660777384 0.3651685393258427