0 0.8644444444444445 0.9044444444444445 0.14666666666666667 0.1111111111111111
0 0.94 0.8466666666666667 0.1111111111111111 0.12
0 0.96 0.92 0.07111111111111111 0.08
0 0.7088888888888889 0.9222222222222223 0.1111111111111111 0.09333333333333334
0 0.7022222222222222 0.8422222222222222 0.12444444444444444 0.06666666666666667
0 0.7688888888888888 0.8311111111111111 0.12444444444444444 0.09777777777777778
0 0.8577777777777778 0.7488888888888889 0.14222222222222222 0.13777777777777778
0 0.9444444444444444 0.7755555555555556 0.10222222222222223 0.09333333333333334
0 0.9266666666666666 0.68 0.13777777777777778 0.10666666666666667
0 0.9222222222222223 0.5511111111111111 0.14666666666666667 0.16
0 0.9177777777777778 0.4177777777777778 0.15555555555555556 0.16
0 0.8444444444444444 0.2577777777777778 0.20444444444444446 0.11555555555555555
0 0.96 0.26666666666666666 0.07111111111111111 0.1688888888888889
0 0.8955555555555555 0.12222222222222222 0.15555555555555556 0.1111111111111111
0 0.9533333333333334 0.13333333333333333 0.08444444444444445 0.16
0 0.76 0.16444444444444445 0.10666666666666667 0.11555555555555555
0 0.7733333333333333 0.07333333333333333 0.08 0.1111111111111111
0 0.8911111111111111 0.042222222222222223 0.15555555555555556 0.06666666666666667
0 0.6977777777777778 0.32 0.12444444444444444 0.16
0 0.6933333333333334 0.44 0.09777777777777778 0.08888888888888889
0 0.7355555555555555 0.5088888888888888 0.08444444444444445 0.07555555555555556
0 0.8022222222222222 0.5133333333333333 0.08444444444444445 0.07555555555555556
0 0.7666666666666667 0.5711111111111111 0.14666666666666667 0.07555555555555556
0 0.8111111111111111 0.6333333333333333 0.10222222222222223 0.10222222222222223
0 0.7355555555555555 0.6533333333333333 0.08444444444444445 0.08888888888888889
0 0.7622222222222222 0.74 0.09333333333333334 0.1111111111111111
0 0.6888888888888889 0.7533333333333333 0.12444444444444444 0.12
0 0.02666666666666667 0.04666666666666667 0.05333333333333334 0.08444444444444445
0 0.08222222222222222 0.05333333333333334 0.06666666666666667 0.08
0 0.14666666666666667 0.044444444444444446 0.08 0.08
0 0.22444444444444445 0.03777777777777778 0.08444444444444445 0.057777777777777775
0 0.2911111111111111 0.035555555555555556 0.04888888888888889 0.044444444444444446
0 0.36 0.03777777777777778 0.07111111111111111 0.04888888888888889
0 0.41333333333333333 0.04888888888888889 0.035555555555555556 0.07111111111111111
0 0.46 0.03111111111111111 0.07555555555555556 0.044444444444444446
0 0.5933333333333334 0.17777777777777778 0.10222222222222223 0.16
0 0.7022222222222222 0.13555555555555557 0.09777777777777778 0.16444444444444445
0 0.5155555555555555 0.09555555555555556 0.14222222222222222 0.12
0 0.5777777777777777 0.04888888888888889 0.16 0.08
0 0.7244444444444444 0.05555555555555555 0.13333333333333333 0.08444444444444445
0 0.41555555555555557 0.13555555555555557 0.08444444444444445 0.09333333333333334
0 0.3511111111111111 0.1288888888888889 0.11555555555555555 0.06222222222222222
0 0.33555555555555555 0.18666666666666668 0.1111111111111111 0.07111111111111111
0 0.43777777777777777 0.2311111111111111 0.1288888888888889 0.11555555555555555
0 0.5155555555555555 0.21777777777777776 0.08888888888888889 0.08888888888888889
0 0.43777777777777777 0.33555555555555555 0.14666666666666667 0.08444444444444445
0 0.5777777777777777 0.29333333333333333 0.12444444444444444 0.10666666666666667
0 0.48 0.7533333333333333 0.18666666666666668 0.12
0 0.4311111111111111 0.8311111111111111 0.10666666666666667 0.06222222222222222
0 0.5088888888888888 0.8777777777777778 0.1111111111111111 0.1288888888888889
0 0.4444444444444444 0.8977777777777778 0.12444444444444444 0.12444444444444444
0 0.3711111111111111 0.8888888888888888 0.10222222222222223 0.11555555555555555
0 0.4866666666666667 0.6111111111111112 0.1111111111111111 0.14666666666666667
0 0.5844444444444444 0.5977777777777777 0.12 0.1111111111111111
0 0.6066666666666667 0.5155555555555555 0.12 0.13333333333333333
0 0.5577777777777778 0.4266666666666667 0.12 0.08888888888888889
0 0.5111111111111111 0.4622222222222222 0.1688888888888889 0.14222222222222222
0 0.3488888888888889 0.4577777777777778 0.10222222222222223 0.12444444444444444
0 0.32222222222222224 0.5577777777777778 0.07555555555555556 0.1111111111111111
0 0.4022222222222222 0.6111111111111112 0.08444444444444445 0.07555555555555556
0 0.3511111111111111 0.6711111111111111 0.07111111111111111 0.10666666666666667
0 0.23555555555555555 0.10888888888888888 0.11555555555555555 0.08444444444444445
0 0.24 0.18444444444444444 0.08888888888888889 0.09333333333333334
0 0.03111111111111111 0.1288888888888889 0.05333333333333334 0.10666666666666667
0 0.11333333333333333 0.13777777777777778 0.12 0.06222222222222222
0 0.15777777777777777 0.19333333333333333 0.10222222222222223 0.06666666666666667
0 0.08222222222222222 0.21777777777777776 0.04888888888888889 0.08888888888888889
0 0.14444444444444443 0.27555555555555555 0.12 0.09777777777777778
0 0.22 0.3488888888888889 0.18222222222222223 0.14666666666666667
0 0.3244444444444444 0.3022222222222222 0.14222222222222222 0.13333333333333333
0 0.1688888888888889 0.39555555555555555 0.12444444444444444 0.08888888888888889
0 0.25333333333333335 0.47555555555555556 0.12444444444444444 0.09777777777777778
0 0.15333333333333332 0.4577777777777778 0.07555555555555556 0.07111111111111111
0 0.07777777777777778 0.4022222222222222 0.1288888888888889 0.15555555555555556
0 0.042222222222222223 0.4711111111111111 0.08444444444444445 0.1511111111111111
0 0.10222222222222223 0.5155555555555555 0.11555555555555555 0.08888888888888889
0 0.12 0.5777777777777777 0.14222222222222222 0.11555555555555555
0 0.24666666666666667 0.6466666666666666 0.1111111111111111 0.1288888888888889
0 0.2088888888888889 0.5577777777777778 0.10666666666666667 0.06666666666666667
0 0.12222222222222222 0.6666666666666666 0.1288888888888889 0.14222222222222222
0 0.2288888888888889 0.7666666666666667 0.10222222222222223 0.07555555555555556
0 0.3333333333333333 0.78 0.14222222222222222 0.12
0 0.27111111111111114 0.8577777777777778 0.13333333333333333 0.09777777777777778
0 0.28444444444444444 0.9111111111111111 0.12444444444444444 0.10666666666666667
0 0.07111111111111111 0.8466666666666667 0.08 0.057777777777777775
0 0.1111111111111111 0.8755555555555555 0.10666666666666667 0.08888888888888889
0 0.19777777777777777 0.84 0.12 0.10666666666666667
0 0.04888888888888889 0.9222222222222223 0.09777777777777778 0.08444444444444445
0 0.028888888888888888 0.8177777777777778 0.057777777777777775 0.16
0 0.1288888888888889 0.7888888888888889 0.14222222222222222 0.09333333333333334
0 0.028888888888888888 0.6933333333333334 0.057777777777777775 0.09777777777777778
0 0.028888888888888888 0.5955555555555555 0.057777777777777775 0.10666666666666667
0 0.042222222222222223 0.3244444444444444 0.08444444444444445 0.14222222222222222
0 0.035555555555555556 0.21777777777777776 0.07111111111111111 0.08
0 0.8311111111111111 0.42 0.17777777777777778 0.16444444444444445