0 0.9161490683229814 0.5064102564102564 0.16149068322981366 0.2692307692307692
0 0.9875776397515528 0.32371794871794873 0.018633540372670808 0.04487179487179487
0 0.8478260869565217 0.8493589743589743 0.12422360248447205 0.28846153846153844
0 0.5372670807453416 0.8269230769230769 0.12422360248447205 0.15384615384615385
0 0.7779503105590062 0.46794871794871795 0.07763975155279502 0.11538461538461539
0 0.7950310559006211 0.30128205128205127 0.049689440993788817 0.11538461538461539
0 0.7375776397515528 0.21474358974358973 0.052795031055900624 0.16025641025641027
0 0.7220496894409938 0.05448717948717949 0.06521739130434782 0.09615384615384616
0 0.8260869565217391 0.00641025641025641 0.018633540372670808 0.01282051282051282
0 0.5217391304347826 0.03205128205128205 0.07453416149068323 0.0641025641025641
0 0.6009316770186336 0.028846153846153848 0.021739130434782608 0.057692307692307696
0 0.6211180124223602 0.057692307692307696 0.024844720496894408 0.02564102564102564
0 0.5077639751552795 0.14423076923076922 0.040372670807453416 0.04487179487179487
0 0.5590062111801242 0.1346153846153846 0.037267080745341616 0.0641025641025641
0 0.593167701863354 0.18269230769230768 0.07453416149068323 0.09615384615384616
0 0.5869565217391305 0.34615384615384615 0.049689440993788817 0.1282051282051282
0 0.48757763975155277 0.25961538461538464 0.09316770186335403 0.14743589743589744
0 0.5077639751552795 0.34615384615384615 0.06521739130434782 0.0641025641025641
0 0.4673913043478261 0.5032051282051282 0.08385093167701864 0.14743589743589744
0 0.5590062111801242 0.5256410256410257 0.07453416149068323 0.1282051282051282
0 0.5605590062111802 0.6314102564102564 0.12111801242236025 0.1346153846153846
0 0.6211180124223602 0.6153846153846154 0.037267080745341616 0.07692307692307693
0 0.43788819875776397 0.7532051282051282 0.08695652173913043 0.33974358974358976
0 0.36180124223602483 0.9006410256410257 0.17701863354037267 0.1858974358974359
0 0.19875776397515527 0.6955128205128205 0.14285714285714285 0.17307692307692307
0 0.19099378881987578 0.9102564102564102 0.11490683229813664 0.05128205128205128
0 0.18012422360248448 0.8493589743589743 0.055900621118012424 0.09615384615384616
0 0.21583850931677018 0.7980769230769231 0.040372670807453416 0.04487179487179487
0 0.2593167701863354 0.8365384615384616 0.034161490683229816 0.04487179487179487
0 0.32142857142857145 0.6185897435897436 0.07763975155279502 0.12179487179487179
0 0.3105590062111801 0.6923076923076923 0.031055900621118012 0.07692307692307693
0 0.31521739130434784 0.7628205128205128 0.046583850931677016 0.08974358974358974
0 0.34006211180124224 0.8141025641025641 0.021739130434782608 0.02564102564102564
0 0.3555900621118012 0.46153846153846156 0.06521739130434782 0.11538461538461539
0 0.2546583850931677 0.40705128205128205 0.09316770186335403 0.1346153846153846
0 0.2888198757763975 0.5128205128205128 0.09316770186335403 0.11538461538461539
0 0.36335403726708076 0.16666666666666666 0.15527950310559005 0.16666666666666666
0 0.296583850931677 0.26282051282051283 0.12111801242236025 0.08974358974358974
0 0.234472049689441 0.0641025641025641 0.059006211180124224 0.11538461538461539
0 0.2096273291925466 0.14423076923076922 0.027950310559006212 0.057692307692307696
0 0.21739130434782608 0.22435897435897437 0.055900621118012424 0.07692307692307693
0 0.15683229813664595 0.16987179487179488 0.052795031055900624 0.07051282051282051
0 0.10248447204968944 0.20192307692307693 0.08695652173913043 0.16025641025641027
0 0.03881987577639751 0.28846153846153844 0.07142857142857142 0.1794871794871795
0 0.023291925465838508 0.15384615384615385 0.046583850931677016 0.23076923076923078
0 0.11335403726708075 0.40705128205128205 0.09627329192546584 0.23717948717948717
0 0.05434782608695652 0.3557692307692308 0.027950310559006212 0.07051282051282051
0 0.040372670807453416 0.5096153846153846 0.08074534161490683 0.1987179487179487