0 0.8262548262548263 0.3479381443298969 0.08494208494208494 0.14948453608247422
0 0.7644787644787645 0.13659793814432988 0.04633204633204633 0.05670103092783505
0 0.8223938223938224 0.041237113402061855 0.04633204633204633 0.08247422680412371
0 0.8648648648648649 0.015463917525773196 0.04633204633204633 0.030927835051546393
0 0.6467181467181468 0.041237113402061855 0.04247104247104247 0.08247422680412371
0 0.5482625482625483 0.13659793814432988 0.11583011583011583 0.04639175257731959
0 0.5038610038610039 0.09536082474226804 0.03474903474903475 0.03608247422680412
0 0.638996138996139 0.24742268041237114 0.02702702702702703 0.020618556701030927
0 0.5656370656370656 0.38917525773195877 0.03474903474903475 0.04639175257731959
0 0.5347490347490348 0.44072164948453607 0.0888030888030888 0.03608247422680412
0 0.5328185328185329 0.6134020618556701 0.29343629343629346 0.26804123711340205
0 0.9517374517374517 0.5773195876288659 0.0888030888030888 0.13402061855670103
0 0.22007722007722008 0.845360824742268 0.06177606177606178 0.041237113402061855
0 0.3436293436293436 0.5876288659793815 0.03088803088803089 0.030927835051546393
0 0.2722007722007722 0.45103092783505155 0.24324324324324326 0.22164948453608246
0 0.4362934362934363 0.43556701030927836 0.03861003861003861 0.04639175257731959
0 0.36293436293436293 0.35309278350515466 0.16988416988416988 0.12886597938144329
0 0.28378378378378377 0.19329896907216496 0.02702702702702703 0.0979381443298969
0 0.4247104247104247 0.14948453608247422 0.05405405405405406 0.13402061855670103
0 0.4498069498069498 0.21391752577319587 0.019305019305019305 0.015463917525773196
0 0.38996138996138996 0.08762886597938144 0.0694980694980695 0.17525773195876287
0 0.032818532818532815 0.22938144329896906 0.05019305019305019 0.03608247422680412
0 0.07722007722007722 0.5876288659793815 0.15444015444015444 0.26804123711340205
0 0.04054054054054054 0.9149484536082474 0.08108108108108109 0.12886597938144329