0 0.9678111587982833 0.8148148148148148 0.055793991416309016 0.18518518518518517
0 0.9163090128755365 0.7870370370370371 0.13304721030042918 0.10185185185185185
0 0.851931330472103 0.44212962962962965 0.2017167381974249 0.4861111111111111
0 0.9699570815450643 0.625 0.05150214592274678 0.07407407407407407
0 0.9678111587982833 0.5185185185185185 0.055793991416309016 0.1111111111111111
0 0.944206008583691 0.5 0.04291845493562232 0.06481481481481481
0 0.9506437768240343 0.3726851851851852 0.09012875536480687 0.18981481481481483
0 0.927038626609442 0.2037037037037037 0.13733905579399142 0.18518518518518517
0 0.9463519313304721 0.06712962962962964 0.09871244635193133 0.13425925925925927
0 0.8068669527896996 0.0787037037037037 0.1630901287553648 0.1574074074074074
0 0.8390557939914163 0.11342592592592593 0.14163090128755365 0.1712962962962963
0 0.8304721030042919 0.1875 0.055793991416309016 0.06944444444444445
0 0.6716738197424893 0.5185185185185185 0.26180257510729615 0.26851851851851855
0 0.6802575107296137 0.6111111111111112 0.21888412017167383 0.12962962962962962
0 0.6330472103004292 0.5416666666666666 0.22746781115879827 0.2222222222222222
0 0.7660944206008584 0.7777777777777778 0.27896995708154504 0.23148148148148148
0 0.7896995708154506 0.8101851851851852 0.18025751072961374 0.17592592592592593
0 0.8841201716738197 0.8564814814814815 0.10300429184549356 0.06481481481481481
0 0.7532188841201717 0.8796296296296297 0.12446351931330472 0.07407407407407407
0 0.45278969957081544 0.7615740740740741 0.48497854077253216 0.22685185185185186
0 0.3583690987124464 0.8865740740740741 0.1759656652360515 0.06018518518518518
0 0.5622317596566524 0.8796296296296297 0.24892703862660945 0.06481481481481481
0 0.14163090128755365 0.7546296296296297 0.24892703862660945 0.32407407407407407
0 0.05150214592274678 0.8472222222222222 0.10300429184549356 0.1388888888888889
0 0.1072961373390558 0.6921296296296297 0.2145922746781116 0.19907407407407407
0 0.12446351931330472 0.6342592592592593 0.24034334763948498 0.3333333333333333
0 0.3240343347639485 0.6481481481481481 0.2446351931330472 0.12037037037037036
0 0.36909871244635195 0.5208333333333334 0.3948497854077253 0.375
0 0.6266094420600858 0.4097222222222222 0.33476394849785407 0.35648148148148145
0 0.6888412017167382 0.2337962962962963 0.12446351931330472 0.06944444444444445
0 0.6072961373390557 0.25 0.0815450643776824 0.1111111111111111
0 0.4699570815450644 0.3194444444444444 0.21888412017167383 0.16666666666666666
0 0.3218884120171674 0.2662037037037037 0.22317596566523606 0.14351851851851852
0 0.3218884120171674 0.35185185185185186 0.2575107296137339 0.2037037037037037
0 0.13090128755364808 0.41203703703703703 0.22746781115879827 0.5648148148148148
0 0.11158798283261803 0.4236111111111111 0.22317596566523606 0.25462962962962965
0 0.04291845493562232 0.16666666666666666 0.08583690987124463 0.25925925925925924
0 0.2167381974248927 0.12731481481481483 0.2875536480686695 0.25462962962962965
0 0.3562231759656652 0.06712962962962964 0.1888412017167382 0.125
0 0.5343347639484979 0.125 0.5021459227467812 0.2037037037037037
0 0.5450643776824035 0.04398148148148148 0.2575107296137339 0.08796296296296297