0 0.6860902255639098 0.6031746031746031 0.32706766917293234 0.26455026455026454
0 0.8327067669172933 0.5608465608465608 0.32706766917293234 0.3915343915343915
0 0.7969924812030075 0.8121693121693122 0.39849624060150374 0.164021164021164
0 0.49624060150375937 0.7142857142857143 0.21804511278195488 0.2962962962962963
0 0.4774436090225564 0.5714285714285714 0.18796992481203006 0.3492063492063492
0 0.36278195488721804 0.5317460317460317 0.24436090225563908 0.18518518518518517
0 0.35902255639097747 0.21428571428571427 0.5526315789473685 0.3544973544973545
0 0.18984962406015038 0.2328042328042328 0.36466165413533835 0.30687830687830686
0 0.16165413533834586 0.4021164021164021 0.20300751879699247 0.24338624338624337
0 0.10714285714285714 0.05026455026455026 0.21428571428571427 0.10052910052910052
0 0.5225563909774437 0.17989417989417988 0.6766917293233082 0.35978835978835977
0 0.8590225563909775 0.21693121693121692 0.2744360902255639 0.43386243386243384
0 0.8909774436090225 0.42592592592592593 0.21052631578947367 0.2698412698412698