0 0.9260869565217391 0.906392694063927 0.1391304347826087 0.1780821917808219
0 0.8673913043478261 0.8538812785388128 0.07391304347826087 0.1187214611872146
0 0.9217391304347826 0.769406392694064 0.0782608695652174 0.1141552511415525
0 0.9434782608695652 0.680365296803653 0.10434782608695652 0.273972602739726
0 0.8347826086956521 0.723744292237443 0.10434782608695652 0.1415525114155251
0 0.8652173913043478 0.6232876712328768 0.11304347826086956 0.0776255707762557
0 0.8521739130434782 0.5091324200913242 0.22608695652173913 0.1872146118721461
0 0.9586956521739131 0.4292237442922374 0.07391304347826087 0.1643835616438356
0 0.9521739130434783 0.3036529680365297 0.08695652173913043 0.0867579908675799
0 0.9521739130434783 0.18036529680365296 0.08695652173913043 0.1780821917808219
0 0.8347826086956521 0.3675799086757991 0.20869565217391303 0.1506849315068493
0 0.7652173913043478 0.6643835616438356 0.08695652173913043 0.1780821917808219
0 0.7282608695652174 0.726027397260274 0.12608695652173912 0.1643835616438356
0 0.782608695652174 0.821917808219178 0.08695652173913043 0.091324200913242
0 0.7760869565217391 0.91324200913242 0.08260869565217391 0.1004566210045662
0 0.7978260869565217 0.910958904109589 0.14347826086956522 0.1050228310502283
0 0.6760869565217391 0.9497716894977168 0.11739130434782609 0.091324200913242
0 0.6456521739130435 0.8378995433789954 0.16956521739130434 0.2054794520547945
0 0.5695652173913044 0.7602739726027398 0.16521739130434782 0.1963470319634703
0 0.6739130434782609 0.6073059360730594 0.1391304347826087 0.1187214611872146
0 0.5978260869565217 0.502283105022831 0.16956521739130434 0.228310502283105
0 0.6826086956521739 0.4726027397260274 0.08695652173913043 0.1050228310502283
0 0.6739130434782609 0.3972602739726027 0.13043478260869565 0.182648401826484
0 0.7456521739130435 0.3264840182648402 0.09130434782608696 0.1141552511415525
0 0.8152173913043478 0.2876712328767123 0.09130434782608696 0.091324200913242
0 0.8586956521739131 0.22602739726027396 0.11739130434782609 0.1415525114155251
0 0.3804347826086957 0.9703196347031964 0.08260869565217391 0.0502283105022831
0 0.45652173913043476 0.9246575342465754 0.09565217391304348 0.1232876712328767
0 0.5478260869565217 0.9452054794520548 0.09565217391304348 0.1004566210045662
0 0.3130434782608696 0.9497716894977168 0.06086956521739131 0.0821917808219178
0 0.2543478260869565 0.906392694063927 0.09130434782608696 0.1232876712328767
0 0.24565217391304348 0.9748858447488584 0.08260869565217391 0.0410958904109589
0 0.19130434782608696 0.952054794520548 0.06086956521739131 0.0776255707762557
0 0.33695652173913043 0.8835616438356164 0.14347826086956522 0.1415525114155251
0 0.391304347826087 0.7922374429223744 0.17391304347826086 0.1872146118721461
0 0.45652173913043476 0.7054794520547946 0.10434782608695652 0.0958904109589041
0 0.05 0.9018264840182648 0.1 0.1506849315068493
0 0.08695652173913043 0.9657534246575342 0.1565217391304348 0.0593607305936073
0 0.10434782608695652 0.8538812785388128 0.19130434782608696 0.136986301369863
0 0.20217391304347826 0.8242009132420092 0.16956521739130434 0.1689497716894977
0 0.15 0.7442922374429224 0.10869565217391304 0.0730593607305936
0 0.26304347826086955 0.7579908675799086 0.09130434782608696 0.091324200913242
0 0.3065217391304348 0.678082191780822 0.10869565217391304 0.1324200913242009
0 0.35 0.6118721461187214 0.08260869565217391 0.136986301369863
0 0.1934782608695652 0.6164383561643836 0.16956521739130434 0.228310502283105
0 0.09782608695652174 0.6438356164383562 0.07391304347826087 0.1095890410958904
0 0.08695652173913043 0.7009132420091324 0.0782608695652174 0.0958904109589041
0 0.034782608695652174 0.7077625570776256 0.06956521739130435 0.1917808219178082
0 0.06086956521739131 0.6506849315068494 0.05217391304347826 0.0684931506849315
0 0.04565217391304348 0.6118721461187214 0.04782608695652174 0.0547945205479452
0 0.06739130434782609 0.5365296803652968 0.06521739130434782 0.1232876712328767
0 0.4391304347826087 0.5388127853881278 0.2 0.2557077625570776
0 0.4152173913043478 0.3698630136986301 0.10869565217391304 0.1278538812785388
0 0.5108695652173914 0.3721461187214612 0.12608695652173912 0.0958904109589041
0 0.5260869565217391 0.3082191780821918 0.12173913043478261 0.0593607305936073
0 0.6195652173913043 0.2191780821917808 0.20434782608695654 0.228310502283105
0 0.6826086956521739 0.13013698630136986 0.1391304347826087 0.1324200913242009
0 0.7369565217391304 0.0730593607305936 0.14347826086956522 0.1461187214611872
0 0.841304347826087 0.091324200913242 0.1956521739130435 0.1735159817351598
0 0.8978260869565218 0.04794520547945205 0.1956521739130435 0.0958904109589041
0 0.5934782608695652 0.05251141552511415 0.18695652173913044 0.1050228310502283
0 0.45652173913043476 0.09360730593607305 0.20869565217391303 0.1689497716894977
0 0.38913043478260867 0.1780821917808219 0.1608695652173913 0.136986301369863
0 0.46956521739130436 0.228310502283105 0.12173913043478261 0.0821917808219178
0 0.40652173913043477 0.2625570776255708 0.1608695652173913 0.1232876712328767
0 0.2891304347826087 0.3378995433789954 0.13478260869565217 0.1917808219178082
0 0.34130434782608693 0.3949771689497717 0.11739130434782609 0.0867579908675799
0 0.24130434782608695 0.4178082191780822 0.06521739130434782 0.0593607305936073
0 0.24347826086956523 0.5 0.11304347826086956 0.0958904109589041
0 0.15434782608695652 0.454337899543379 0.15217391304347827 0.1506849315068493
0 0.1108695652173913 0.4406392694063927 0.11739130434782609 0.0958904109589041
0 0.03695652173913044 0.4223744292237443 0.07391304347826087 0.1324200913242009
0 0.0391304347826087 0.3036529680365297 0.0782608695652174 0.1324200913242009
0 0.13695652173913042 0.2785388127853881 0.14347826086956522 0.1461187214611872
0 0.21739130434782608 0.2237442922374429 0.1565217391304348 0.091324200913242
0 0.17608695652173914 0.15296803652968036 0.14347826086956522 0.1506849315068493
0 0.2543478260869565 0.1324200913242009 0.09130434782608696 0.1187214611872146
0 0.3065217391304348 0.08447488584474885 0.10869565217391304 0.1324200913242009
0 0.35434782608695653 0.06164383561643835 0.09130434782608696 0.1141552511415525
0 0.20869565217391303 0.04794520547945205 0.06086956521739131 0.0776255707762557
0 0.18043478260869567 0.01598173515981735 0.11739130434782609 0.0319634703196347
0 0.13260869565217392 0.0730593607305936 0.09130434782608696 0.0730593607305936
0 0.058695652173913045 0.15296803652968036 0.11739130434782609 0.1872146118721461
0 0.03260869565217391 0.15753424657534246 0.06521739130434782 0.1324200913242009
0 0.058695652173913045 0.03424657534246575 0.11739130434782609 0.0684931506849315
0 0.49782608695652175 0.4977168949771689 0.9956521739130435 0.9954337899543378