0 0.9613899613899614 0.9716494845360825 0.0694980694980695 0.04639175257731959
0 0.9806949806949807 0.904639175257732 0.03088803088803089 0.0979381443298969
0 0.9208494208494209 0.9226804123711341 0.06563706563706563 0.07216494845360824
0 0.9420849420849421 0.8324742268041238 0.04633204633204633 0.05670103092783505
0 0.972972972972973 0.8041237113402062 0.04633204633204633 0.12371134020618557
0 0.8918918918918919 0.7577319587628866 0.07722007722007722 0.061855670103092786
0 0.8745173745173745 0.8530927835051546 0.06563706563706563 0.08762886597938144
0 0.8223938223938224 0.8067010309278351 0.05405405405405406 0.11855670103092783
0 0.8204633204633205 0.7345360824742269 0.02702702702702703 0.05670103092783505
0 0.8532818532818532 0.7242268041237113 0.03861003861003861 0.02577319587628866
0 0.8416988416988417 0.6675257731958762 0.05405405405405406 0.06701030927835051
0 0.918918918918919 0.6984536082474226 0.0694980694980695 0.07731958762886598
0 0.9633204633204633 0.6752577319587629 0.06563706563706563 0.061855670103092786
0 0.9382239382239382 0.6262886597938144 0.04633204633204633 0.05670103092783505
0 0.888030888030888 0.6134020618556701 0.06177606177606178 0.07216494845360824
0 0.918918918918919 0.5592783505154639 0.04633204633204633 0.04639175257731959
0 0.9613899613899614 0.5902061855670103 0.023166023166023165 0.04639175257731959
0 0.9787644787644788 0.5515463917525774 0.02702702702702703 0.05154639175257732
0 0.9613899613899614 0.49742268041237114 0.0694980694980695 0.06701030927835051
0 0.974903474903475 0.4252577319587629 0.04247104247104247 0.04639175257731959
0 0.8803088803088803 0.4484536082474227 0.023166023166023165 0.08247422680412371
0 0.8416988416988417 0.41237113402061853 0.08494208494208494 0.061855670103092786
0 0.8166023166023166 0.4639175257731959 0.03474903474903475 0.07216494845360824
0 0.859073359073359 0.47680412371134023 0.05791505791505792 0.07731958762886598
0 0.8494208494208494 0.5103092783505154 0.03861003861003861 0.041237113402061855
0 0.9227799227799228 0.3015463917525773 0.06177606177606178 0.04639175257731959
0 0.9671814671814671 0.2757731958762887 0.05019305019305019 0.03608247422680412
0 0.9613899613899614 0.33505154639175255 0.03861003861003861 0.07216494845360824
0 0.9343629343629344 0.39690721649484534 0.04633204633204633 0.09278350515463918
0 0.915057915057915 0.42783505154639173 0.03088803088803089 0.12371134020618557
0 0.8474903474903475 0.3170103092783505 0.05019305019305019 0.04639175257731959
0 0.8513513513513513 0.24484536082474226 0.04247104247104247 0.04639175257731959
0 0.8822393822393823 0.22938144329896906 0.02702702702702703 0.02577319587628866
0 0.88996138996139 0.18556701030927836 0.06563706563706563 0.05154639175257732
0 0.9208494208494209 0.24484536082474226 0.05019305019305019 0.05670103092783505
0 0.9401544401544402 0.18298969072164947 0.03474903474903475 0.05670103092783505
0 0.9787644787644788 0.17525773195876287 0.03474903474903475 0.041237113402061855
0 0.9691119691119691 0.11855670103092783 0.05405405405405406 0.05154639175257732
0 0.7818532818532818 0.9304123711340206 0.05019305019305019 0.04639175257731959
0 0.8378378378378378 0.9020618556701031 0.07722007722007722 0.08247422680412371
0 0.8552123552123552 0.9716494845360825 0.0888030888030888 0.04639175257731959
0 0.7548262548262549 0.979381443298969 0.11969111969111969 0.030927835051546393
0 0.6756756756756757 0.9768041237113402 0.04633204633204633 0.03608247422680412
0 0.7239382239382239 0.9123711340206185 0.05019305019305019 0.05154639175257732
0 0.750965250965251 0.8865979381443299 0.04247104247104247 0.08247422680412371
0 0.7760617760617761 0.8195876288659794 0.04633204633204633 0.08247422680412371
0 0.7548262548262549 0.7680412371134021 0.05019305019305019 0.07216494845360824
0 0.7741312741312741 0.6932989690721649 0.05019305019305019 0.04639175257731959
0 0.7722007722007722 0.6417525773195877 0.03861003861003861 0.06701030927835051
0 0.8088803088803089 0.595360824742268 0.07335907335907337 0.08762886597938144
0 0.8011583011583011 0.5438144329896907 0.07335907335907337 0.08762886597938144
0 0.7084942084942085 0.7242268041237113 0.06563706563706563 0.08762886597938144
0 0.7316602316602316 0.6417525773195877 0.03474903474903475 0.07731958762886598
0 0.6563706563706564 0.9510309278350515 0.03861003861003861 0.04639175257731959
0 0.6872586872586872 0.904639175257732 0.0694980694980695 0.08762886597938144
0 0.6602316602316602 0.8144329896907216 0.03088803088803089 0.05154639175257732
0 0.7065637065637066 0.8067010309278351 0.05405405405405406 0.06701030927835051
0 0.6544401544401545 0.6907216494845361 0.04247104247104247 0.07216494845360824
0 0.693050193050193 0.6262886597938144 0.05019305019305019 0.06701030927835051
0 0.6042471042471043 0.9226804123711341 0.05019305019305019 0.05154639175257732
0 0.611969111969112 0.8685567010309279 0.06563706563706563 0.06701030927835051
0 0.6274131274131274 0.8247422680412371 0.02702702702702703 0.020618556701030927
0 0.581081081081081 0.8067010309278351 0.05791505791505792 0.05670103092783505
0 0.6003861003861004 0.7551546391752577 0.04247104247104247 0.07731958762886598
0 0.6235521235521235 0.7010309278350515 0.07335907335907337 0.10309278350515463
0 0.6640926640926641 0.6082474226804123 0.06177606177606178 0.08247422680412371
0 0.694980694980695 0.5180412371134021 0.06177606177606178 0.05670103092783505
0 0.7451737451737451 0.538659793814433 0.0694980694980695 0.08762886597938144
0 0.7084942084942085 0.5747422680412371 0.03474903474903475 0.05670103092783505
0 0.750965250965251 0.4845360824742268 0.05791505791505792 0.10309278350515463
0 0.7837837837837838 0.4793814432989691 0.03861003861003861 0.07216494845360824
0 0.7239382239382239 0.43556701030927836 0.02702702702702703 0.08762886597938144
0 0.7664092664092664 0.40463917525773196 0.05019305019305019 0.03608247422680412
0 0.803088803088803 0.37628865979381443 0.06177606177606178 0.07216494845360824
0 0.7316602316602316 0.38402061855670105 0.0888030888030888 0.07731958762886598
0 0.7895752895752896 0.2963917525773196 0.07335907335907337 0.08762886597938144
0 0.7239382239382239 0.32989690721649484 0.05791505791505792 0.08247422680412371
0 0.7277992277992278 0.26288659793814434 0.05791505791505792 0.08247422680412371
0 0.777992277992278 0.25 0.06563706563706563 0.04639175257731959
0 0.7992277992277992 0.20103092783505155 0.06177606177606178 0.041237113402061855
0 0.805019305019305 0.17010309278350516 0.06563706563706563 0.061855670103092786
0 0.8532818532818532 0.17525773195876287 0.03088803088803089 0.1134020618556701
0 0.8822393822393823 0.05412371134020619 0.07335907335907337 0.0979381443298969
0 0.918918918918919 0.08762886597938144 0.10038610038610038 0.10309278350515463
0 0.8108108108108109 0.1056701030927835 0.08494208494208494 0.0979381443298969
0 0.752895752895753 0.07216494845360824 0.03861003861003861 0.030927835051546393
0 0.7818532818532818 0.023195876288659795 0.05019305019305019 0.04639175257731959
0 0.7142857142857143 0.11597938144329897 0.05405405405405406 0.08762886597938144
0 0.7007722007722008 0.03350515463917526 0.0888030888030888 0.06701030927835051
0 0.7297297297297297 0.20103092783505155 0.0694980694980695 0.061855670103092786
0 0.5328185328185329 0.9149484536082474 0.08494208494208494 0.0979381443298969
0 0.5328185328185329 0.9639175257731959 0.08494208494208494 0.061855670103092786
0 0.5366795366795367 0.8634020618556701 0.06177606177606178 0.06701030927835051
0 0.5308880308880309 0.8170103092783505 0.03474903474903475 0.05670103092783505
0 0.5366795366795367 0.7474226804123711 0.05405405405405406 0.10309278350515463
0 0.5617760617760618 0.7371134020618557 0.04247104247104247 0.061855670103092786
0 0.5656370656370656 0.6829896907216495 0.04247104247104247 0.07731958762886598
0 0.581081081081081 0.6211340206185567 0.05019305019305019 0.03608247422680412
0 0.5714285714285714 0.5721649484536082 0.05405405405405406 0.061855670103092786
0 0.6196911196911197 0.5154639175257731 0.05791505791505792 0.061855670103092786
0 0.6428571428571429 0.5438144329896907 0.06563706563706563 0.07731958762886598
0 0.6467181467181468 0.47164948453608246 0.04247104247104247 0.07731958762886598
0 0.6833976833976834 0.4381443298969072 0.06177606177606178 0.1134020618556701
0 0.6640926640926641 0.35309278350515466 0.06177606177606178 0.0979381443298969
0 0.6216216216216216 0.3427835051546392 0.0694980694980695 0.13917525773195877
0 0.5791505791505791 0.2912371134020619 0.05405405405405406 0.06701030927835051
0 0.6042471042471043 0.22938144329896906 0.07335907335907337 0.07731958762886598
0 0.4749034749034749 0.9561855670103093 0.09266409266409266 0.07731958762886598
0 0.46525096525096526 0.8685567010309279 0.04247104247104247 0.04639175257731959
0 0.4980694980694981 0.7912371134020618 0.04633204633204633 0.05670103092783505
0 0.4922779922779923 0.7164948453608248 0.05791505791505792 0.07216494845360824
0 0.5675675675675675 0.4639175257731959 0.0694980694980695 0.10309278350515463
0 0.5656370656370656 0.3634020618556701 0.0888030888030888 0.10824742268041238
0 0.4942084942084942 0.20876288659793815 0.0694980694980695 0.02577319587628866
0 0.5115830115830116 0.2551546391752577 0.06563706563706563 0.06701030927835051
0 0.527027027027027 0.15721649484536082 0.08108108108108109 0.08762886597938144
0 0.5501930501930502 0.1211340206185567 0.05019305019305019 0.06701030927835051
0 0.525096525096525 0.0979381443298969 0.0694980694980695 0.07216494845360824
0 0.5637065637065637 0.07731958762886598 0.05405405405405406 0.10309278350515463
0 0.5193050193050193 0.020618556701030927 0.06563706563706563 0.041237113402061855
0 0.4749034749034749 0.06958762886597938 0.05405405405405406 0.08762886597938144
0 0.4343629343629344 0.05412371134020619 0.05791505791505792 0.05670103092783505
0 0.444015444015444 0.10309278350515463 0.05405405405405406 0.061855670103092786
0 0.4247104247104247 0.16752577319587628 0.04633204633204633 0.05670103092783505
0 0.44015444015444016 0.2551546391752577 0.05405405405405406 0.06701030927835051
0 0.4517374517374517 0.327319587628866 0.06177606177606178 0.04639175257731959
0 0.46525096525096526 0.38402061855670105 0.09652509652509653 0.04639175257731959
0 0.42857142857142855 0.42783505154639173 0.10810810810810811 0.09278350515463918
0 0.47104247104247104 0.46649484536082475 0.06177606177606178 0.05670103092783505
0 0.5019305019305019 0.5 0.05405405405405406 0.05154639175257732
0 0.4691119691119691 0.5592783505154639 0.06563706563706563 0.08762886597938144
0 0.4343629343629344 0.6030927835051546 0.05791505791505792 0.10309278350515463
0 0.40540540540540543 0.5283505154639175 0.04633204633204633 0.05670103092783505
0 0.40733590733590735 0.6005154639175257 0.03474903474903475 0.08762886597938144
0 0.416988416988417 0.7216494845360825 0.06177606177606178 0.07216494845360824
0 0.4305019305019305 0.7860824742268041 0.03474903474903475 0.05670103092783505
0 0.3841698841698842 0.7654639175257731 0.05019305019305019 0.04639175257731959
0 0.3861003861003861 0.7989690721649485 0.04633204633204633 0.030927835051546393
0 0.4247104247104247 0.845360824742268 0.06177606177606178 0.041237113402061855
0 0.4343629343629344 0.9381443298969072 0.06563706563706563 0.1134020618556701
0 0.3783783783783784 0.8865979381443299 0.05405405405405406 0.10309278350515463
0 0.36293436293436293 0.9484536082474226 0.10038610038610038 0.09278350515463918
0 0.2953667953667954 0.9458762886597938 0.09652509652509653 0.0979381443298969
0 0.3301158301158301 0.8556701030927835 0.07335907335907337 0.07216494845360824
0 0.3223938223938224 0.7628865979381443 0.08108108108108109 0.08247422680412371
0 0.3127413127413127 0.6752577319587629 0.06177606177606178 0.15463917525773196
0 0.3436293436293436 0.5876288659793815 0.05405405405405406 0.08247422680412371
0 0.361003861003861 0.634020618556701 0.05019305019305019 0.061855670103092786
0 0.3088803088803089 0.5695876288659794 0.06177606177606178 0.07731958762886598
0 0.3436293436293436 0.5103092783505154 0.06177606177606178 0.07216494845360824
0 0.39575289575289574 0.5257731958762887 0.06563706563706563 0.061855670103092786
0 0.3301158301158301 0.4690721649484536 0.07335907335907337 0.061855670103092786
0 0.3590733590733591 0.4252577319587629 0.03861003861003861 0.0979381443298969
0 0.32432432432432434 0.4175257731958763 0.03861003861003861 0.07216494845360824
0 0.3127413127413127 0.38144329896907214 0.0694980694980695 0.07216494845360824
0 0.37258687258687256 0.35051546391752575 0.05019305019305019 0.05154639175257732
0 0.3764478764478765 0.27835051546391754 0.07335907335907337 0.09278350515463918
0 0.3166023166023166 0.27835051546391754 0.08494208494208494 0.09278350515463918
0 0.33783783783783783 0.21391752577319587 0.08108108108108109 0.06701030927835051
0 0.361003861003861 0.18041237113402062 0.06563706563706563 0.09278350515463918
0 0.3416988416988417 0.10051546391752578 0.0888030888030888 0.08762886597938144
0 0.33204633204633205 0.030927835051546393 0.10038610038610038 0.05154639175257732
0 0.23745173745173745 0.08247422680412371 0.10424710424710425 0.12371134020618557
0 0.25868725868725867 0.04639175257731959 0.08494208494208494 0.09278350515463918
0 0.2277992277992278 0.22422680412371135 0.09266409266409266 0.10824742268041238
0 0.24903474903474904 0.25 0.06563706563706563 0.06701030927835051
0 0.27413127413127414 0.20103092783505155 0.04633204633204633 0.061855670103092786
0 0.2722007722007722 0.520618556701031 0.05019305019305019 0.05154639175257732
0 0.2413127413127413 0.44329896907216493 0.10424710424710425 0.08247422680412371
0 0.2471042471042471 0.39690721649484534 0.03088803088803089 0.030927835051546393
0 0.2471042471042471 0.36855670103092786 0.03861003861003861 0.04639175257731959
0 0.2084942084942085 0.37371134020618557 0.04633204633204633 0.05670103092783505
0 0.1833976833976834 0.30670103092783507 0.06563706563706563 0.06701030927835051
0 0.16795366795366795 0.3582474226804124 0.05791505791505792 0.06701030927835051
0 0.1274131274131274 0.38917525773195877 0.05405405405405406 0.06701030927835051
0 0.11003861003861004 0.4097938144329897 0.07335907335907337 0.07731958762886598
0 0.08687258687258688 0.43556701030927836 0.06563706563706563 0.05670103092783505
0 0.15637065637065636 0.4896907216494845 0.05791505791505792 0.061855670103092786
0 0.17374517374517376 0.4587628865979381 0.05405405405405406 0.07216494845360824
0 0.1138996138996139 0.5257731958762887 0.06563706563706563 0.07216494845360824
0 0.15444015444015444 0.5670103092783505 0.06177606177606178 0.061855670103092786
0 0.1969111969111969 0.5515463917525774 0.03861003861003861 0.030927835051546393
0 0.1833976833976834 0.5335051546391752 0.05791505791505792 0.07731958762886598
0 0.22393822393822393 0.5618556701030928 0.0694980694980695 0.10309278350515463
0 0.1718146718146718 0.5927835051546392 0.06563706563706563 0.061855670103092786
0 0.2335907335907336 0.6391752577319587 0.04247104247104247 0.05154639175257732
0 0.2471042471042471 0.6726804123711341 0.06177606177606178 0.07731958762886598
0 0.20656370656370657 0.6572164948453608 0.05019305019305019 0.05670103092783505
0 0.19498069498069498 0.6701030927835051 0.05791505791505792 0.07216494845360824
0 0.25675675675675674 0.7551546391752577 0.05019305019305019 0.08762886597938144
0 0.21235521235521235 0.7396907216494846 0.06177606177606178 0.07731958762886598
0 0.2335907335907336 0.8195876288659794 0.06563706563706563 0.08247422680412371
0 0.27413127413127414 0.8788659793814433 0.0694980694980695 0.12886597938144329
0 0.22586872586872586 0.9072164948453608 0.05791505791505792 0.07216494845360824
0 0.2702702702702703 0.961340206185567 0.08494208494208494 0.06701030927835051
0 0.20270270270270271 0.9381443298969072 0.06563706563706563 0.1134020618556701
0 0.18532818532818532 0.8608247422680413 0.05405405405405406 0.09278350515463918
0 0.1640926640926641 0.8041237113402062 0.08108108108108109 0.10309278350515463
0 0.16988416988416988 0.7422680412371134 0.06177606177606178 0.10309278350515463
0 0.11969111969111969 0.7422680412371134 0.0694980694980695 0.09278350515463918
0 0.13320463320463322 0.6597938144329897 0.04247104247104247 0.07216494845360824
0 0.11969111969111969 0.6005154639175257 0.04633204633204633 0.07731958762886598
0 0.07335907335907337 0.5902061855670103 0.05405405405405406 0.06701030927835051
0 0.07528957528957529 0.6778350515463918 0.05791505791505792 0.05670103092783505
0 0.03088803088803089 0.7654639175257731 0.06177606177606178 0.0979381443298969
0 0.021235521235521235 0.8556701030927835 0.04247104247104247 0.08247422680412371
0 0.0694980694980695 0.845360824742268 0.06177606177606178 0.061855670103092786
0 0.11003861003861004 0.8711340206185567 0.05791505791505792 0.10309278350515463
0 0.15057915057915058 0.9458762886597938 0.09266409266409266 0.0979381443298969
0 0.07528957528957529 0.9381443298969072 0.08108108108108109 0.09278350515463918
0 0.02895752895752896 0.9510309278350515 0.05791505791505792 0.08762886597938144
0 0.03088803088803089 0.654639175257732 0.06177606177606178 0.13402061855670103
0 0.02702702702702703 0.5412371134020618 0.05405405405405406 0.061855670103092786
0 0.05791505791505792 0.49742268041237114 0.04633204633204633 0.08762886597938144
0 0.015444015444015444 0.48711340206185566 0.03088803088803089 0.04639175257731959
0 0.032818532818532815 0.39948453608247425 0.06563706563706563 0.10824742268041238
0 0.09266409266409266 0.2268041237113402 0.08494208494208494 0.061855670103092786
0 0.10424710424710425 0.28865979381443296 0.10038610038610038 0.1134020618556701
0 0.021235521235521235 0.22938144329896906 0.04247104247104247 0.10824742268041238
0 0.03474903474903475 0.3118556701030928 0.0694980694980695 0.07731958762886598
0 0.06756756756756757 0.15463917525773196 0.05019305019305019 0.061855670103092786
0 0.138996138996139 0.17010309278350516 0.06177606177606178 0.05154639175257732
0 0.07528957528957529 0.07989690721649484 0.05791505791505792 0.07731958762886598
0 0.14864864864864866 0.03865979381443299 0.10424710424710425 0.07731958762886598
0 0.16023166023166024 0.1134020618556701 0.0888030888030888 0.08247422680412371
0 0.055984555984555984 0.020618556701030927 0.0888030888030888 0.041237113402061855
0 0.02702702702702703 0.028350515463917526 0.04633204633204633 0.05670103092783505
0 0.013513513513513514 0.05670103092783505 0.02702702702702703 0.061855670103092786
0 0.4980694980694981 0.49742268041237114 0.9961389961389961 0.9948453608247423