0 0.49833333333333335 0.49702380952380953 0.9966666666666667 0.9940476190476191
0 0.8633333333333333 0.7976190476190477 0.26666666666666666 0.39285714285714285
0 0.56 0.7886904761904762 0.34 0.4107142857142857
0 0.6366666666666667 0.4880952380952381 0.3 0.4642857142857143
0 0.27666666666666667 0.6636904761904762 0.22 0.375
0 0.44666666666666666 0.5386904761904762 0.32666666666666666 0.5654761904761905
0 0.39 0.9672619047619048 0.5333333333333333 0.05357142857142857
0 0.2833333333333333 0.7946428571428571 0.20666666666666667 0.30357142857142855
0 0.25166666666666665 0.5803571428571429 0.2966666666666667 0.27976190476190477
0 0.23833333333333334 0.24702380952380953 0.3433333333333333 0.43452380952380953
0 0.5883333333333334 0.25595238095238093 0.36333333333333334 0.2857142857142857
0 0.5833333333333334 0.15476190476190477 0.2733333333333333 0.30952380952380953
0 0.805 0.16964285714285715 0.31 0.3392857142857143
0 0.925 0.26785714285714285 0.14333333333333334 0.39285714285714285
0 0.87 0.36904761904761907 0.25333333333333335 0.7380952380952381
0 0.095 0.49702380952380953 0.19 0.9940476190476191