0 0.6466666666666666 0.7422222222222222 0.4311111111111111 0.4266666666666667
0 0.7222222222222222 0.43777777777777777 0.52 0.52
0 0.24888888888888888 0.5933333333333334 0.4622222222222222 0.47555555555555556
0 0.6511111111111111 0.49777777777777776 0.3333333333333333 0.16
0 0.24222222222222223 0.32222222222222224 0.3511111111111111 0.14666666666666667
0 0.7266666666666667 0.13777777777777778 0.3333333333333333 0.13333333333333333
0 0.28444444444444444 0.6111111111111112 0.14222222222222222 0.14666666666666667
0 0.3688888888888889 0.5755555555555556 0.05333333333333334 0.13777777777777778
0 0.43333333333333335 0.5711111111111111 0.10222222222222223 0.17333333333333334
0 0.4288888888888889 0.6733333333333333 0.10222222222222223 0.057777777777777775
0 0.42444444444444446 0.7133333333333334 0.09333333333333334 0.04888888888888889
0 0.30444444444444446 0.7422222222222222 0.10222222222222223 0.09777777777777778
0 0.3688888888888889 0.7333333333333333 0.11555555555555555 0.07111111111111111
0 0.3488888888888889 0.7666666666666667 0.17333333333333334 0.06666666666666667
0 0.1622222222222222 0.7377777777777778 0.23555555555555555 0.14222222222222222
0 0.2733333333333333 0.6622222222222223 0.14666666666666667 0.13333333333333333
0 0.22 0.54 0.14666666666666667 0.14666666666666667
0 0.3422222222222222 0.4577777777777778 0.13333333333333333 0.09777777777777778
0 0.24 0.45555555555555555 0.06222222222222222 0.04888888888888889
0 0.17555555555555555 0.4444444444444444 0.10222222222222223 0.05333333333333334
0 0.11777777777777777 0.43777777777777777 0.12 0.06666666666666667
0 0.08666666666666667 0.4955555555555556 0.13777777777777778 0.09333333333333334
0 0.16444444444444445 0.58 0.10666666666666667 0.12
0 0.07555555555555556 0.5688888888888889 0.08 0.07111111111111111
0 0.1111111111111111 0.6466666666666666 0.12444444444444444 0.10222222222222223