0 0.7244444444444444 0.5555555555555556 0.2311111111111111 0.4533333333333333
0 0.7955555555555556 0.45555555555555555 0.18666666666666668 0.37777777777777777
0 0.86 0.38222222222222224 0.16444444444444445 0.3288888888888889
0 0.47555555555555556 0.5555555555555556 0.2311111111111111 0.4533333333333333
0 0.2288888888888889 0.5444444444444444 0.24444444444444444 0.44
0 0.6755555555555556 0.38222222222222224 0.1511111111111111 0.3288888888888889
0 0.5822222222222222 0.4488888888888889 0.1688888888888889 0.36444444444444446
0 0.38 0.44666666666666666 0.18222222222222223 0.3688888888888889
0 0.1711111111111111 0.44222222222222224 0.18222222222222223 0.3688888888888889
0 0.31555555555555553 0.37777777777777777 0.1511111111111111 0.32
0 0.5 0.3111111111111111 0.14666666666666667 0.18666666666666668
0 0.12666666666666668 0.31555555555555553 0.15555555555555556 0.19555555555555557