0 0.45893719806763283 0.5370370370370371 0.4830917874396135 0.7448559670781894
0 0.4975845410628019 0.6954732510288066 0.9951690821256038 0.6008230452674898
0 0.9468599033816425 0.1728395061728395 0.0966183574879227 0.2551440329218107
0 0.8671497584541062 0.23045267489711935 0.12077294685990338 0.11522633744855967
0 0.8647342995169082 0.11934156378600823 0.10628019323671498 0.12345679012345678
0 0.7971014492753623 0.19958847736625515 0.0966183574879227 0.18518518518518517
0 0.7415458937198067 0.1748971193415638 0.0821256038647343 0.22633744855967078
0 0.48792270531400966 0.026748971193415638 0.08695652173913043 0.053497942386831275
0 0.5603864734299517 0.024691358024691357 0.06763285024154589 0.0411522633744856
0 0.6400966183574879 0.02263374485596708 0.09178743961352658 0.04526748971193416
0 0.7053140096618358 0.03497942386831276 0.5797101449275363 0.06995884773662552
0 0.46859903381642515 0.13168724279835392 0.5024154589371981 0.09876543209876543
0 0.4613526570048309 0.551440329218107 0.3719806763285024 0.23045267489711935