0 0.8266666666666667 0.32222222222222224 0.27555555555555555 0.3244444444444444
0 0.8355555555555556 0.8044444444444444 0.27555555555555555 0.3111111111111111
0 0.5 0.7977777777777778 0.28 0.3244444444444444
0 0.4911111111111111 0.32 0.28 0.3111111111111111
0 0.1622222222222222 0.31333333333333335 0.27111111111111114 0.30666666666666664
0 0.16444444444444445 0.7955555555555556 0.27555555555555555 0.3288888888888889
0 0.8288888888888889 0.5977777777777777 0.29777777777777775 0.13777777777777778
0 0.8244444444444444 0.1111111111111111 0.28888888888888886 0.13333333333333333
0 0.4866666666666667 0.11333333333333333 0.29777777777777775 0.13777777777777778
0 0.15555555555555556 0.10444444444444445 0.3022222222222222 0.1288888888888889
0 0.1622222222222222 0.5888888888888889 0.28888888888888886 0.1288888888888889
0 0.49333333333333335 0.5955555555555555 0.29333333333333333 0.14222222222222222