0 0.6965174129353234 0.5358565737051793 0.208955223880597 0.5697211155378487
0 0.6915422885572139 0.34462151394422313 0.19900497512437812 0.26693227091633465
0 0.48507462686567165 0.5358565737051793 0.19402985074626866 0.5617529880478087
0 0.2810945273631841 0.5378486055776892 0.21393034825870647 0.5657370517928287
0 0.4925373134328358 0.32270916334661354 0.19900497512437812 0.2151394422310757
0 0.6940298507462687 0.3247011952191235 0.19402985074626866 0.21115537848605578
0 0.2885572139303483 0.3247011952191235 0.19900497512437812 0.22709163346613545
0 0.7089552238805971 0.2290836653386454 0.1044776119402985 0.035856573705179286
0 0.6915422885572139 0.199203187250996 0.10945273631840796 0.04780876494023904
0 0.4900497512437811 0.23705179282868527 0.11442786069651742 0.05179282868525897
0 0.48009950248756217 0.1952191235059761 0.1044776119402985 0.0398406374501992
0 0.26616915422885573 0.23107569721115537 0.11442786069651742 0.0398406374501992
0 0.27860696517412936 0.19322709163346613 0.09950248756218906 0.035856573705179286