0 0.22900763358778625 0.5207253886010362 0.3282442748091603 0.3160621761658031
0 0.7652671755725191 0.22538860103626943 0.3549618320610687 0.29533678756476683
0 0.6374045801526718 0.18911917098445596 0.08396946564885496 0.16062176165803108
0 0.8110687022900763 0.5181347150259067 0.12595419847328243 0.16580310880829016
0 0.5 0.5362694300518135 0.22900763358778625 0.15025906735751296
0 0.41030534351145037 0.6321243523316062 0.2480916030534351 0.13471502590673576
0 0.22137404580152673 0.344559585492228 0.21374045801526717 0.13989637305699482
0 0.7290076335877863 0.4067357512953368 0.17557251908396945 0.08808290155440414
0 0.5687022900763359 0.39378238341968913 0.25190839694656486 0.15544041450777202
0 0.49236641221374045 0.2616580310880829 0.19083969465648856 0.30569948186528495
0 0.37404580152671757 0.39896373056994816 0.0916030534351145 0.12435233160621761
0 0.3568702290076336 0.27461139896373055 0.3015267175572519 0.19689119170984457