0 0.8928571428571429 0.7706422018348624 0.17857142857142858 0.42201834862385323
0 0.6919642857142857 0.768348623853211 0.16964285714285715 0.41743119266055045
0 0.4888392857142857 0.7706422018348624 0.17410714285714285 0.42201834862385323
0 0.8928571428571429 0.26376146788990823 0.16964285714285715 0.42660550458715596
0 0.6897321428571429 0.26605504587155965 0.18303571428571427 0.42201834862385323
0 0.4888392857142857 0.26605504587155965 0.17410714285714285 0.42201834862385323
0 0.29017857142857145 0.26376146788990823 0.17857142857142858 0.42660550458715596
0 0.29017857142857145 0.7706422018348624 0.17857142857142858 0.42201834862385323
0 0.09821428571428571 0.7706422018348624 0.17857142857142858 0.42201834862385323
0 0.09598214285714286 0.26605504587155965 0.17410714285714285 0.42201834862385323
0 0.890625 0.5321100917431193 0.07589285714285714 0.05504587155963303
0 0.8928571428571429 0.02522935779816514 0.08928571428571429 0.05045871559633028
0 0.6897321428571429 0.02981651376146789 0.08482142857142858 0.05963302752293578
0 0.6897321428571429 0.5275229357798165 0.08482142857142858 0.05504587155963303
0 0.4888392857142857 0.5321100917431193 0.08482142857142858 0.06422018348623854
0 0.29464285714285715 0.5298165137614679 0.08035714285714286 0.05045871559633028
0 0.09821428571428571 0.5389908256880734 0.08035714285714286 0.05963302752293578
0 0.09598214285714286 0.03211009174311927 0.08482142857142858 0.05504587155963303
0 0.2924107142857143 0.02981651376146789 0.08482142857142858 0.05045871559633028