0 0.23660714285714285 0.5357142857142857 0.16071428571428573 0.375
0 0.390625 0.5691964285714286 0.12946428571428573 0.29017857142857145
0 0.515625 0.5848214285714286 0.12053571428571429 0.22321428571428573
0 0.6294642857142857 0.5848214285714286 0.09821428571428571 0.20535714285714285
0 0.7276785714285714 0.5959821428571429 0.09821428571428571 0.18303571428571427
0 0.8258928571428571 0.6004464285714286 0.08035714285714286 0.15625
0 0.8258928571428571 0.4888392857142857 0.07142857142857142 0.06696428571428571
0 0.7299107142857143 0.46651785714285715 0.06696428571428571 0.06696428571428571
0 0.6294642857142857 0.44642857142857145 0.07142857142857142 0.07142857142857142
0 0.515625 0.4419642857142857 0.07589285714285714 0.07142857142857142
0 0.38839285714285715 0.38169642857142855 0.07142857142857142 0.06696428571428571
0 0.234375 0.3169642857142857 0.07589285714285714 0.07142857142857142