0 0.8945454545454545 0.7459016393442623 0.20363636363636364 0.4098360655737705
0 0.9509090909090909 0.9480874316939891 0.09090909090909091 0.09289617486338798
0 0.7709090909090909 0.9398907103825137 0.20363636363636364 0.1092896174863388
0 0.6727272727272727 0.7295081967213115 0.23272727272727273 0.4207650273224044
0 0.5381818181818182 0.953551912568306 0.18181818181818182 0.08196721311475409
0 0.30727272727272725 0.9480874316939891 0.18545454545454546 0.09289617486338798
0 0.08727272727272728 0.9508196721311475 0.17454545454545456 0.08743169398907104
0 0.44545454545454544 0.7404371584699454 0.22181818181818183 0.4207650273224044
0 0.20909090909090908 0.7622950819672131 0.22181818181818183 0.4098360655737705
0 0.045454545454545456 0.7431693989071039 0.09090909090909091 0.41530054644808745
0 0.9563636363636364 0.4562841530054645 0.08 0.3551912568306011
0 0.9036363636363637 0.16666666666666666 0.18545454545454546 0.3333333333333333
0 0.7981818181818182 0.4672131147540984 0.2290909090909091 0.3551912568306011
0 0.5672727272727273 0.4781420765027322 0.22545454545454546 0.3442622950819672
0 0.33636363636363636 0.4808743169398907 0.22181818181818183 0.36065573770491804
0 0.10909090909090909 0.4808743169398907 0.21818181818181817 0.34972677595628415
0 0.23272727272727273 0.17486338797814208 0.22545454545454546 0.34972677595628415
0 0.4636363636363636 0.16939890710382513 0.22181818181818183 0.33879781420765026
0 0.6963636363636364 0.16393442622950818 0.22181818181818183 0.32786885245901637
0 0.06 0.17486338797814208 0.12 0.34972677595628415