0 0.8977777777777778 0.68 0.05333333333333334 0.05333333333333334
0 0.9577777777777777 0.5955555555555555 0.04 0.06222222222222222
0 0.9822222222222222 0.5511111111111111 0.02666666666666667 0.05333333333333334
0 0.9155555555555556 0.5266666666666666 0.07111111111111111 0.057777777777777775
0 0.9422222222222222 0.48 0.07111111111111111 0.044444444444444446
0 0.9555555555555556 0.3888888888888889 0.08 0.04888888888888889
0 0.9155555555555556 0.3622222222222222 0.06222222222222222 0.04
0 0.9288888888888889 0.30444444444444446 0.06222222222222222 0.057777777777777775
0 0.2088888888888889 0.7377777777777778 0.044444444444444446 0.07111111111111111
0 0.1622222222222222 0.6688888888888889 0.057777777777777775 0.04888888888888889
0 0.1288888888888889 0.6133333333333333 0.05333333333333334 0.07111111111111111
0 0.07555555555555556 0.5355555555555556 0.06222222222222222 0.04888888888888889
0 0.08444444444444445 0.49777777777777776 0.06222222222222222 0.07111111111111111
0 0.051111111111111114 0.41333333333333333 0.08444444444444445 0.06222222222222222
0 0.33555555555555555 0.7511111111111111 0.10222222222222223 0.08888888888888889
0 0.43555555555555553 0.7377777777777778 0.13333333333333333 0.06222222222222222
0 0.49777777777777776 0.7 0.10666666666666667 0.12
0 0.5755555555555556 0.7111111111111111 0.06666666666666667 0.05333333333333334
0 0.6688888888888889 0.7222222222222222 0.04 0.03111111111111111
0 0.7177777777777777 0.7 0.07555555555555556 0.08444444444444445
0 0.7911111111111111 0.6733333333333333 0.06222222222222222 0.057777777777777775
0 0.8311111111111111 0.6377777777777778 0.06222222222222222 0.09333333333333334
0 0.8711111111111111 0.5888888888888889 0.044444444444444446 0.07555555555555556
0 0.6955555555555556 0.11333333333333333 0.04888888888888889 0.04
0 0.7488888888888889 0.12666666666666668 0.04888888888888889 0.04
0 0.8155555555555556 0.18 0.057777777777777775 0.04888888888888889
0 0.84 0.24888888888888888 0.06222222222222222 0.07111111111111111
0 0.8866666666666667 0.28 0.03111111111111111 0.07111111111111111
0 0.2866666666666667 0.17555555555555555 0.07555555555555556 0.10222222222222223
0 0.35555555555555557 0.14888888888888888 0.06222222222222222 0.07555555555555556
0 0.4222222222222222 0.15777777777777777 0.05333333333333334 0.057777777777777775
0 0.4866666666666667 0.14 0.04 0.04888888888888889
0 0.54 0.15333333333333332 0.04888888888888889 0.04
0 0.6 0.1511111111111111 0.06222222222222222 0.035555555555555556
0 0.68 0.1511111111111111 0.08 0.044444444444444446
0 0.19333333333333333 0.2088888888888889 0.06666666666666667 0.044444444444444446
0 0.24666666666666667 0.2222222222222222 0.04888888888888889 0.035555555555555556
0 0.16444444444444445 0.24666666666666667 0.035555555555555556 0.04
0 0.12444444444444444 0.2688888888888889 0.05333333333333334 0.04
0 0.10444444444444445 0.3111111111111111 0.057777777777777775 0.05333333333333334
0 0.08444444444444445 0.33555555555555555 0.05333333333333334 0.04
0 0.10444444444444445 0.38222222222222224 0.08444444444444445 0.08
0 0.18222222222222223 0.38222222222222224 0.12444444444444444 0.10666666666666667
0 0.25555555555555554 0.3333333333333333 0.23555555555555555 0.17777777777777778
0 0.43555555555555553 0.29333333333333333 0.32 0.24
0 0.5488888888888889 0.36666666666666664 0.18222222222222223 0.27111111111111114
0 0.6822222222222222 0.2733333333333333 0.22666666666666666 0.18222222222222223
0 0.8044444444444444 0.3377777777777778 0.11555555555555555 0.2311111111111111
0 0.84 0.43333333333333335 0.10666666666666667 0.27111111111111114
0 0.68 0.49333333333333335 0.2222222222222222 0.28444444444444444
0 0.7222222222222222 0.5911111111111111 0.30666666666666664 0.08
0 0.6244444444444445 0.6511111111111111 0.24444444444444444 0.1111111111111111
0 0.4622222222222222 0.5711111111111111 0.21333333333333335 0.3244444444444444
0 0.2644444444444444 0.52 0.30666666666666664 0.21333333333333335
0 0.29333333333333333 0.6511111111111111 0.2577777777777778 0.1111111111111111