0 0.4980694980694981 0.49742268041237114 0.9961389961389961 0.9948453608247423
0 0.5656370656370656 0.4639175257731959 0.07335907335907337 0.1134020618556701
0 0.5212355212355212 0.5670103092783505 0.04633204633204633 0.08247422680412371
0 0.5694980694980695 0.6185567010309279 0.05791505791505792 0.05154639175257732
0 0.6640926640926641 0.6082474226804123 0.06177606177606178 0.08247422680412371
0 0.7876447876447876 0.6469072164948454 0.0694980694980695 0.07731958762886598
0 0.8011583011583011 0.5927835051546392 0.05019305019305019 0.08247422680412371
0 0.5521235521235521 0.36597938144329895 0.09266409266409266 0.12371134020618557
0 0.44594594594594594 0.32989690721649484 0.06563706563706563 0.09278350515463918
0 0.4594594594594595 0.26288659793814434 0.07722007722007722 0.061855670103092786
0 0.5077220077220077 0.2654639175257732 0.03474903474903475 0.04639175257731959
0 0.5115830115830116 0.15206185567010308 0.05791505791505792 0.0979381443298969
0 0.24517374517374518 0.09536082474226804 0.06563706563706563 0.05670103092783505
0 0.23552123552123552 0.20103092783505155 0.04633204633204633 0.07216494845360824
0 0.2335907335907336 0.25773195876288657 0.07335907335907337 0.030927835051546393
0 0.19111969111969113 0.30412371134020616 0.06563706563706563 0.05154639175257732
0 0.2953667953667954 0.5695876288659794 0.08108108108108109 0.0979381443298969
0 0.19305019305019305 0.6804123711340206 0.06177606177606178 0.08247422680412371
0 0.2528957528957529 0.6829896907216495 0.05791505791505792 0.08762886597938144
0 0.24324324324324326 0.8247422680412371 0.08494208494208494 0.10309278350515463
0 0.14864864864864866 0.788659793814433 0.07335907335907337 0.1134020618556701
0 0.2471042471042471 0.6572164948453608 0.47876447876447875 0.6752577319587629
0 0.4922779922779923 0.7783505154639175 0.35135135135135137 0.4329896907216495
0 0.7084942084942085 0.5077319587628866 0.25096525096525096 0.3247422680412371
0 0.8532818532818532 0.8634020618556701 0.2857142857142857 0.26288659793814434
0 0.803088803088803 0.3015463917525773 0.2471042471042471 0.4381443298969072
0 0.3030888030888031 0.23969072164948454 0.26640926640926643 0.29381443298969073
0 0.7084942084942085 0.22422680412371135 0.5444015444015444 0.34536082474226804