0 0.8644444444444445 0.5044444444444445 0.22666666666666666 0.49333333333333335
0 0.5333333333333333 0.44222222222222224 0.3466666666666667 0.5288888888888889
0 0.16 0.4911111111111111 0.3111111111111111 0.52
0 0.8688888888888889 0.5733333333333334 0.2088888888888889 0.3022222222222222
0 0.5333333333333333 0.49777777777777776 0.32 0.35555555555555557
0 0.08444444444444445 0.5 0.10666666666666667 0.07555555555555556
0 0.17555555555555555 0.5355555555555556 0.1111111111111111 0.08444444444444445
0 0.23555555555555555 0.49777777777777776 0.09777777777777778 0.07111111111111111
0 0.26 0.5466666666666666 0.057777777777777775 0.044444444444444446
0 0.27555555555555555 0.6022222222222222 0.05333333333333334 0.07555555555555556
0 0.24222222222222223 0.68 0.12 0.044444444444444446
0 0.2 0.6222222222222222 0.09777777777777778 0.08
0 0.11777777777777777 0.6266666666666667 0.12 0.08
0 0.09777777777777778 0.6866666666666666 0.09777777777777778 0.04888888888888889
0 0.05333333333333334 0.64 0.06222222222222222 0.08
0 0.07333333333333333 0.5688888888888889 0.1111111111111111 0.07111111111111111