0 0.71 0.7128712871287128 0.148 0.42574257425742573
0 0.656 0.801980198019802 0.104 0.2871287128712871
0 0.534 0.42574257425742573 0.34 0.7326732673267327
0 0.378 0.7846534653465347 0.092 0.2623762376237624
0 0.468 0.8242574257425742 0.08 0.22277227722772278
0 0.554 0.8539603960396039 0.068 0.21287128712871287
0 0.53 0.6485148514851485 0.18 0.49504950495049505
0 0.304 0.5965346534653465 0.208 0.599009900990099
0 0.376 0.5767326732673267 0.064 0.14356435643564355
0 0.462 0.6336633663366337 0.06 0.1485148514851485
0 0.554 0.6881188118811881 0.06 0.10891089108910891
0 0.656 0.6138613861386139 0.072 0.06930693069306931
0 0.692 0.44554455445544555 0.112 0.09900990099009901
0 0.5 0.34405940594059403 0.12 0.10396039603960396
0 0.302 0.2747524752475248 0.084 0.034653465346534656
0 0.53 0.034653465346534656 0.084 0.039603960396039604