0 0.6377777777777778 0.5955555555555555 0.08444444444444445 0.13333333333333333
0 0.68 0.5333333333333333 0.08 0.08888888888888889
0 0.6488888888888888 0.45111111111111113 0.05333333333333334 0.07555555555555556
0 0.6711111111111111 0.4022222222222222 0.08 0.06666666666666667
0 0.64 0.3288888888888889 0.08 0.08
0 0.5466666666666666 0.3 0.08 0.057777777777777775
0 0.56 0.35555555555555557 0.14222222222222222 0.12444444444444444
0 0.5844444444444444 0.4444444444444444 0.057777777777777775 0.10666666666666667
0 0.4911111111111111 0.5088888888888888 0.12 0.1288888888888889
0 0.5711111111111111 0.5688888888888889 0.09333333333333334 0.12444444444444444
0 0.5422222222222223 0.6155555555555555 0.10666666666666667 0.09333333333333334
0 0.49777777777777776 0.6444444444444445 0.14222222222222222 0.07111111111111111
0 0.41333333333333333 0.6377777777777778 0.08 0.09333333333333334
0 0.34 0.6088888888888889 0.06666666666666667 0.09777777777777778
0 0.3977777777777778 0.56 0.09333333333333334 0.09777777777777778
0 0.32666666666666666 0.5577777777777778 0.09333333333333334 0.08444444444444445
0 0.30444444444444446 0.4955555555555556 0.1111111111111111 0.07555555555555556
0 0.38 0.4866666666666667 0.1111111111111111 0.14666666666666667
0 0.2866666666666667 0.44 0.10222222222222223 0.07111111111111111
0 0.3333333333333333 0.36 0.07111111111111111 0.12444444444444444
0 0.4177777777777778 0.3333333333333333 0.08888888888888889 0.1688888888888889
0 0.4444444444444444 0.37333333333333335 0.11555555555555555 0.08
0 0.4911111111111111 0.2911111111111111 0.07555555555555556 0.09333333333333334