0 0.95 0.85 0.08 0.12
0 0.945 0.71 0.1 0.11
0 0.9625 0.62 0.065 0.05
0 0.9625 0.5675 0.055 0.075
0 0.8625 0.2225 0.075 0.075
0 0.84 0.155 0.08 0.07
0 0.79 0.0975 0.05 0.045
0 0.7675 0.025 0.085 0.05
0 0.25 0.025 0.06 0.05
0 0.1125 0.2525 0.075 0.085
0 0.0675 0.105 0.075 0.12
0 0.1775 0.905 0.045 0.06
0 0.1 0.74 0.1 0.08
0 0.265 0.955 0.08 0.07
0 0.325 0.9225 0.08 0.075
0 0.365 0.9725 0.08 0.045
0 0.425 0.955 0.11 0.08
0 0.5475 0.97 0.145 0.05
0 0.6275 0.9725 0.095 0.045
0 0.73 0.96 0.12 0.07
0 0.78 0.935 0.11 0.11
0 0.84 0.895 0.1 0.1
0 0.865 0.8125 0.08 0.065
0 0.895 0.4075 0.08 0.095
0 0.915 0.46 0.05 0.07
0 0.8425 0.34 0.055 0.09
0 0.1025 0.355 0.075 0.11
0 0.07 0.44 0.06 0.06
0 0.1075 0.46 0.095 0.07
0 0.12 0.5375 0.1 0.095
0 0.1025 0.6225 0.095 0.085
0 0.24 0.1775 0.06 0.125
0 0.31 0.0875 0.1 0.075
0 0.34 0.0425 0.07 0.085
0 0.33 0.1475 0.08 0.075
0 0.3325 0.205 0.095 0.06
0 0.41 0.08 0.08 0.15
0 0.465 0.085 0.06 0.1
0 0.4975 0.0475 0.085 0.095
0 0.57 0.0225 0.08 0.045
0 0.6325 0.015 0.045 0.03
0 0.6875 0.035 0.065 0.07
0 0.66 0.09 0.09 0.06
0 0.605 0.0825 0.09 0.065
0 0.6325 0.1375 0.145 0.055
0 0.7575 0.135 0.065 0.08
0 0.7125 0.1825 0.085 0.075
0 0.4625 0.165 0.105 0.05
0 0.405 0.205 0.07 0.07
0 0.4725 0.215 0.075 0.06
0 0.5375 0.2 0.085 0.08
0 0.6275 0.2025 0.115 0.085
0 0.3275 0.2575 0.085 0.055
0 0.18 0.3175 0.06 0.075
0 0.2375 0.29 0.075 0.08
0 0.3625 0.3875 0.165 0.235
0 0.51 0.36 0.24 0.23
0 0.695 0.39 0.16 0.24
0 0.7325 0.2875 0.135 0.175
0 0.7875 0.48 0.185 0.22
0 0.87 0.4625 0.05 0.055
0 0.855 0.6125 0.13 0.145
0 0.8 0.7075 0.2 0.205
0 0.6 0.6025 0.24 0.295
0 0.6175 0.815 0.335 0.25
0 0.4125 0.785 0.225 0.3
0 0.3925 0.5425 0.255 0.285
0 0.1975 0.395 0.115 0.11
0 0.21 0.5075 0.1 0.115
0 0.2075 0.6175 0.105 0.115
0 0.24 0.73 0.12 0.13
0 0.225 0.8225 0.12 0.105
0 0.2375 0.905 0.085 0.08