0 0.6703056768558951 0.6022727272727273 0.24890829694323144 0.5590909090909091
0 0.8231441048034934 0.3659090909090909 0.24017467248908297 0.5409090909090909
0 0.5545851528384279 0.36363636363636365 0.23580786026200873 0.5454545454545454
0 0.39956331877729256 0.6 0.2576419213973799 0.5636363636363636
0 0.27510917030567683 0.3568181818181818 0.23580786026200873 0.55
0 0.12882096069868995 0.6068181818181818 0.24890829694323144 0.5590909090909091
0 0.6724890829694323 0.2772727272727273 0.14847161572052403 0.1
0 0.851528384279476 0.8409090909090909 0.27074235807860264 0.23636363636363636
0 0.8187772925764192 0.05227272727272727 0.13537117903930132 0.08636363636363636
0 0.5545851528384279 0.045454545454545456 0.13973799126637554 0.08181818181818182
0 0.39956331877729256 0.27045454545454545 0.14410480349344978 0.08636363636363636
0 0.2794759825327511 0.038636363636363635 0.13973799126637554 0.07727272727272727
0 0.12445414847161572 0.27045454545454545 0.13537117903930132 0.08636363636363636