0 0.8759259259259259 0.4144385026737968 0.17407407407407408 0.679144385026738
0 0.6481481481481481 0.4679144385026738 0.2074074074074074 0.8074866310160428
0 0.8629629629629629 0.5909090909090909 0.15555555555555556 0.1657754010695187
0 0.7037037037037037 0.40641711229946526 0.17777777777777778 0.6737967914438503
0 0.7444444444444445 0.6016042780748663 0.07407407407407407 0.15508021390374332
0 0.5092592592592593 0.4197860962566845 0.16666666666666666 0.6898395721925134
0 0.5203703703703704 0.5909090909090909 0.14444444444444443 0.15508021390374332
0 0.3425925925925926 0.47058823529411764 0.2037037037037037 0.8235294117647058
0 0.3296296296296296 0.679144385026738 0.18518518518518517 0.1711229946524064
0 0.3537037037037037 0.6310160427807486 0.13703703703703704 0.0748663101604278
0 0.14074074074074075 0.43315508021390375 0.2 0.6951871657754011
0 0.2222222222222222 0.39037433155080214 0.1259259259259259 0.5989304812834224