0 0.2911111111111111 0.8622222222222222 0.2 0.26666666666666666
0 0.4866666666666667 0.8288888888888889 0.19111111111111112 0.25333333333333335
0 0.6822222222222222 0.7777777777777778 0.2 0.24888888888888888
0 0.7955555555555556 0.6955555555555556 0.035555555555555556 0.2088888888888889
0 0.6377777777777778 0.49777777777777776 0.19111111111111112 0.2577777777777778
0 0.44 0.5155555555555555 0.19555555555555557 0.27555555555555555
0 0.5066666666666667 0.18888888888888888 0.21333333333333335 0.26222222222222225
0 0.6355555555555555 0.33555555555555555 0.18666666666666668 0.08444444444444445
0 0.7288888888888889 0.5533333333333333 0.1511111111111111 0.08444444444444445
0 0.6844444444444444 0.6355555555555555 0.17777777777777778 0.08888888888888889
0 0.44 0.3488888888888889 0.19555555555555557 0.08444444444444445
0 0.5155555555555555 0.028888888888888888 0.17777777777777778 0.057777777777777775
0 0.4911111111111111 0.6688888888888889 0.19111111111111112 0.09333333333333334
0 0.2866666666666667 0.6866666666666666 0.2 0.1111111111111111
0 0.29555555555555557 0.5955555555555555 0.1111111111111111 0.08