0 0.8866666666666667 0.5977777777777777 0.18222222222222223 0.39555555555555555
0 0.7133333333333334 0.6377777777777778 0.15555555555555556 0.3244444444444444
0 0.5555555555555556 0.6711111111111111 0.13333333333333333 0.2577777777777778
0 0.41555555555555557 0.6822222222222222 0.12 0.22666666666666666
0 0.2911111111111111 0.7 0.1111111111111111 0.2
0 0.1688888888888889 0.7111111111111111 0.09777777777777778 0.1688888888888889
0 0.06 0.7266666666666667 0.08444444444444445 0.13777777777777778
0 0.8844444444444445 0.3088888888888889 0.08 0.2
0 0.7088888888888889 0.3888888888888889 0.09333333333333334 0.18222222222222223
0 0.5555555555555556 0.4444444444444444 0.08888888888888889 0.19555555555555557
0 0.41555555555555557 0.4777777777777778 0.08444444444444445 0.19111111111111112
0 0.28444444444444444 0.5044444444444445 0.08 0.19111111111111112
0 0.16666666666666666 0.5311111111111111 0.08444444444444445 0.19111111111111112
0 0.05555555555555555 0.5644444444444444 0.09333333333333334 0.18666666666666668