0 0.9011976047904192 0.5629139072847682 0.07784431137724551 0.6754966887417219
0 0.7769461077844312 0.543046357615894 0.09880239520958084 0.7019867549668874
0 0.6452095808383234 0.4966887417218543 0.10479041916167664 0.7947019867549668
0 0.5104790419161677 0.5364238410596026 0.09880239520958084 0.7284768211920529
0 0.37425149700598803 0.5132450331125827 0.10778443113772455 0.7483443708609272
0 0.24251497005988024 0.5463576158940397 0.10179640718562874 0.7218543046357616
0 0.1122754491017964 0.5231788079470199 0.08682634730538923 0.7549668874172185
0 0.5059880239520959 0.1390728476821192 0.04790419161676647 0.06622516556291391
0 0.37574850299401197 0.10596026490066225 0.04491017964071856 0.052980132450331126
0 0.2440119760479042 0.15562913907284767 0.04491017964071856 0.059602649006622516
0 0.11077844311377245 0.1423841059602649 0.041916167664670656 0.033112582781456956
0 0.6422155688622755 0.0728476821192053 0.038922155688622756 0.039735099337748346
0 0.7739520958083832 0.15894039735099338 0.038922155688622756 0.052980132450331126
0 0.8952095808383234 0.1986754966887417 0.041916167664670656 0.052980132450331126