0 0.68 0.6777777777777778 0.4444444444444444 0.5377777777777778
0 0.5555555555555556 0.29555555555555557 0.4888888888888889 0.5111111111111111
0 0.3088888888888889 0.5644444444444444 0.41333333333333333 0.5955555555555555
0 0.37333333333333335 0.6355555555555555 0.17777777777777778 0.18666666666666668
0 0.44 0.7711111111111111 0.044444444444444446 0.1288888888888889
0 0.36 0.7733333333333333 0.16 0.10666666666666667
0 0.3244444444444444 0.6533333333333333 0.18666666666666668 0.19555555555555557
0 0.37777777777777777 0.5266666666666666 0.18666666666666668 0.057777777777777775
0 0.3711111111111111 0.49333333333333335 0.12 0.02666666666666667
0 0.21555555555555556 0.52 0.17333333333333334 0.08
0 0.19555555555555557 0.5822222222222222 0.1688888888888889 0.13333333333333333
0 0.17333333333333334 0.6288888888888889 0.11555555555555555 0.10222222222222223
0 0.1622222222222222 0.7444444444444445 0.1111111111111111 0.16444444444444445
0 0.23777777777777778 0.7155555555555555 0.057777777777777775 0.09777777777777778
0 0.2222222222222222 0.7888888888888889 0.05333333333333334 0.07555555555555556
0 0.24888888888888888 0.7911111111111111 0.11555555555555555 0.08888888888888889
0 0.36444444444444446 0.7866666666666666 0.1688888888888889 0.09777777777777778