0 0.4644808743169399 0.7472727272727273 0.26229508196721313 0.31636363636363635
0 0.08196721311475409 0.6836363636363636 0.16393442622950818 0.4581818181818182
0 0.2540983606557377 0.7036363636363636 0.20218579234972678 0.2727272727272727
0 0.319672131147541 0.5072727272727273 0.2896174863387978 0.09818181818181818
0 0.6475409836065574 0.5545454545454546 0.3770491803278688 0.3527272727272727
0 0.6612021857923497 0.7090909090909091 0.12021857923497267 0.21818181818181817
0 0.47540983606557374 0.5690909090909091 0.24043715846994534 0.05454545454545454
0 0.6174863387978142 0.5636363636363636 0.20765027322404372 0.05818181818181818
0 0.644808743169399 0.35818181818181816 0.273224043715847 0.04
0 0.31693989071038253 0.4309090909090909 0.273224043715847 0.04
0 0.2677595628415301 0.5290909090909091 0.20765027322404372 0.06181818181818182
0 0.09016393442622951 0.4163636363636364 0.18032786885245902 0.07636363636363637