0 0.9101382488479263 0.7176724137931034 0.1152073732718894 0.36637931034482757
0 0.9078341013824884 0.3857758620689655 0.08294930875576037 0.1853448275862069
0 0.8663594470046083 0.14224137931034483 0.18433179723502305 0.23275862068965517
0 0.7811059907834101 0.3922413793103448 0.08755760368663594 0.1724137931034483
0 0.7649769585253456 0.7176724137931034 0.11059907834101383 0.36637931034482757
0 0.5967741935483871 0.709051724137931 0.15207373271889402 0.38362068965517243
0 0.41013824884792627 0.7004310344827587 0.15668202764976957 0.40086206896551724
0 0.24193548387096775 0.6939655172413793 0.1152073732718894 0.4051724137931034
0 0.0944700460829493 0.6810344827586207 0.10599078341013825 0.43103448275862066
0 0.30414746543778803 0.20689655172413793 0.09216589861751152 0.3706896551724138
0 0.47235023041474655 0.1896551724137931 0.1336405529953917 0.33620689655172414
0 0.652073732718894 0.16594827586206898 0.1152073732718894 0.2974137931034483
0 0.10829493087557604 0.21767241379310345 0.14285714285714285 0.3922413793103448