0 0.7248062015503876 0.5331632653061225 0.1937984496124031 0.45408163265306123
0 0.6317829457364341 0.7295918367346939 0.32558139534883723 0.2653061224489796
0 0.4689922480620155 0.4387755102040816 0.2558139534883721 0.6428571428571429
0 0.39341085271317827 0.6964285714285714 0.12790697674418605 0.29081632653061223
0 0.3333333333333333 0.7806122448979592 0.08527131782945736 0.23469387755102042
0 0.25 0.7270408163265306 0.1124031007751938 0.29081632653061223
0 0.2248062015503876 0.5510204081632653 0.1937984496124031 0.5
0 0.39147286821705424 0.5306122448979592 0.09302325581395349 0.09183673469387756
0 0.7228682170542635 0.2755102040816326 0.13565891472868216 0.09183673469387756
0 0.4941860465116279 0.8367346938775511 0.08139534883720931 0.09183673469387756
0 0.4748062015503876 0.8877551020408163 0.15891472868217055 0.10204081632653061
0 0.8352713178294574 0.8673469387755102 0.12015503875968993 0.11224489795918367