0 0.7271062271062271 0.6114130434782609 0.1282051282051282 0.7010869565217391
0 0.6172161172161172 0.5679347826086957 0.0989010989010989 0.657608695652174
0 0.5146520146520146 0.6195652173913043 0.1282051282051282 0.6956521739130435
0 0.4633699633699634 0.5706521739130435 0.054945054945054944 0.532608695652174
0 0.3882783882783883 0.5679347826086957 0.10989010989010989 0.657608695652174
0 0.29304029304029305 0.595108695652174 0.1391941391941392 0.7445652173913043
0 0.7289377289377289 0.2608695652173913 0.05860805860805861 0.03260869565217391
0 0.608058608058608 0.23097826086956522 0.05128205128205128 0.02717391304347826
0 0.5128205128205128 0.26358695652173914 0.05128205128205128 0.03804347826086957
0 0.46886446886446886 0.2907608695652174 0.03663003663003663 0.02717391304347826
0 0.36996336996337 0.22826086956521738 0.05128205128205128 0.03260869565217391
0 0.28205128205128205 0.21195652173913043 0.05860805860805861 0.021739130434782608