0 0.7647058823529411 0.6424731182795699 0.3235294117647059 0.25268817204301075
0 0.6378676470588235 0.728494623655914 0.12867647058823528 0.16666666666666666
0 0.6397058823529411 0.782258064516129 0.022058823529411766 0.08064516129032258
0 0.5257352941176471 0.7204301075268817 0.10294117647058823 0.11827956989247312
0 0.6911764705882353 0.5241935483870968 0.23529411764705882 0.06989247311827956
0 0.36580882352941174 0.6720430107526881 0.11397058823529412 0.20430107526881722
0 0.43933823529411764 0.7365591397849462 0.03308823529411765 0.07526881720430108
0 0.24080882352941177 0.7123655913978495 0.13602941176470587 0.14516129032258066
0 0.24448529411764705 0.6370967741935484 0.025735294117647058 0.04838709677419355
0 0.20772058823529413 0.6129032258064516 0.04779411764705882 0.043010752688172046
0 0.1948529411764706 0.6612903225806451 0.022058823529411766 0.06451612903225806
0 0.14154411764705882 0.6666666666666666 0.04779411764705882 0.07526881720430108
0 0.14154411764705882 0.5860215053763441 0.03308823529411765 0.043010752688172046
0 0.18566176470588236 0.5268817204301075 0.05514705882352941 0.053763440860215055
0 0.21507352941176472 0.4946236559139785 0.04044117647058824 0.03225806451612903
0 0.27205882352941174 0.4596774193548387 0.051470588235294115 0.08064516129032258
0 0.31985294117647056 0.543010752688172 0.08088235294117647 0.12903225806451613
0 0.41360294117647056 0.478494623655914 0.2610294117647059 0.15053763440860216
0 0.46691176470588236 0.5456989247311828 0.22794117647058823 0.14516129032258066
0 0.48713235294117646 0.5456989247311828 0.1948529411764706 0.12365591397849462
0 0.5808823529411765 0.44086021505376344 0.11764705882352941 0.0967741935483871
0 0.6801470588235294 0.4435483870967742 0.14705882352941177 0.14516129032258066
0 0.7683823529411765 0.3602150537634409 0.11764705882352941 0.0967741935483871
0 0.8088235294117647 0.29301075268817206 0.051470588235294115 0.04838709677419355
0 0.8492647058823529 0.40860215053763443 0.10294117647058823 0.0967741935483871
0 0.5588235294117647 0.3870967741935484 0.125 0.06451612903225806
0 0.6507352941176471 0.3279569892473118 0.08088235294117647 0.053763440860215055
0 0.6838235294117647 0.271505376344086 0.0661764705882353 0.08064516129032258
0 0.6102941176470589 0.20967741935483872 0.08088235294117647 0.07526881720430108
0 0.6029411764705882 0.27419354838709675 0.08088235294117647 0.06451612903225806
0 0.5330882352941176 0.3010752688172043 0.125 0.07526881720430108
0 0.5330882352941176 0.3521505376344086 0.17647058823529413 0.10215053763440861
0 0.4117647058823529 0.3763440860215054 0.04411764705882353 0.08602150537634409
0 0.4797794117647059 0.2446236559139785 0.09926470588235294 0.06989247311827956
0 0.5055147058823529 0.1774193548387097 0.08455882352941177 0.10752688172043011
0 0.5257352941176471 0.12365591397849462 0.022058823529411766 0.053763440860215055
0 0.44669117647058826 0.15591397849462366 0.03308823529411765 0.08602150537634409
0 0.44669117647058826 0.20698924731182797 0.04779411764705882 0.06989247311827956
0 0.375 0.1774193548387097 0.09558823529411764 0.053763440860215055
0 0.4025735294117647 0.11827956989247312 0.025735294117647058 0.053763440860215055
0 0.3584558823529412 0.23655913978494625 0.12867647058823528 0.07526881720430108
0 0.39338235294117646 0.25806451612903225 0.09558823529411764 0.08602150537634409
0 0.3492647058823529 0.3010752688172043 0.11029411764705882 0.06451612903225806
0 0.32169117647058826 0.3467741935483871 0.06985294117647059 0.06989247311827956
0 0.2647058823529412 0.25806451612903225 0.07352941176470588 0.0967741935483871
0 0.1875 0.26344086021505375 0.058823529411764705 0.03225806451612903
0 0.19669117647058823 0.30913978494623656 0.04779411764705882 0.05913978494623656
0 0.24816176470588236 0.3279569892473118 0.07720588235294118 0.06451612903225806
0 0.20588235294117646 0.3602150537634409 0.0661764705882353 0.053763440860215055
0 0.27389705882352944 0.3817204301075269 0.01838235294117647 0.021505376344086023
0 0.15441176470588236 0.40591397849462363 0.058823529411764705 0.05913978494623656
0 0.10477941176470588 0.48118279569892475 0.04779411764705882 0.08064516129032258
0 0.20588235294117646 0.4489247311827957 0.11764705882352941 0.11290322580645161