0 0.8511111111111112 0.7466666666666667 0.19111111111111112 0.2311111111111111
0 0.8222222222222222 0.46 0.18666666666666668 0.22666666666666666
0 0.6088888888888889 0.7822222222222223 0.19555555555555557 0.24888888888888888
0 0.14 0.7266666666666667 0.19111111111111112 0.21777777777777776
0 0.2688888888888889 0.6955555555555556 0.14666666666666667 0.21777777777777776
0 0.42444444444444446 0.7133333333333334 0.18222222222222223 0.22666666666666666
0 0.5155555555555555 0.43777777777777777 0.18666666666666668 0.21777777777777776
0 0.33111111111111113 0.44 0.17333333333333334 0.20444444444444446
0 0.1511111111111111 0.4622222222222222 0.18666666666666668 0.2222222222222222
0 0.23777777777777778 0.18666666666666668 0.18222222222222223 0.21333333333333335
0 0.7866666666666666 0.7 0.18666666666666668 0.22666666666666666
0 0.8244444444444444 0.3244444444444444 0.18222222222222223 0.05333333333333334
0 0.8533333333333334 0.6044444444444445 0.17777777777777778 0.044444444444444446
0 0.7822222222222223 0.5644444444444444 0.20444444444444446 0.05333333333333334
0 0.6111111111111112 0.6333333333333333 0.19111111111111112 0.04888888888888889
0 0.6022222222222222 0.5577777777777778 0.15555555555555556 0.04888888888888889
0 0.5133333333333333 0.3088888888888889 0.18222222222222223 0.04
0 0.32666666666666666 0.3088888888888889 0.15555555555555556 0.04
0 0.2311111111111111 0.05555555555555555 0.18666666666666668 0.04
0 0.14444444444444443 0.3244444444444444 0.18222222222222223 0.044444444444444446
0 0.13111111111111112 0.5911111111111111 0.17333333333333334 0.035555555555555556
0 0.28444444444444444 0.5666666666666667 0.13333333333333333 0.03111111111111111
0 0.4266666666666667 0.5733333333333334 0.17777777777777778 0.044444444444444446