0 0.9242957746478874 0.6016949152542372 0.13732394366197184 0.5480225988700564
0 0.7764084507042254 0.5254237288135594 0.15845070422535212 0.7005649717514124
0 0.6302816901408451 0.5254237288135594 0.13380281690140844 0.6892655367231638
0 0.4964788732394366 0.5451977401129944 0.13380281690140844 0.6384180790960452
0 0.3609154929577465 0.519774011299435 0.13028169014084506 0.6892655367231638
0 0.21830985915492956 0.5056497175141242 0.15492957746478872 0.7288135593220338
0 0.07042253521126761 0.53954802259887 0.13380281690140844 0.6271186440677966
0 0.9225352112676056 0.2853107344632768 0.07042253521126761 0.062146892655367235
0 0.7746478873239436 0.1327683615819209 0.06338028169014084 0.062146892655367235
0 0.4982394366197183 0.20903954802259886 0.05985915492957746 0.022598870056497175
0 0.36619718309859156 0.16101694915254236 0.056338028169014086 0.02824858757062147
0 0.2147887323943662 0.12146892655367232 0.06338028169014084 0.02824858757062147