0 0.9364035087719298 0.38009049773755654 0.10087719298245613 0.5701357466063348
0 0.8728070175438597 0.4638009049773756 0.14035087719298245 0.5927601809954751
0 0.7478070175438597 0.5633484162895928 0.14473684210526316 0.6199095022624435
0 0.618421052631579 0.6538461538461539 0.17543859649122806 0.6380090497737556
0 0.6118421052631579 0.2692307692307692 0.10087719298245613 0.3665158371040724
0 0.706140350877193 0.3506787330316742 0.09649122807017543 0.3574660633484163
0 0.7785087719298246 0.2873303167420814 0.09210526315789473 0.38461538461538464
0 0.5 0.5610859728506787 0.14912280701754385 0.6244343891402715
0 0.5416666666666666 0.21266968325791855 0.07456140350877193 0.09954751131221719
0 0.43640350877192985 0.2647058823529412 0.08333333333333333 0.34841628959276016
0 0.3706140350877193 0.45701357466063347 0.16228070175438597 0.5972850678733032
0 0.26973684210526316 0.38687782805429866 0.12719298245614036 0.583710407239819
0 0.39035087719298245 0.8416289592760181 0.07017543859649122 0.05429864253393665
0 0.43640350877192985 0.8665158371040724 0.04824561403508772 0.058823529411764705
0 0.4956140350877193 0.8914027149321267 0.07894736842105263 0.07239819004524888
0 0.3969298245614035 0.9230769230769231 0.08333333333333333 0.05429864253393665
0 0.3508771929824561 0.8868778280542986 0.07894736842105263 0.05429864253393665
0 0.3223684210526316 0.8936651583710408 0.06578947368421052 0.049773755656108594
0 0.27631578947368424 0.8393665158371041 0.07894736842105263 0.07692307692307693
0 0.3157894736842105 0.834841628959276 0.043859649122807015 0.049773755656108594
0 0.32894736842105265 0.7850678733031674 0.07894736842105263 0.058823529411764705
0 0.23903508771929824 0.7850678733031674 0.08333333333333333 0.049773755656108594
0 0.19956140350877194 0.8393665158371041 0.07456140350877193 0.058823529411764705
0 0.23684210526315788 0.9027149321266968 0.08771929824561403 0.058823529411764705