0 0.19274809160305342 0.21243523316062177 0.38549618320610685 0.42487046632124353
0 0.20038167938931298 0.20207253886010362 0.1717557251908397 0.24870466321243523
0 0.30916030534351147 0.27202072538860106 0.061068702290076333 0.07772020725388601
0 0.34923664122137404 0.29533678756476683 0.15648854961832062 0.22797927461139897
0 0.29770992366412213 0.37823834196891193 0.16030534351145037 0.10362694300518134
0 0.18893129770992367 0.4015544041450777 0.10305343511450382 0.09844559585492228
0 0.25572519083969464 0.4792746113989637 0.1984732824427481 0.13989637305699482
0 0.07633587786259542 0.6528497409326425 0.15267175572519084 0.20725388601036268
0 0.1717557251908397 0.6813471502590673 0.3435114503816794 0.41968911917098445
0 0.44083969465648853 0.7150259067357513 0.3473282442748092 0.31088082901554404
0 0.4751908396946565 0.7305699481865285 0.3473282442748092 0.19689119170984457
0 0.7061068702290076 0.6398963730569949 0.22137404580152673 0.12953367875647667
0 0.8225190839694656 0.5984455958549223 0.03435114503816794 0.05699481865284974
0 0.8225190839694656 0.5025906735751295 0.29389312977099236 0.11398963730569948
0 0.6507633587786259 0.5466321243523317 0.1183206106870229 0.046632124352331605
0 0.6202290076335878 0.5051813471502591 0.0648854961832061 0.08808290155440414
0 0.648854961832061 0.45595854922279794 0.05343511450381679 0.08290155440414508
0 0.5477099236641222 0.4637305699481865 0.22519083969465647 0.18134715025906736
0 0.47900763358778625 0.39378238341968913 0.08778625954198473 0.07253886010362694
0 0.5534351145038168 0.3756476683937824 0.03816793893129771 0.05699481865284974
0 0.40076335877862596 0.45595854922279794 0.06870229007633588 0.08290155440414508
0 0.4618320610687023 0.46113989637305697 0.06870229007633588 0.06217616580310881