0 0.7311111111111112 0.78 0.31555555555555553 0.3422222222222222
0 0.7177777777777777 0.26666666666666666 0.3244444444444444 0.24888888888888888
0 0.26 0.7288888888888889 0.36 0.38222222222222224
0 0.6311111111111111 0.7133333333333334 0.08888888888888889 0.08444444444444445
0 0.7777777777777778 0.6888888888888889 0.18666666666666668 0.08888888888888889
0 0.6866666666666666 0.7733333333333333 0.16444444444444445 0.08888888888888889
0 0.8177777777777778 0.8266666666666667 0.10666666666666667 0.1688888888888889
0 0.7022222222222222 0.8466666666666667 0.10666666666666667 0.04888888888888889
0 0.7155555555555555 0.9066666666666666 0.11555555555555555 0.06222222222222222
0 0.6266666666666667 0.8866666666666667 0.07111111111111111 0.04888888888888889
0 0.6266666666666667 0.8377777777777777 0.07111111111111111 0.057777777777777775
0 0.6333333333333333 0.6511111111111111 0.08444444444444445 0.04