0 0.8711111111111111 0.5 0.1511111111111111 0.5911111111111111
0 0.7644444444444445 0.5311111111111111 0.1688888888888889 0.5822222222222222
0 0.6377777777777778 0.5755555555555556 0.17333333333333334 0.5911111111111111
0 0.4888888888888889 0.6133333333333333 0.18666666666666668 0.5866666666666667
0 0.32222222222222224 0.5822222222222222 0.19111111111111112 0.5866666666666667
0 0.20222222222222222 0.5377777777777778 0.14666666666666667 0.5866666666666667
0 0.11555555555555555 0.5044444444444445 0.14222222222222222 0.5911111111111111
0 0.3466666666666667 0.24888888888888888 0.06222222222222222 0.08
0 0.4111111111111111 0.37555555555555553 0.08444444444444445 0.26222222222222225
0 0.58 0.3622222222222222 0.08444444444444445 0.23555555555555555
0 0.5288888888888889 0.26666666666666666 0.07111111111111111 0.12444444444444444
0 0.7 0.32666666666666666 0.07555555555555556 0.23555555555555555