0 0.4467005076142132 0.609375 0.27411167512690354 0.390625
0 0.7969543147208121 0.349609375 0.2131979695431472 0.13671875
0 0.7208121827411168 0.48828125 0.20304568527918782 0.109375
0 0.6522842639593909 0.544921875 0.1065989847715736 0.04296875
0 0.7233502538071066 0.365234375 0.09644670050761421 0.04296875
0 0.751269035532995 0.2265625 0.050761421319796954 0.0703125
0 0.6675126903553299 0.259765625 0.07614213197969544 0.05859375
0 0.6472081218274112 0.310546875 0.07614213197969544 0.03515625
0 0.4467005076142132 0.330078125 0.3350253807106599 0.21484375
0 0.25888324873096447 0.33984375 0.1319796954314721 0.140625
0 0.1598984771573604 0.357421875 0.08629441624365482 0.07421875
0 0.11928934010152284 0.439453125 0.07614213197969544 0.07421875
0 0.19796954314720813 0.4296875 0.10152284263959391 0.0546875
0 0.27411167512690354 0.462890625 0.1116751269035533 0.05859375
0 0.2918781725888325 0.5078125 0.06598984771573604 0.046875
0 0.3680203045685279 0.57421875 0.08629441624365482 0.0546875
0 0.116751269035533 0.541015625 0.1116751269035533 0.09765625