0 0.7752808988764045 0.7063492063492064 0.15730337078651685 0.1746031746031746
0 0.8932584269662921 0.6640211640211641 0.04868913857677903 0.07936507936507936
0 0.8164794007490637 0.6402116402116402 0.02247191011235955 0.06349206349206349
0 0.8295880149812734 0.58994708994709 0.06367041198501873 0.047619047619047616
0 0.7659176029962547 0.6349206349206349 0.04868913857677903 0.06349206349206349
0 0.898876404494382 0.5714285714285714 0.0299625468164794 0.05291005291005291
0 0.8408239700374532 0.4973544973544973 0.056179775280898875 0.06349206349206349
0 0.8258426966292135 0.4708994708994709 0.04868913857677903 0.042328042328042326
0 0.9344569288389513 0.4708994708994709 0.07116104868913857 0.1164021164021164
0 0.8595505617977528 0.4312169312169312 0.16853932584269662 0.13227513227513227
0 0.8389513108614233 0.3412698412698413 0.0898876404494382 0.07936507936507936
0 0.8913857677902621 0.3915343915343915 0.052434456928838954 0.09523809523809523
0 0.7808988764044944 0.2857142857142857 0.07865168539325842 0.042328042328042326
0 0.8314606741573034 0.2724867724867725 0.03745318352059925 0.06878306878306878
0 0.8632958801498127 0.23809523809523808 0.07116104868913857 0.07407407407407407
0 0.7509363295880149 0.335978835978836 0.018726591760299626 0.037037037037037035
0 0.7584269662921348 0.3835978835978836 0.011235955056179775 0.015873015873015872
0 0.6947565543071161 0.3915343915343915 0.07865168539325842 0.06349206349206349
0 0.7397003745318352 0.4417989417989418 0.06367041198501873 0.0582010582010582
0 0.6835205992509363 0.5264550264550265 0.11610486891385768 0.1111111111111111
0 0.6161048689138576 0.671957671957672 0.13857677902621723 0.20105820105820105
0 0.5393258426966292 0.7195767195767195 0.0449438202247191 0.06349206349206349
0 0.4400749063670412 0.7116402116402116 0.13108614232209737 0.13227513227513227
0 0.47191011235955055 0.5582010582010583 0.149812734082397 0.1111111111111111
0 0.5093632958801498 0.5555555555555556 0.2696629213483146 0.1693121693121693
0 0.5805243445692884 0.43915343915343913 0.29213483146067415 0.1164021164021164
0 0.301498127340824 0.716931216931217 0.13108614232209737 0.164021164021164
0 0.30337078651685395 0.7619047619047619 0.0299625468164794 0.06349206349206349
0 0.1797752808988764 0.6164021164021164 0.3595505617977528 0.24867724867724866
0 0.1254681647940075 0.5 0.026217228464419477 0.037037037037037035
0 0.26779026217228463 0.5079365079365079 0.12359550561797752 0.05291005291005291
0 0.3333333333333333 0.49206349206349204 0.08239700374531835 0.07407407407407407
0 0.26591760299625467 0.41798941798941797 0.18726591760299627 0.15873015873015872
0 0.3857677902621723 0.41798941798941797 0.12734082397003746 0.09523809523809523
0 0.4157303370786517 0.34656084656084657 0.149812734082397 0.06878306878306878
0 0.4438202247191011 0.31216931216931215 0.18352059925093633 0.12698412698412698
0 0.5205992509363296 0.30687830687830686 0.0299625468164794 0.06349206349206349
0 0.5767790262172284 0.335978835978836 0.08239700374531835 0.08994708994708994
0 0.6198501872659176 0.2777777777777778 0.06367041198501873 0.047619047619047616
0 0.6966292134831461 0.30423280423280424 0.0898876404494382 0.06878306878306878
0 0.7752808988764045 0.21428571428571427 0.10486891385767791 0.08994708994708994
0 0.6666666666666666 0.18783068783068782 0.15730337078651685 0.08994708994708994
0 0.6123595505617978 0.20634920634920634 0.10861423220973783 0.09523809523809523
0 0.5149812734082397 0.21164021164021163 0.10861423220973783 0.07407407407407407
0 0.5468164794007491 0.15608465608465608 0.0149812734082397 0.037037037037037035
0 0.5674157303370787 0.10582010582010581 0.04868913857677903 0.05291005291005291
0 0.6086142322097379 0.06084656084656084 0.026217228464419477 0.047619047619047616
0 0.6385767790262172 0.13756613756613756 0.10112359550561797 0.07407407407407407
0 0.48314606741573035 0.12698412698412698 0.09737827715355805 0.08465608465608465
0 0.46254681647940077 0.06349206349206349 0.018726591760299626 0.05291005291005291
0 0.36704119850187267 0.16666666666666666 0.0898876404494382 0.10052910052910052
0 0.352059925093633 0.2222222222222222 0.06741573033707865 0.05291005291005291
0 0.44569288389513106 0.2619047619047619 0.1348314606741573 0.10052910052910052
0 0.26217228464419473 0.21957671957671956 0.0898876404494382 0.08994708994708994
0 0.29213483146067415 0.2804232804232804 0.06741573033707865 0.042328042328042326
0 0.27153558052434457 0.32275132275132273 0.07865168539325842 0.042328042328042326
0 0.16666666666666666 0.3148148148148148 0.13857677902621723 0.1111111111111111
0 0.12734082397003746 0.24338624338624337 0.0599250936329588 0.042328042328042326
0 0.06741573033707865 0.37037037037037035 0.1198501872659176 0.12698412698412698