0 0.8591836734693877 0.6577669902912622 0.2571428571428571 0.6262135922330098
0 0.6877551020408164 0.5776699029126213 0.20816326530612245 0.5728155339805825
0 0.5040816326530613 0.6407766990291263 0.24081632653061225 0.6116504854368932
0 0.49387755102040815 0.3276699029126214 0.21224489795918366 0.1407766990291262
0 0.3020408163265306 0.5825242718446602 0.20408163265306123 0.5825242718446602
0 0.1346938775510204 0.6699029126213593 0.2530612244897959 0.6310679611650486
0 0.5061224489795918 0.16990291262135923 0.10612244897959183 0.18446601941747573
0 0.6877551020408164 0.1383495145631068 0.09387755102040816 0.16019417475728157
0 0.8551020408163266 0.1796116504854369 0.11020408163265306 0.17475728155339806
0 0.49387755102040815 0.08495145631067962 0.08979591836734693 0.13106796116504854
0 0.3020408163265306 0.1383495145631068 0.08979591836734693 0.16990291262135923
0 0.12653061224489795 0.19902912621359223 0.10612244897959183 0.1650485436893204