0 0.6983333333333334 0.6071428571428571 0.20333333333333334 0.6190476190476191
0 0.5966666666666667 0.7172619047619048 0.12 0.49404761904761907
0 0.5116666666666667 0.8422619047619048 0.15666666666666668 0.30357142857142855
0 0.36333333333333334 0.7916666666666666 0.15333333333333332 0.40476190476190477
0 0.36333333333333334 0.6934523809523809 0.18666666666666668 0.48214285714285715
0 0.5016666666666667 0.5238095238095238 0.16333333333333333 0.34523809523809523
0 0.22166666666666668 0.6696428571428571 0.11 0.375
0 0.24833333333333332 0.8809523809523809 0.09666666666666666 0.08333333333333333
0 0.4 0.25595238095238093 0.09333333333333334 0.39285714285714285
0 0.505 0.17857142857142858 0.08333333333333333 0.34523809523809523
0 0.5866666666666667 0.25892857142857145 0.06 0.43452380952380953