0 0.7766497461928934 0.53125 0.14720812182741116 0.46875
0 0.6230964467005076 0.546875 0.13451776649746192 0.40625
0 0.48984771573604063 0.58984375 0.1116751269035533 0.3203125
0 0.3769035532994924 0.5859375 0.10406091370558376 0.3125
0 0.26903553299492383 0.60546875 0.10152284263959391 0.2890625
0 0.1713197969543147 0.625 0.08883248730964467 0.234375
0 0.7766497461928934 0.26953125 0.1218274111675127 0.0546875
0 0.6230964467005076 0.32421875 0.11421319796954314 0.0703125
0 0.49111675126903553 0.39453125 0.08883248730964467 0.0546875
0 0.3769035532994924 0.41015625 0.07360406091370558 0.0546875
0 0.2715736040609137 0.4296875 0.07614213197969544 0.046875
0 0.1713197969543147 0.48046875 0.07360406091370558 0.0546875