0 0.9745454545454545 0.9262295081967213 0.04363636363636364 0.1366120218579235
0 0.9581818181818181 0.8360655737704918 0.07636363636363637 0.14207650273224043
0 0.9127272727272727 0.9644808743169399 0.09454545454545454 0.060109289617486336
0 0.8181818181818182 0.825136612021858 0.12363636363636364 0.2185792349726776
0 0.9363636363636364 0.7896174863387978 0.12 0.15846994535519127
0 0.9545454545454546 0.7131147540983607 0.08363636363636363 0.07103825136612021
0 0.8927272727272727 0.9590163934426229 0.12 0.07103825136612021
0 0.7672727272727272 0.9590163934426229 0.11636363636363636 0.07103825136612021
0 0.6709090909090909 0.9344262295081968 0.15636363636363637 0.12021857923497267
0 0.7327272727272728 0.8715846994535519 0.14181818181818182 0.12568306010928962
0 0.5545454545454546 0.9398907103825137 0.10545454545454545 0.1092896174863388
0 0.5054545454545455 0.9016393442622951 0.12363636363636364 0.16393442622950818
0 0.4709090909090909 0.9726775956284153 0.08363636363636363 0.04371584699453552
0 0.43272727272727274 0.8989071038251366 0.09454545454545454 0.11475409836065574
0 0.3509090909090909 0.9371584699453552 0.13454545454545455 0.11475409836065574
0 0.24181818181818182 0.9180327868852459 0.12727272727272726 0.15300546448087432
0 0.3618181818181818 0.8224043715846995 0.15636363636363637 0.18032786885245902
0 0.4254545454545455 0.7431693989071039 0.13818181818181818 0.12021857923497267
0 0.49272727272727274 0.8032786885245902 0.08363636363636363 0.1092896174863388
0 0.2290909090909091 0.7704918032786885 0.12363636363636364 0.13114754098360656
0 0.27454545454545454 0.6830601092896175 0.15636363636363637 0.16393442622950818
0 0.23454545454545456 0.5819672131147541 0.13454545454545455 0.08196721311475409
0 0.3145454545454546 0.592896174863388 0.06909090909090909 0.08196721311475409
0 0.05454545454545454 0.773224043715847 0.10909090909090909 0.18032786885245902
0 0.038181818181818185 0.8879781420765027 0.07636363636363637 0.1912568306010929
0 0.09454545454545454 0.9316939890710383 0.13818181818181818 0.12568306010928962
0 0.1509090909090909 0.8579234972677595 0.11272727272727273 0.14207650273224043
0 0.16 0.7295081967213115 0.10181818181818182 0.15846994535519127
0 0.14181818181818182 0.5683060109289617 0.10181818181818182 0.24043715846994534
0 0.06909090909090909 0.6202185792349727 0.10909090909090909 0.1366120218579235
0 0.04181818181818182 0.5710382513661202 0.08363636363636363 0.22404371584699453
0 0.5872727272727273 0.7814207650273224 0.13454545454545455 0.18579234972677597
0 0.7 0.7295081967213115 0.10545454545454545 0.14754098360655737
0 0.7327272727272728 0.7595628415300546 0.08363636363636363 0.16393442622950818
0 0.8236363636363636 0.6530054644808743 0.09090909090909091 0.12568306010928962
0 0.9127272727272727 0.6420765027322405 0.11636363636363636 0.18032786885245902
0 0.9472727272727273 0.5683060109289617 0.09818181818181818 0.2185792349726776
0 0.8909090909090909 0.4562841530054645 0.14545454545454545 0.20218579234972678
0 0.9345454545454546 0.28688524590163933 0.12363636363636364 0.21311475409836064
0 0.9745454545454545 0.1830601092896175 0.04363636363636364 0.11475409836065574
0 0.9763636363636363 0.4426229508196721 0.04 0.12021857923497267
0 0.7927272727272727 0.546448087431694 0.10909090909090909 0.14207650273224043
0 0.7381818181818182 0.5983606557377049 0.08 0.1366120218579235
0 0.6527272727272727 0.6092896174863388 0.13454545454545455 0.1912568306010929
0 0.6454545454545455 0.4726775956284153 0.11272727272727273 0.12568306010928962
0 0.6454545454545455 0.3770491803278688 0.08363636363636363 0.15300546448087432
0 0.7181818181818181 0.36885245901639346 0.13454545454545455 0.15846994535519127
0 0.7563636363636363 0.505464480874317 0.08727272727272728 0.14754098360655737
0 0.7927272727272727 0.32786885245901637 0.14545454545454545 0.17486338797814208
0 0.8581818181818182 0.28688524590163933 0.12363636363636364 0.21311475409836064
0 0.8527272727272728 0.15027322404371585 0.12727272727272726 0.1366120218579235
0 0.9181818181818182 0.12295081967213115 0.11272727272727273 0.10382513661202186
0 0.7836363636363637 0.22404371584699453 0.4254545454545455 0.44808743169398907
0 0.45636363636363636 0.5846994535519126 0.12 0.2185792349726776
0 0.54 0.6311475409836066 0.09818181818181818 0.23497267759562843
0 0.46 0.41530054644808745 0.06181818181818182 0.13114754098360656
0 0.5309090909090909 0.4207650273224044 0.08 0.1092896174863388
0 0.3418181818181818 0.5710382513661202 0.18181818181818182 0.2786885245901639
0 0.21272727272727274 0.43989071038251365 0.11272727272727273 0.21311475409836064
0 0.3018181818181818 0.3442622950819672 0.6036363636363636 0.6885245901639344
0 0.49818181818181817 0.4972677595628415 0.9963636363636363 0.994535519125683