0 0.806 0.6666666666666666 0.188 0.2857142857142857
0 0.56 0.4312169312169312 0.312 0.43915343915343913
0 0.586 0.7645502645502645 0.14 0.14285714285714285
0 0.26 0.5555555555555556 0.208 0.2751322751322751
0 0.39 0.7698412698412699 0.14 0.14285714285714285
0 0.16 0.7195767195767195 0.16 0.21164021164021163
0 0.806 0.5079365079365079 0.188 0.13756613756613756
0 0.56 0.1746031746031746 0.256 0.14814814814814814
0 0.582 0.6587301587301587 0.148 0.12169312169312169
0 0.388 0.671957671957672 0.144 0.12698412698412698
0 0.254 0.3862433862433862 0.212 0.14814814814814814
0 0.16 0.5846560846560847 0.152 0.12169312169312169