0 0.90859375 0.5546875 0.084375 0.48359375
0 0.81875 0.55546875 0.0921875 0.4859375
0 0.7140625 0.52734375 0.06015625 0.4921875
0 0.6515625 0.5328125 0.05625 0.4671875
0 0.56953125 0.5390625 0.084375 0.4578125
0 0.48828125 0.5234375 0.07890625 0.4828125
0 0.41484375 0.5375 0.0875 0.471875
0 0.3265625 0.53515625 0.07734375 0.440625
0 0.24296875 0.571875 0.08359375 0.42421875
0 0.1671875 0.53828125 0.0609375 0.334375
0 0.09609375 0.52109375 0.05703125 0.340625
0 0.02734375 0.621875 0.05390625 0.5109375
0 0.27421875 0.20546875 0.13671875 0.19609375
0 0.38828125 0.21484375 0.07734375 0.19609375