0 0.788 0.5813253012048193 0.184 0.5
0 0.664 0.7469879518072289 0.184 0.24096385542168675
0 0.504 0.5933734939759037 0.224 0.463855421686747
0 0.626 0.3855421686746988 0.204 0.3855421686746988
0 0.386 0.3855421686746988 0.164 0.26506024096385544
0 0.316 0.7259036144578314 0.256 0.29518072289156627
0 0.228 0.5933734939759037 0.232 0.45180722891566266
0 0.664 0.5993975903614458 0.144 0.06626506024096386
0 0.788 0.29819277108433734 0.176 0.05421686746987952
0 0.626 0.16265060240963855 0.18 0.07228915662650602
0 0.504 0.3313253012048193 0.184 0.07228915662650602
0 0.39 0.22289156626506024 0.164 0.060240963855421686
0 0.316 0.5421686746987951 0.256 0.10843373493975904