0 0.4971751412429379 0.4666666666666667 0.9943502824858758 0.9333333333333333
0 0.8389830508474576 0.7070175438596491 0.3107344632768362 0.21403508771929824
0 0.844632768361582 0.8614035087719298 0.288135593220339 0.12982456140350876
0 0.9152542372881356 0.8736842105263158 0.15819209039548024 0.13333333333333333
0 0.7146892655367232 0.8736842105263158 0.12994350282485875 0.12631578947368421
0 0.5169491525423728 0.868421052631579 0.288135593220339 0.12280701754385964
0 0.5790960451977402 0.8052631578947368 0.22033898305084745 0.05964912280701754
0 0.5903954802259888 0.7719298245614035 0.1751412429378531 0.042105263157894736
0 0.6242937853107344 0.7315789473684211 0.23163841807909605 0.08070175438596491
0 0.8983050847457628 0.45614035087719296 0.192090395480226 0.3298245614035088
0 0.9548022598870056 0.32280701754385965 0.07909604519774012 0.07719298245614035
0 0.8559322033898306 0.2578947368421053 0.2768361581920904 0.14385964912280702
0 0.9293785310734464 0.14736842105263157 0.12994350282485875 0.09824561403508772
0 0.576271186440678 0.4192982456140351 0.4858757062146893 0.36140350877192984
0 0.5451977401129944 0.6263157894736842 0.536723163841808 0.27017543859649124
0 0.23163841807909605 0.6719298245614035 0.1694915254237288 0.14385964912280702
0 0.2457627118644068 0.8105263157894737 0.1864406779661017 0.11929824561403508
0 0.062146892655367235 0.9035087719298246 0.0903954802259887 0.0456140350877193
0 0.10451977401129943 0.8263157894736842 0.1638418079096045 0.15789473684210525
0 0.062146892655367235 0.7157894736842105 0.12429378531073447 0.11929824561403508
0 0.05367231638418079 0.6421052631578947 0.10734463276836158 0.08421052631578947
0 0.1751412429378531 0.6228070175438597 0.24858757062146894 0.15789473684210525
0 0.2598870056497175 0.37543859649122807 0.4067796610169492 0.3719298245614035
0 0.4943502824858757 0.23508771929824562 0.3220338983050847 0.21052631578947367
0 0.672316384180791 0.1456140350877193 0.3502824858757062 0.19298245614035087
0 0.8587570621468926 0.07543859649122807 0.2033898305084746 0.15087719298245614
0 0.559322033898305 0.06842105263157895 0.5310734463276836 0.1368421052631579
0 0.2655367231638418 0.09473684210526316 0.3050847457627119 0.18947368421052632
0 0.1440677966101695 0.14210526315789473 0.288135593220339 0.20701754385964913