0 0.6761363636363636 0.3036649214659686 0.2159090909090909 0.32460732984293195
0 0.8143939393939394 0.581151832460733 0.1590909090909091 0.3036649214659686
0 0.7064393939393939 0.6596858638743456 0.08712121212121213 0.32460732984293195
0 0.6060606060606061 0.47643979057591623 0.14393939393939395 0.24083769633507854
0 0.553030303030303 0.7041884816753927 0.12121212121212122 0.193717277486911
0 0.4753787878787879 0.5340314136125655 0.10984848484848485 0.15706806282722513
0 0.4810606060606061 0.2617801047120419 0.16666666666666666 0.24083769633507854
0 0.375 0.17015706806282724 0.19696969696969696 0.14136125654450263
0 0.2727272727272727 0.337696335078534 0.2196969696969697 0.17277486910994763
0 0.1875 0.5 0.14015151515151514 0.13089005235602094
0 0.32954545454545453 0.5078534031413613 0.12878787878787878 0.2094240837696335
0 0.2215909090909091 0.643979057591623 0.07954545454545454 0.1256544502617801
0 0.35984848484848486 0.7015706806282722 0.18181818181818182 0.15706806282722513