0 0.78125 0.5669642857142857 0.20535714285714285 0.4642857142857143
0 0.6361607142857143 0.6049107142857143 0.3080357142857143 0.65625
0 0.44419642857142855 0.47544642857142855 0.22767857142857142 0.5491071428571429
0 0.3794642857142857 0.71875 0.15178571428571427 0.3392857142857143
0 0.19866071428571427 0.7075892857142857 0.14732142857142858 0.2544642857142857
0 0.2700892857142857 0.5736607142857143 0.18303571428571427 0.38839285714285715
0 0.7879464285714286 0.27232142857142855 0.14732142857142858 0.11607142857142858
0 0.6294642857142857 0.22098214285714285 0.14285714285714285 0.11160714285714286
0 0.43526785714285715 0.15848214285714285 0.14732142857142858 0.10267857142857142
0 0.38169642857142855 0.4955357142857143 0.14732142857142858 0.09821428571428571
0 0.27232142857142855 0.32589285714285715 0.13392857142857142 0.10714285714285714
0 0.19642857142857142 0.5379464285714286 0.13392857142857142 0.09375