0 0.9377777777777778 0.5466666666666666 0.07111111111111111 0.13333333333333333
0 0.8333333333333334 0.5377777777777778 0.08444444444444445 0.16
0 0.7266666666666667 0.5288888888888889 0.09333333333333334 0.17777777777777778
0 0.6066666666666667 0.5177777777777778 0.09333333333333334 0.2088888888888889
0 0.4711111111111111 0.5111111111111111 0.10666666666666667 0.2311111111111111
0 0.30666666666666664 0.49333333333333335 0.12444444444444444 0.27555555555555555
0 0.1288888888888889 0.4533333333333333 0.1511111111111111 0.35555555555555557
0 0.9355555555555556 0.41333333333333333 0.07555555555555556 0.14222222222222222
0 0.8333333333333334 0.38666666666666666 0.06666666666666667 0.13333333333333333
0 0.7244444444444444 0.3622222222222222 0.06222222222222222 0.13777777777777778
0 0.6 0.34444444444444444 0.07111111111111111 0.1288888888888889
0 0.46444444444444444 0.32 0.06666666666666667 0.1511111111111111
0 0.30444444444444446 0.2777777777777778 0.07555555555555556 0.14666666666666667
0 0.12 0.21333333333333335 0.07111111111111111 0.12444444444444444