0 0.8888888888888888 0.14 0.06222222222222222 0.21777777777777776
0 0.9022222222222223 0.35777777777777775 0.05333333333333334 0.12
0 0.7266666666666667 0.16444444444444445 0.13777777777777778 0.14222222222222222
0 0.5177777777777778 0.11555555555555555 0.06666666666666667 0.12444444444444444
0 0.34 0.1111111111111111 0.07555555555555556 0.11555555555555555
0 0.13111111111111112 0.09555555555555556 0.06666666666666667 0.08444444444444445
0 0.13111111111111112 0.21555555555555556 0.17333333333333334 0.057777777777777775
0 0.3 0.2577777777777778 0.1288888888888889 0.11555555555555555
0 0.5288888888888889 0.28 0.21333333333333335 0.12444444444444444
0 0.78 0.4022222222222222 0.13777777777777778 0.16444444444444445
0 0.8155555555555556 0.5666666666666667 0.18222222222222223 0.2
0 0.7844444444444445 0.8 0.13777777777777778 0.19555555555555557
0 0.8977777777777778 0.8688888888888889 0.11555555555555555 0.15555555555555556
0 0.6355555555555555 0.8933333333333333 0.13333333333333333 0.08888888888888889
0 0.6 0.5044444444444445 0.08888888888888889 0.19111111111111112
0 0.4688888888888889 0.5688888888888889 0.07555555555555556 0.19555555555555557
0 0.35333333333333333 0.4311111111111111 0.14666666666666667 0.17777777777777778
0 0.48444444444444446 0.7911111111111111 0.24888888888888888 0.20444444444444446
0 0.35555555555555557 0.8977777777777778 0.1511111111111111 0.09777777777777778
0 0.16666666666666666 0.8488888888888889 0.12 0.1511111111111111
0 0.11555555555555555 0.6644444444444444 0.11555555555555555 0.13777777777777778
0 0.29555555555555557 0.6377777777777778 0.10222222222222223 0.12
0 0.15555555555555556 0.4444444444444444 0.16 0.1688888888888889