0 0.8933333333333333 0.7466666666666667 0.11555555555555555 0.3111111111111111
0 0.84 0.28444444444444444 0.21333333333333335 0.19555555555555557
0 0.5933333333333334 0.2911111111111111 0.21777777777777776 0.2
0 0.52 0.7488888888888889 0.1511111111111111 0.3244444444444444
0 0.3622222222222222 0.2822222222222222 0.18222222222222223 0.21777777777777776
0 0.13777777777777778 0.2577777777777778 0.1511111111111111 0.24888888888888888
0 0.13111111111111112 0.7044444444444444 0.12 0.41333333333333333
0 0.32222222222222224 0.7688888888888888 0.13777777777777778 0.27555555555555555
0 0.7088888888888889 0.7555555555555555 0.1288888888888889 0.3022222222222222
0 0.8911111111111111 0.5733333333333334 0.08444444444444445 0.044444444444444446
0 0.8355555555555556 0.17333333333333334 0.16 0.02666666666666667
0 0.5955555555555555 0.17555555555555555 0.1511111111111111 0.03111111111111111
0 0.3622222222222222 0.15777777777777777 0.16444444444444445 0.03111111111111111
0 0.7088888888888889 0.5777777777777777 0.07555555555555556 0.06222222222222222
0 0.52 0.5666666666666667 0.08888888888888889 0.03111111111111111
0 0.32222222222222224 0.5888888888888889 0.13777777777777778 0.09333333333333334
0 0.13555555555555557 0.12 0.14666666666666667 0.035555555555555556