0 0.9888888888888889 0.6377777777777778 0.013333333333333334 0.21777777777777776
0 0.8888888888888888 0.6266666666666667 0.1511111111111111 0.24
0 0.7177777777777777 0.62 0.16444444444444445 0.25333333333333335
0 0.5333333333333333 0.6066666666666667 0.1688888888888889 0.27111111111111114
0 0.3377777777777778 0.6 0.17777777777777778 0.29333333333333333
0 0.13333333333333333 0.5888888888888889 0.19555555555555557 0.31555555555555553
0 0.015555555555555555 0.5888888888888889 0.03111111111111111 0.3333333333333333
0 0.7133333333333334 0.4688888888888889 0.1288888888888889 0.057777777777777775
0 0.8888888888888888 0.48 0.10666666666666667 0.044444444444444446
0 0.5288888888888889 0.44 0.13333333333333333 0.05333333333333334
0 0.3333333333333333 0.4222222222222222 0.13333333333333333 0.044444444444444446
0 0.13111111111111112 0.4 0.15555555555555556 0.06222222222222222