0 0.81 0.6011904761904762 0.12 0.6785714285714286
0 0.6883333333333334 0.5267857142857143 0.12333333333333334 0.7797619047619048
0 0.5633333333333334 0.5267857142857143 0.12666666666666668 0.8154761904761905
0 0.44 0.5059523809523809 0.13333333333333333 0.8690476190476191
0 0.30833333333333335 0.5059523809523809 0.13666666666666666 0.8690476190476191
0 0.18166666666666667 0.5446428571428571 0.12333333333333334 0.7916666666666666
0 0.8133333333333334 0.24404761904761904 0.04666666666666667 0.023809523809523808
0 0.69 0.11607142857142858 0.05333333333333334 0.02976190476190476
0 0.5616666666666666 0.11011904761904762 0.056666666666666664 0.02976190476190476
0 0.435 0.05357142857142857 0.06333333333333334 0.03571428571428571
0 0.30333333333333334 0.047619047619047616 0.05333333333333334 0.023809523809523808
0 0.17833333333333334 0.125 0.05 0.023809523809523808