0 0.8 0.5822222222222222 0.3377777777777778 0.6933333333333334
0 0.8377777777777777 0.34 0.28 0.27111111111111114
0 0.48 0.5466666666666666 0.3022222222222222 0.6488888888888888
0 0.6222222222222222 0.26 0.14222222222222222 0.2
0 0.32666666666666666 0.2577777777777778 0.17333333333333334 0.2222222222222222
0 0.17555555555555555 0.5111111111111111 0.3244444444444444 0.6488888888888888
0 0.8133333333333334 0.18444444444444444 0.18666666666666668 0.10222222222222223
0 0.8511111111111112 0.1288888888888889 0.15555555555555556 0.08
0 0.4822222222222222 0.16666666666666666 0.16444444444444445 0.09333333333333334
0 0.5644444444444444 0.11777777777777777 0.1511111111111111 0.08444444444444445
0 0.2911111111111111 0.09777777777777778 0.14666666666666667 0.07111111111111111
0 0.15333333333333332 0.14444444444444443 0.16444444444444445 0.09333333333333334