0 0.8611111111111112 0.76 0.15079365079365079 0.34
0 0.9206349206349206 0.5975 0.07142857142857142 0.065
0 0.9761904761904762 0.51 0.03968253968253968 0.1
0 0.9682539682539683 0.915 0.05555555555555555 0.05
0 0.7817460317460317 0.905 0.06349206349206349 0.06
0 0.6488095238095238 0.7775 0.03571428571428571 0.055
0 0.7063492063492064 0.75 0.03968253968253968 0.03
0 0.7202380952380952 0.69 0.03571428571428571 0.02
0 0.7103174603174603 0.635 0.047619047619047616 0.06
0 0.6448412698412699 0.915 0.027777777777777776 0.04
0 0.5257936507936508 0.7925 0.14682539682539683 0.075
0 0.4107142857142857 0.8525 0.03571428571428571 0.095
0 0.38095238095238093 0.745 0.047619047619047616 0.04
0 0.18253968253968253 0.8075 0.2222222222222222 0.135
0 0.23015873015873015 0.73 0.03968253968253968 0.06
0 0.2619047619047619 0.5875 0.09523809523809523 0.095
0 0.09523809523809523 0.6675 0.031746031746031744 0.035
0 0.09523809523809523 0.5125 0.06349206349206349 0.035
0 0.1488095238095238 0.5275 0.01984126984126984 0.025
0 0.23214285714285715 0.4425 0.027777777777777776 0.075
0 0.31746031746031744 0.2725 0.047619047619047616 0.035
0 0.4384920634920635 0.36 0.051587301587301584 0.09
0 0.49603174603174605 0.395 0.05555555555555555 0.07
0 0.5376984126984127 0.435 0.03571428571428571 0.04
0 0.4861111111111111 0.49 0.05952380952380952 0.08
0 0.43253968253968256 0.5775 0.07142857142857142 0.115
0 0.5178571428571429 0.5825 0.09126984126984126 0.065
0 0.5694444444444444 0.6375 0.03571428571428571 0.045
0 0.5178571428571429 0.6775 0.051587301587301584 0.045
0 0.4642857142857143 0.67 0.023809523809523808 0.06
0 0.5892857142857143 0.7 0.027777777777777776 0.03
0 0.6011904761904762 0.6675 0.027777777777777776 0.035
0 0.628968253968254 0.5525 0.051587301587301584 0.045
0 0.5615079365079365 0.4925 0.03571428571428571 0.035
0 0.6329365079365079 0.495 0.051587301587301584 0.05
0 0.6408730158730159 0.4525 0.04365079365079365 0.035
0 0.6507936507936508 0.405 0.09523809523809523 0.06
0 0.5892857142857143 0.415 0.05952380952380952 0.11
0 0.5674603174603174 0.365 0.07142857142857142 0.08
0 0.6607142857142857 0.3375 0.04365079365079365 0.055
0 0.7361111111111112 0.3125 0.13095238095238096 0.135
0 0.7896825396825397 0.3775 0.10317460317460317 0.095
0 0.8611111111111112 0.4325 0.023809523809523808 0.035
0 0.875 0.375 0.03571428571428571 0.04
0 0.8928571428571429 0.5025 0.023809523809523808 0.025
0 0.7579365079365079 0.5425 0.23015873015873015 0.175
0 0.7936507936507936 0.215 0.12698412698412698 0.11
0 0.9583333333333334 0.025 0.07539682539682539 0.05
0 0.75 0.0625 0.12698412698412698 0.125
0 0.628968253968254 0.04 0.03571428571428571 0.07
0 0.6428571428571429 0.2 0.05555555555555555 0.07
0 0.36706349206349204 0.17 0.027777777777777776 0.03
0 0.32142857142857145 0.035 0.07936507936507936 0.07
0 0.013888888888888888 0.3725 0.027777777777777776 0.055
0 0.1130952380952381 0.0925 0.027777777777777776 0.065