0 0.7950819672131147 0.6236363636363637 0.21311475409836064 0.5490909090909091
0 0.6857923497267759 0.56 0.15846994535519127 0.610909090909091
0 0.546448087431694 0.6327272727272727 0.22950819672131148 0.5672727272727273
0 0.3224043715846995 0.6290909090909091 0.2185792349726776 0.56
0 0.42896174863387976 0.4727272727272727 0.15846994535519127 0.46545454545454545
0 0.19672131147540983 0.6145454545454545 0.20765027322404372 0.5454545454545454
0 0.7841530054644809 0.3290909090909091 0.09289617486338798 0.03272727272727273
0 0.5382513661202186 0.33454545454545453 0.09289617486338798 0.02909090909090909
0 0.6530054644808743 0.3618181818181818 0.08196721311475409 0.07636363636363637
0 0.4207650273224044 0.22363636363636363 0.07650273224043716 0.025454545454545455
0 0.1721311475409836 0.32727272727272727 0.08196721311475409 0.02181818181818182