0 0.9236363636363636 0.546448087431694 0.14545454545454545 0.8524590163934426
0 0.9036363636363637 0.28415300546448086 0.12727272727272726 0.4371584699453552
0 0.88 0.22950819672131148 0.10181818181818182 0.4262295081967213
0 0.7781818181818182 0.546448087431694 0.14545454545454545 0.8415300546448088
0 0.7563636363636363 0.27595628415300544 0.11636363636363636 0.4207650273224044
0 0.7363636363636363 0.22131147540983606 0.10545454545454545 0.4098360655737705
0 0.6290909090909091 0.5437158469945356 0.14545454545454545 0.8360655737704918
0 0.6127272727272727 0.2814207650273224 0.11272727272727273 0.43169398907103823
0 0.5981818181818181 0.2185792349726776 0.09818181818181818 0.40437158469945356
0 0.47454545454545455 0.5437158469945356 0.14909090909090908 0.8360655737704918
0 0.4818181818181818 0.28415300546448086 0.14181818181818182 0.41530054644808745
0 0.48 0.19672131147540983 0.13090909090909092 0.36065573770491804
0 0.3236363636363636 0.5437158469945356 0.15272727272727274 0.8360655737704918
0 0.3472727272727273 0.2786885245901639 0.10545454545454545 0.4262295081967213
0 0.3618181818181818 0.2185792349726776 0.09818181818181818 0.40437158469945356
0 0.17272727272727273 0.5437158469945356 0.16363636363636364 0.8469945355191257
0 0.20545454545454545 0.28688524590163933 0.12727272727272726 0.43169398907103823
0 0.22181818181818183 0.23224043715846995 0.10909090909090909 0.4207650273224044
0 0.07272727272727272 0.21584699453551912 0.09454545454545454 0.3879781420765027
0 0.05454545454545454 0.28688524590163933 0.10909090909090909 0.43169398907103823
0 0.05272727272727273 0.5409836065573771 0.10545454545454545 0.8633879781420765