0 0.9806949806949807 0.9690721649484536 0.03088803088803089 0.05154639175257732
0 0.9305019305019305 0.8943298969072165 0.06177606177606178 0.20103092783505155
0 0.9768339768339769 0.8762886597938144 0.03861003861003861 0.15463917525773196
0 0.9517374517374517 0.7525773195876289 0.0888030888030888 0.09278350515463918
0 0.8648648648648649 0.9381443298969072 0.06177606177606178 0.09278350515463918
0 0.859073359073359 0.8479381443298969 0.07335907335907337 0.08762886597938144
0 0.8783783783783784 0.7551546391752577 0.07335907335907337 0.10824742268041238
0 0.888030888030888 0.6443298969072165 0.09266409266409266 0.1134020618556701
0 0.9420849420849421 0.5644329896907216 0.06177606177606178 0.13917525773195877
0 0.9671814671814671 0.615979381443299 0.05791505791505792 0.13917525773195877
0 0.8648648648648649 0.5463917525773195 0.09266409266409266 0.09278350515463918
0 0.9208494208494209 0.4329896907216495 0.09652509652509653 0.10309278350515463
0 0.6891891891891891 0.8402061855670103 0.13513513513513514 0.16494845360824742
0 0.6814671814671814 0.9407216494845361 0.14285714285714285 0.10824742268041238
0 0.7857142857142857 0.9226804123711341 0.11196911196911197 0.14432989690721648
0 0.7915057915057915 0.8247422680412371 0.07722007722007722 0.08247422680412371
0 0.7992277992277992 0.7525773195876289 0.10038610038610038 0.10309278350515463
0 0.750965250965251 0.6726804123711341 0.05019305019305019 0.0979381443298969
0 0.7992277992277992 0.6701030927835051 0.06177606177606178 0.14432989690721648
0 0.7664092664092664 0.5979381443298969 0.09652509652509653 0.10309278350515463
0 0.7644787644787645 0.5128865979381443 0.12355212355212356 0.13917525773195877
0 0.806949806949807 0.4484536082474227 0.13127413127413126 0.17525773195876287
0 0.8725868725868726 0.3634020618556701 0.07722007722007722 0.12886597938144329
0 0.9073359073359073 0.2860824742268041 0.08494208494208494 0.15979381443298968
0 0.9671814671814671 0.32989690721649484 0.05791505791505792 0.10309278350515463
0 0.9671814671814671 0.23195876288659795 0.05791505791505792 0.1134020618556701
0 0.8378378378378378 0.2706185567010309 0.07722007722007722 0.12886597938144329
0 0.859073359073359 0.13917525773195877 0.1583011583011583 0.13402061855670103
0 0.9652509652509652 0.14690721649484537 0.06177606177606178 0.08762886597938144
0 0.9131274131274131 0.061855670103092786 0.16602316602316602 0.12371134020618557
0 0.8262548262548263 0.04381443298969072 0.07722007722007722 0.08762886597938144
0 0.750965250965251 0.08247422680412371 0.06563706563706563 0.10309278350515463
0 0.6911196911196911 0.03865979381443299 0.12355212355212356 0.07731958762886598
0 0.638996138996139 0.06701030927835051 0.11969111969111969 0.09278350515463918
0 0.6814671814671814 0.11597938144329897 0.08108108108108109 0.0979381443298969
0 0.6428571428571429 0.21649484536082475 0.09652509652509653 0.13402061855670103
0 0.7142857142857143 0.2654639175257732 0.15444015444015444 0.23195876288659795
0 0.6158301158301158 0.3324742268041237 0.09652509652509653 0.10824742268041238
0 0.6158301158301158 0.44587628865979384 0.16602316602316602 0.15979381443298968
0 0.6563706563706564 0.5309278350515464 0.11583011583011583 0.14432989690721648
0 0.61003861003861 0.6675257731958762 0.08494208494208494 0.13917525773195877
0 0.6737451737451737 0.6958762886597938 0.11969111969111969 0.15463917525773196
0 0.5772200772200772 0.9561855670103093 0.16602316602316602 0.07731958762886598
0 0.5135135135135135 0.8067010309278351 0.09266409266409266 0.22164948453608246
0 0.5965250965250966 0.8479381443298969 0.09652509652509653 0.22164948453608246
0 0.41505791505791506 0.9252577319587629 0.13513513513513514 0.13917525773195877
0 0.32625482625482627 0.8402061855670103 0.14285714285714285 0.15463917525773196
0 0.42857142857142855 0.8273195876288659 0.09266409266409266 0.0979381443298969
0 0.5038610038610039 0.8762886597938144 0.05791505791505792 0.1134020618556701
0 0.4034749034749035 0.7448453608247423 0.11196911196911197 0.10824742268041238
0 0.48455598455598453 0.6907216494845361 0.15057915057915058 0.1134020618556701
0 0.5019305019305019 0.5927835051546392 0.16988416988416988 0.17525773195876287
0 0.4594594594594595 0.5412371134020618 0.16988416988416988 0.1958762886597938
0 0.5038610038610039 0.43041237113402064 0.09652509652509653 0.13917525773195877
0 0.5366795366795367 0.3634020618556701 0.07722007722007722 0.13917525773195877
0 0.5598455598455598 0.24742268041237114 0.06177606177606178 0.09278350515463918
0 0.5772200772200772 0.16752577319587628 0.15057915057915058 0.08762886597938144
0 0.5019305019305019 0.059278350515463915 0.07722007722007722 0.0979381443298969
0 0.5038610038610039 0.11597938144329897 0.07335907335907337 0.0979381443298969
0 0.5540540540540541 0.09020618556701031 0.04247104247104247 0.06701030927835051
0 0.5482625482625483 0.028350515463917526 0.10038610038610038 0.05670103092783505
0 0.4266409266409266 0.0979381443298969 0.0888030888030888 0.09278350515463918
0 0.4343629343629344 0.16237113402061856 0.05791505791505792 0.07731958762886598
0 0.4517374517374517 0.24742268041237114 0.07722007722007722 0.09278350515463918
0 0.4691119691119691 0.3015463917525773 0.08108108108108109 0.11855670103092783
0 0.4015444015444015 0.34536082474226804 0.07722007722007722 0.10309278350515463
0 0.3938223938223938 0.41237113402061853 0.10810810810810811 0.09278350515463918
0 0.3474903474903475 0.4639175257731959 0.08494208494208494 0.15463917525773196
0 0.3088803088803089 0.654639175257732 0.10810810810810811 0.16494845360824742
0 0.2277992277992278 0.7242268041237113 0.12355212355212356 0.19072164948453607
0 0.18532818532818532 0.7938144329896907 0.138996138996139 0.20618556701030927
0 0.21235521235521235 0.9149484536082474 0.12355212355212356 0.14948453608247422
0 0.12355212355212356 0.8994845360824743 0.18532818532818532 0.19072164948453607
0 0.04247104247104247 0.8711340206185567 0.08494208494208494 0.21649484536082475
0 0.021235521235521235 0.7912371134020618 0.04247104247104247 0.14948453608247422
0 0.0694980694980695 0.7577319587628866 0.09266409266409266 0.1134020618556701
0 0.07528957528957529 0.6829896907216495 0.09652509652509653 0.11855670103092783
0 0.17374517374517376 0.6649484536082474 0.138996138996139 0.08247422680412371
0 0.16988416988416988 0.615979381443299 0.138996138996139 0.10824742268041238
0 0.2548262548262548 0.5463917525773195 0.14671814671814673 0.17525773195876287
0 0.2702702702702703 0.47164948453608246 0.06177606177606178 0.12886597938144329
0 0.2625482625482625 0.39948453608247425 0.10810810810810811 0.0979381443298969
0 0.20077220077220076 0.4329896907216495 0.09266409266409266 0.12371134020618557
0 0.1274131274131274 0.5051546391752577 0.12355212355212356 0.1134020618556701
0 0.055984555984555984 0.5618556701030928 0.10424710424710425 0.14432989690721648
0 0.019305019305019305 0.6262886597938144 0.03861003861003861 0.13917525773195877
0 0.07335907335907337 0.46649484536082475 0.12355212355212356 0.0979381443298969
0 0.14092664092664092 0.422680412371134 0.04247104247104247 0.08247422680412371
0 0.16023166023166024 0.3247422680412371 0.09652509652509653 0.08247422680412371
0 0.21428571428571427 0.32989690721649484 0.06563706563706563 0.10309278350515463
0 0.2702702702702703 0.31958762886597936 0.06177606177606178 0.08247422680412371
0 0.33204633204633205 0.30412371134020616 0.0694980694980695 0.09278350515463918
0 0.37065637065637064 0.25257731958762886 0.06177606177606178 0.09278350515463918
0 0.3204633204633205 0.23969072164948454 0.0694980694980695 0.0979381443298969
0 0.11969111969111969 0.028350515463917526 0.23938223938223938 0.05670103092783505
0 0.27413127413127414 0.09278350515463918 0.22393822393822393 0.18556701030927836
0 0.43243243243243246 0.03608247422680412 0.138996138996139 0.07216494845360824
0 0.2084942084942085 0.14432989690721648 0.10038610038610038 0.10309278350515463
0 0.277992277992278 0.13917525773195877 0.09266409266409266 0.10309278350515463
0 0.2471042471042471 0.23195876288659795 0.10810810810810811 0.09278350515463918
0 0.14285714285714285 0.20618556701030927 0.06177606177606178 0.09278350515463918
0 0.03667953667953668 0.08247422680412371 0.07335907335907337 0.08247422680412371
0 0.09845559845559845 0.2757731958762887 0.1969111969111969 0.34536082474226804
0 0.4980694980694981 0.49742268041237114 0.9961389961389961 0.9948453608247423