0 0.939922480620155 0.617948717948718 0.06589147286821706 0.517948717948718
0 0.9282945736434108 0.1564102564102564 0.08914728682170543 0.23076923076923078
0 0.813953488372093 0.24615384615384617 0.10852713178294573 0.41025641025641024
0 0.8062015503875969 0.6846153846153846 0.08527131782945736 0.38461538461538464
0 0.6744186046511628 0.676923076923077 0.06201550387596899 0.38974358974358975
0 0.5445736434108527 0.6692307692307692 0.08914728682170543 0.4256410256410256
0 0.41472868217054265 0.6666666666666666 0.06976744186046512 0.4205128205128205
0 0.2751937984496124 0.6794871794871795 0.15503875968992248 0.39487179487179486
0 0.08914728682170543 0.6923076923076923 0.13953488372093023 0.37948717948717947
0 0.3507751937984496 0.23846153846153847 0.19767441860465115 0.39487179487179486
0 0.5058139534883721 0.2230769230769231 0.07364341085271318 0.38461538461538464
0 0.6492248062015504 0.24358974358974358 0.1124031007751938 0.4153846153846154
0 0.17635658914728683 0.2205128205128205 0.08139534883720931 0.358974358974359
0 0.06395348837209303 0.24871794871794872 0.06589147286821706 0.4153846153846154