0 0.8568181818181818 0.5877192982456141 0.07272727272727272 0.8070175438596491
0 0.7931818181818182 0.7149122807017544 0.09090909090909091 0.5526315789473685
0 0.6943181818181818 0.5350877192982456 0.09318181818181819 0.9122807017543859
0 0.625 0.7280701754385965 0.07727272727272727 0.5263157894736842
0 0.5079545454545454 0.7982456140350878 0.0659090909090909 0.38596491228070173
0 0.5261363636363636 0.5482456140350878 0.14772727272727273 0.8859649122807017
0 0.42727272727272725 0.6973684210526315 0.07272727272727272 0.5877192982456141
0 0.3806818181818182 0.5043859649122807 0.06136363636363636 0.9736842105263158
0 0.3409090909090909 0.6973684210526315 0.08181818181818182 0.5877192982456141
0 0.27045454545454545 0.5394736842105263 0.08636363636363636 0.9035087719298246
0 0.21022727272727273 0.7192982456140351 0.08409090909090909 0.543859649122807
0 0.14204545454545456 0.618421052631579 0.07954545454545454 0.7456140350877193