0 0.36953125 0.721875 0.3765625 0.20625
0 0.3375 0.540625 0.31875 0.1953125
0 0.2671875 0.38046875 0.3140625 0.2390625
0 0.240625 0.18671875 0.334375 0.28125
0 0.42578125 0.12734375 0.1890625 0.18125
0 0.475 0.284375 0.1984375 0.1546875
0 0.50859375 0.43046875 0.1625 0.1546875
0 0.54609375 0.571875 0.1484375 0.140625
0 0.5578125 0.8171875 0.496875 0.303125
0 0.57578125 0.28125 0.2546875 0.1484375
0 0.76171875 0.39609375 0.2046875 0.1640625
0 0.6203125 0.428125 0.2 0.1640625
0 0.68828125 0.5765625 0.29375 0.203125
0 0.840625 0.76171875 0.31875 0.2984375