0 0.8311111111111111 0.6466666666666666 0.24888888888888888 0.24444444444444444
0 0.6933333333333334 0.5066666666666667 0.24888888888888888 0.28444444444444444
0 0.5044444444444445 0.6777777777777778 0.21777777777777776 0.17333333333333334
0 0.20222222222222222 0.6822222222222222 0.22666666666666666 0.14666666666666667
0 0.1511111111111111 0.5533333333333333 0.20444444444444446 0.18222222222222223
0 0.41555555555555557 0.4866666666666667 0.2088888888888889 0.31555555555555553
0 0.8377777777777777 0.4888888888888889 0.24444444444444444 0.10666666666666667
0 0.7 0.3422222222222222 0.24444444444444444 0.07111111111111111
0 0.41333333333333333 0.29555555555555557 0.20444444444444446 0.08444444444444445
0 0.5044444444444445 0.5533333333333333 0.21777777777777776 0.1111111111111111
0 0.19555555555555557 0.58 0.2222222222222222 0.1111111111111111
0 0.14666666666666667 0.4222222222222222 0.20444444444444446 0.08888888888888889