0 0.8377777777777777 0.7355555555555555 0.1288888888888889 0.24444444444444444
0 0.6977777777777778 0.7688888888888888 0.11555555555555555 0.2311111111111111
0 0.6333333333333333 0.6666666666666666 0.10222222222222223 0.38222222222222224
0 0.5377777777777778 0.7133333333333334 0.16 0.3422222222222222
0 0.4311111111111111 0.6222222222222222 0.17777777777777778 0.48
0 0.3622222222222222 0.7311111111111112 0.13777777777777778 0.30666666666666664
0 0.18 0.7444444444444445 0.13777777777777778 0.27111111111111114
0 0.2733333333333333 0.7088888888888889 0.09333333333333334 0.29777777777777775
0 0.8333333333333334 0.5066666666666667 0.1111111111111111 0.24
0 0.7066666666666667 0.5711111111111111 0.09777777777777778 0.17333333333333334
0 0.6511111111111111 0.3888888888888889 0.09333333333333334 0.18222222222222223
0 0.54 0.4577777777777778 0.10222222222222223 0.17777777777777778
0 0.4288888888888889 0.29555555555555557 0.09333333333333334 0.18222222222222223
0 0.36444444444444446 0.4955555555555556 0.09777777777777778 0.18222222222222223
0 0.25555555555555554 0.4444444444444444 0.1111111111111111 0.24
0 0.18666666666666668 0.5222222222222223 0.10666666666666667 0.18222222222222223