0 0.11555555555555555 0.06666666666666667 0.1688888888888889 0.08888888888888889
0 0.39111111111111113 0.13555555555555557 0.2577777777777778 0.15555555555555556
0 0.6177777777777778 0.10666666666666667 0.08888888888888889 0.08888888888888889
0 0.8111111111111111 0.09777777777777778 0.18222222222222223 0.1511111111111111
0 0.88 0.27111111111111114 0.1688888888888889 0.1511111111111111
0 0.88 0.43555555555555553 0.14222222222222222 0.08888888888888889
0 0.9066666666666666 0.5933333333333334 0.08 0.10222222222222223
0 0.6422222222222222 0.4266666666666667 0.2088888888888889 0.05333333333333334
0 0.6777777777777778 0.28444444444444444 0.1111111111111111 0.12444444444444444
0 0.42 0.31555555555555553 0.21777777777777776 0.1511111111111111
0 0.14666666666666667 0.24888888888888888 0.19555555555555557 0.07111111111111111
0 0.14444444444444443 0.4022222222222222 0.19111111111111112 0.15555555555555556
0 0.2911111111111111 0.5311111111111111 0.21777777777777776 0.1111111111111111
0 0.4111111111111111 0.4866666666666667 0.17333333333333334 0.13777777777777778
0 0.13333333333333333 0.6066666666666667 0.14222222222222222 0.15555555555555556
0 0.38666666666666666 0.6933333333333334 0.1688888888888889 0.10666666666666667
0 0.5555555555555556 0.6955555555555556 0.10666666666666667 0.04888888888888889
0 0.5622222222222222 0.6222222222222222 0.08444444444444445 0.07111111111111111
0 0.6111111111111112 0.5466666666666666 0.022222222222222223 0.035555555555555556
0 0.6644444444444444 0.5733333333333334 0.013333333333333334 0.017777777777777778
0 0.7288888888888889 0.5777777777777777 0.05333333333333334 0.10666666666666667
0 0.7822222222222223 0.6155555555555555 0.017777777777777778 0.03111111111111111
0 0.8111111111111111 0.6288888888888889 0.022222222222222223 0.04
0 0.9222222222222223 0.7844444444444445 0.057777777777777775 0.16444444444444445
0 0.9288888888888889 0.9422222222222222 0.08888888888888889 0.044444444444444446
0 0.8177777777777778 0.9044444444444445 0.044444444444444446 0.09333333333333334
0 0.8066666666666666 0.8088888888888889 0.09333333333333334 0.12444444444444444
0 0.7911111111111111 0.7111111111111111 0.10666666666666667 0.044444444444444446
0 0.7155555555555555 0.6933333333333334 0.044444444444444446 0.06222222222222222
0 0.7422222222222222 0.7711111111111111 0.017777777777777778 0.022222222222222223
0 0.7311111111111112 0.8088888888888889 0.03111111111111111 0.05333333333333334
0 0.6866666666666666 0.76 0.013333333333333334 0.017777777777777778
0 0.6533333333333333 0.7066666666666667 0.02666666666666667 0.02666666666666667
0 0.6666666666666666 0.6733333333333333 0.02666666666666667 0.0044444444444444444
0 0.6022222222222222 0.7422222222222222 0.04888888888888889 0.02666666666666667
0 0.66 0.7888888888888889 0.013333333333333334 0.013333333333333334
0 0.6333333333333333 0.8155555555555556 0.13777777777777778 0.08444444444444445
0 0.72 0.9155555555555556 0.044444444444444446 0.11555555555555555
0 0.58 0.9266666666666666 0.10222222222222223 0.06666666666666667
0 0.5377777777777778 0.8555555555555555 0.044444444444444446 0.04888888888888889
0 0.48 0.7688888888888888 0.12444444444444444 0.08
0 0.4888888888888889 0.9177777777777778 0.07111111111111111 0.08444444444444445
0 0.29777777777777775 0.8155555555555556 0.14222222222222222 0.1288888888888889
0 0.12444444444444444 0.78 0.17777777777777778 0.1288888888888889
0 0.21555555555555556 0.9244444444444444 0.14666666666666667 0.11555555555555555