0 0.8088888888888889 0.66 0.27555555555555555 0.08444444444444445
0 0.7555555555555555 0.5777777777777777 0.1511111111111111 0.1511111111111111
0 0.6888888888888889 0.52 0.14222222222222222 0.05333333333333334
0 0.7288888888888889 0.5688888888888889 0.17777777777777778 0.07111111111111111
0 0.66 0.4222222222222222 0.18222222222222223 0.2222222222222222
0 0.4288888888888889 0.31333333333333335 0.3422222222222222 0.14666666666666667
0 0.12222222222222222 0.2777777777777778 0.18222222222222223 0.057777777777777775
0 0.22 0.2911111111111111 0.16444444444444445 0.07555555555555556
0 0.10888888888888888 0.35555555555555557 0.2088888888888889 0.08
0 0.32 0.3844444444444444 0.24888888888888888 0.08444444444444445
0 0.3933333333333333 0.41555555555555557 0.2 0.09333333333333334
0 0.5155555555555555 0.46 0.29333333333333333 0.08444444444444445
0 0.31777777777777777 0.5088888888888888 0.14666666666666667 0.08444444444444445
0 0.4088888888888889 0.5288888888888889 0.1511111111111111 0.07111111111111111
0 0.5488888888888889 0.5488888888888889 0.16444444444444445 0.10222222222222223
0 0.5511111111111111 0.6355555555555555 0.2577777777777778 0.16
0 0.5777777777777777 0.6911111111111111 0.2222222222222222 0.12
0 0.3333333333333333 0.6355555555555555 0.2577777777777778 0.10666666666666667
0 0.3466666666666667 0.74 0.27555555555555555 0.13777777777777778
0 0.24888888888888888 0.6733333333333333 0.17777777777777778 0.13777777777777778
0 0.27111111111111114 0.5755555555555556 0.24888888888888888 0.06666666666666667
0 0.2577777777777778 0.5088888888888888 0.27555555555555555 0.06666666666666667
0 0.1288888888888889 0.43777777777777777 0.16 0.04
0 0.22 0.4533333333333333 0.2088888888888889 0.044444444444444446
0 0.08 0.4911111111111111 0.1511111111111111 0.2
0 0.08666666666666667 0.5977777777777777 0.17333333333333334 0.15555555555555556
0 0.1622222222222222 0.6266666666666667 0.06666666666666667 0.044444444444444446