0 0.6509090909090909 0.3770491803278688 0.2109090909090909 0.5245901639344263
0 0.37636363636363634 0.644808743169399 0.05454545454545454 0.0546448087431694
0 0.2 0.7595628415300546 0.06545454545454546 0.03278688524590164
0 0.31272727272727274 0.4207650273224044 0.3418181818181818 0.4371584699453552
0 0.54 0.680327868852459 0.15636363636363637 0.09289617486338798
0 0.4490909090909091 0.6830601092896175 0.05454545454545454 0.04371584699453552
0 0.54 0.9180327868852459 0.06181818181818182 0.06557377049180328
0 0.43454545454545457 0.907103825136612 0.03272727272727273 0.03278688524590164
0 0.4072727272727273 0.7650273224043715 0.05818181818181818 0.09836065573770492
0 0.3 0.8961748633879781 0.025454545454545455 0.02185792349726776
0 0.4036363636363636 0.855191256830601 0.03636363636363636 0.0273224043715847