0 0.6348684210526315 0.8674698795180723 0.15789473684210525 0.25301204819277107
0 0.6348684210526315 0.7560240963855421 0.046052631578947366 0.1144578313253012
0 0.6858552631578947 0.7771084337349398 0.029605263157894735 0.08433734939759036
0 0.6546052631578947 0.5632530120481928 0.16447368421052633 0.15060240963855423
0 0.712171052631579 0.6987951807228916 0.2138157894736842 0.37349397590361444
0 0.8700657894736842 0.7469879518072289 0.06907894736842106 0.1566265060240964
0 0.9194078947368421 0.8403614457831325 0.05592105263157895 0.12650602409638553
0 0.90625 0.5933734939759037 0.049342105263157895 0.09036144578313253
0 0.7615131578947368 0.4246987951807229 0.14802631578947367 0.22289156626506024
0 0.8404605263157895 0.4246987951807229 0.04276315789473684 0.15060240963855423
0 0.8733552631578947 0.39457831325301207 0.049342105263157895 0.19879518072289157
0 0.9391447368421053 0.4608433734939759 0.10197368421052631 0.1144578313253012
0 0.9111842105263158 0.31626506024096385 0.046052631578947366 0.1144578313253012
0 0.9654605263157895 0.35542168674698793 0.04276315789473684 0.04819277108433735
0 0.96875 0.1686746987951807 0.05592105263157895 0.08433734939759036
0 0.9177631578947368 0.06626506024096386 0.02631578947368421 0.04819277108433735
0 0.8980263157894737 0.10843373493975904 0.03289473684210526 0.03614457831325301
0 0.8519736842105263 0.20481927710843373 0.05263157894736842 0.08433734939759036
0 0.7927631578947368 0.1536144578313253 0.02631578947368421 0.09036144578313253
0 0.8141447368421053 0.05120481927710843 0.06907894736842106 0.10240963855421686
0 0.7401315789473685 0.0783132530120482 0.05263157894736842 0.1566265060240964
0 0.7417763157894737 0.25 0.049342105263157895 0.09036144578313253
0 0.662828947368421 0.2680722891566265 0.029605263157894735 0.04216867469879518
0 0.6726973684210527 0.08734939759036145 0.029605263157894735 0.09036144578313253
0 0.625 0.21084337349397592 0.09868421052631579 0.0963855421686747
0 0.59375 0.35240963855421686 0.08881578947368421 0.1144578313253012
0 0.6529605263157895 0.5301204819277109 0.3125 0.24096385542168675
0 0.4786184210526316 0.7981927710843374 0.15460526315789475 0.3313253012048193
0 0.3815789473684211 0.8734939759036144 0.05263157894736842 0.08433734939759036
0 0.4588815789473684 0.5542168674698795 0.15460526315789475 0.26506024096385544
0 0.33223684210526316 0.5753012048192772 0.125 0.2469879518072289
0 0.49506578947368424 0.2620481927710843 0.0625 0.1746987951807229
0 0.5361842105263158 0.16566265060240964 0.07236842105263158 0.09036144578313253
0 0.5361842105263158 0.07228915662650602 0.10526315789473684 0.14457831325301204
0 0.6085526315789473 0.04216867469879518 0.13157894736842105 0.08433734939759036
0 0.43585526315789475 0.04819277108433735 0.11513157894736842 0.0963855421686747
0 0.36348684210526316 0.12349397590361445 0.15460526315789475 0.16265060240963855
0 0.28125 0.060240963855421686 0.08881578947368421 0.060240963855421686
0 0.34375 0.21084337349397592 0.20723684210526316 0.20481927710843373
0 0.41776315789473684 0.21084337349397592 0.03289473684210526 0.07228915662650602
0 0.3207236842105263 0.25 0.1611842105263158 0.13855421686746988
0 0.3930921052631579 0.35542168674698793 0.1611842105263158 0.08433734939759036
0 0.34868421052631576 0.3855421686746988 0.11842105263157894 0.0963855421686747
0 0.23519736842105263 0.3704819277108434 0.14144736842105263 0.1144578313253012
0 0.13157894736842105 0.5060240963855421 0.2631578947368421 0.08433734939759036
0 0.10197368421052631 0.6144578313253012 0.20394736842105263 0.27710843373493976
0 0.11677631578947369 0.6385542168674698 0.12171052631578948 0.13253012048192772
0 0.28125 0.8463855421686747 0.14144736842105263 0.23493975903614459
0 0.1118421052631579 0.7560240963855421 0.06578947368421052 0.06626506024096386
0 0.17598684210526316 0.7530120481927711 0.0625 0.07228915662650602
0 0.13815789473684212 0.8554216867469879 0.1513157894736842 0.24096385542168675
0 0.11019736842105263 0.9006024096385542 0.0756578947368421 0.18674698795180722
0 0.17434210526315788 0.9427710843373494 0.06578947368421052 0.10240963855421686
0 0.16447368421052633 0.3855421686746988 0.17763157894736842 0.24096385542168675
0 0.07072368421052631 0.20481927710843373 0.12828947368421054 0.1686746987951807
0 0.16611842105263158 0.21385542168674698 0.06907894736842106 0.06626506024096386
0 0.19078947368421054 0.15963855421686746 0.05263157894736842 0.09036144578313253
0 0.18421052631578946 0.060240963855421686 0.09210526315789473 0.12048192771084337
0 0.046052631578947366 0.09036144578313253 0.06578947368421052 0.07228915662650602
0 0.5427631578947368 0.3795180722891566 0.05921052631578947 0.03614457831325301