0 0.7760617760617761 0.9381443298969072 0.1776061776061776 0.1134020618556701
0 0.9362934362934363 0.9536082474226805 0.11969111969111969 0.08247422680412371
0 0.9382239382239382 0.8685567010309279 0.11583011583011583 0.18041237113402062
0 0.7799227799227799 0.8402061855670103 0.2548262548262548 0.17525773195876287
0 0.9247104247104247 0.75 0.14285714285714285 0.14948453608247422
0 0.8359073359073359 0.7474226804123711 0.21235521235521235 0.16494845360824742
0 0.5984555984555985 0.9381443298969072 0.19305019305019305 0.1134020618556701
0 0.4864864864864865 0.9097938144329897 0.14671814671814673 0.17010309278350516
0 0.527027027027027 0.7912371134020618 0.24324324324324326 0.20103092783505155
0 0.7007722007722008 0.8247422680412371 0.10424710424710425 0.09278350515463918
0 0.6563706563706564 0.7551546391752577 0.10038610038610038 0.08762886597938144
0 0.6332046332046332 0.6829896907216495 0.22393822393822393 0.14948453608247422
0 0.7548262548262549 0.6829896907216495 0.1274131274131274 0.0979381443298969
0 0.7277992277992278 0.5824742268041238 0.11196911196911197 0.08247422680412371
0 0.8436293436293436 0.5902061855670103 0.13513513513513514 0.17010309278350516
0 0.888030888030888 0.5077319587628866 0.21621621621621623 0.22164948453608246
0 0.9459459459459459 0.6262886597938144 0.10038610038610038 0.11855670103092783
0 0.7297297297297297 0.4896907216494845 0.20077220077220076 0.16494845360824742
0 0.832046332046332 0.30670103092783507 0.10424710424710425 0.10824742268041238
0 0.8745173745173745 0.35051546391752575 0.1583011583011583 0.1134020618556701
0 0.944015444015444 0.2860824742268041 0.10424710424710425 0.11855670103092783
0 0.9613899613899614 0.3582474226804124 0.0694980694980695 0.06701030927835051
0 0.915057915057915 0.2268041237113402 0.14671814671814673 0.12371134020618557
0 0.9498069498069498 0.1211340206185567 0.09266409266409266 0.10824742268041238
0 0.8571428571428571 0.13917525773195877 0.11583011583011583 0.08247422680412371
0 0.8996138996138996 0.059278350515463915 0.19305019305019305 0.11855670103092783
0 0.0694980694980695 0.7860824742268041 0.138996138996139 0.27319587628865977
0 0.20270270270270271 0.8530927835051546 0.17374517374517376 0.28350515463917525
0 0.2722007722007722 0.9407216494845361 0.1274131274131274 0.10824742268041238
0 0.3532818532818533 0.9201030927835051 0.15057915057915058 0.14948453608247422
0 0.3088803088803089 0.8273195876288659 0.10038610038610038 0.0979381443298969
0 0.3918918918918919 0.8015463917525774 0.1583011583011583 0.13917525773195877
0 0.07335907335907337 0.9149484536082474 0.138996138996139 0.15979381443298968
0 0.03088803088803089 0.8402061855670103 0.06177606177606178 0.18556701030927836
0 0.33783783783783783 0.6443298969072165 0.07335907335907337 0.16494845360824742
0 0.3783783783783784 0.5798969072164949 0.07722007722007722 0.17010309278350516
0 0.42857142857142855 0.6185567010309279 0.08494208494208494 0.16494845360824742
0 0.4942084942084942 0.5515463917525774 0.12355212355212356 0.13402061855670103
0 0.5752895752895753 0.595360824742268 0.18532818532818532 0.19072164948453607
0 0.5772200772200772 0.4690721649484536 0.07335907335907337 0.1134020618556701
0 0.694980694980695 0.47680412371134023 0.138996138996139 0.18041237113402062
0 0.3532818532818533 0.26804123711340205 0.1583011583011583 0.16494845360824742
0 0.4768339768339768 0.2963917525773196 0.10424710424710425 0.22164948453608246
0 0.5598455598455598 0.25257731958762886 0.11583011583011583 0.10309278350515463
0 0.6177606177606177 0.36082474226804123 0.11583011583011583 0.13402061855670103
0 0.6602316602316602 0.29381443298969073 0.0694980694980695 0.14432989690721648
0 0.7413127413127413 0.2963917525773196 0.08494208494208494 0.20103092783505155
0 0.3185328185328185 0.3711340206185567 0.16602316602316602 0.16494845360824742
0 0.22586872586872586 0.4252577319587629 0.16602316602316602 0.18041237113402062
0 0.12355212355212356 0.5876288659793815 0.15444015444015444 0.14432989690721648
0 0.22393822393822393 0.6262886597938144 0.14671814671814673 0.18041237113402062
0 0.02702702702702703 0.5695876288659794 0.05405405405405406 0.13917525773195877
0 0.03088803088803089 0.44587628865979384 0.06177606177606178 0.23195876288659795
0 0.09266409266409266 0.3427835051546392 0.10810810810810811 0.10824742268041238
0 0.4980694980694981 0.49742268041237114 0.9961389961389961 0.9948453608247423
0 0.20270270270270271 0.2809278350515464 0.10424710424710425 0.11855670103092783
0 0.23938223938223938 0.20103092783505155 0.10038610038610038 0.15463917525773196
0 0.3185328185328185 0.07216494845360824 0.13513513513513514 0.07216494845360824
0 0.3436293436293436 0.14948453608247422 0.138996138996139 0.10309278350515463
0 0.4343629343629344 0.07989690721649484 0.09652509652509653 0.08762886597938144
0 0.44787644787644787 0.13917525773195877 0.10038610038610038 0.09278350515463918
0 0.5231660231660231 0.0979381443298969 0.0888030888030888 0.1134020618556701
0 0.6274131274131274 0.12886597938144329 0.11969111969111969 0.17525773195876287
0 0.7277992277992278 0.11855670103092783 0.11196911196911197 0.18556701030927836
0 0.7258687258687259 0.04639175257731959 0.23938223938223938 0.09278350515463918
0 0.5366795366795367 0.041237113402061855 0.1776061776061776 0.08247422680412371
0 0.3552123552123552 0.04639175257731959 0.23166023166023167 0.09278350515463918
0 0.1718146718146718 0.041237113402061855 0.13513513513513514 0.07216494845360824
0 0.14092664092664092 0.14175257731958762 0.14285714285714285 0.15979381443298968
0 0.08494208494208494 0.24484536082474226 0.16216216216216217 0.08762886597938144
0 0.03667953667953668 0.13144329896907217 0.07335907335907337 0.14948453608247422
0 0.05791505791505792 0.028350515463917526 0.11583011583011583 0.05670103092783505