0 0.856140350877193 0.5338983050847458 0.1824561403508772 0.6497175141242938
0 0.643859649122807 0.6016949152542372 0.14385964912280702 0.5141242937853108
0 0.46842105263157896 0.6497175141242938 0.11578947368421053 0.4180790960451977
0 0.3157894736842105 0.692090395480226 0.0912280701754386 0.3333333333333333
0 0.18421052631578946 0.7203389830508474 0.08070175438596491 0.2655367231638418
0 0.07368421052631578 0.7429378531073446 0.06315789473684211 0.23163841807909605
0 0.8543859649122807 0.1751412429378531 0.06666666666666667 0.05649717514124294
0 0.6421052631578947 0.3163841807909605 0.07017543859649122 0.06779661016949153
0 0.4631578947368421 0.4124293785310734 0.06315789473684211 0.06779661016949153
0 0.312280701754386 0.5 0.04912280701754386 0.05084745762711865
0 0.1824561403508772 0.559322033898305 0.04912280701754386 0.06779661016949153
0 0.06491228070175438 0.5988700564971752 0.0456140350877193 0.04519774011299435