0 0.76 0.8315508021390374 0.256 0.29411764705882354
0 0.858 0.5855614973262032 0.244 0.20855614973262032
0 0.836 0.7272727272727273 0.192 0.1925133689839572
0 0.892 0.45989304812834225 0.208 0.20320855614973263
0 0.546 0.6176470588235294 0.268 0.25133689839572193
0 0.556 0.7540106951871658 0.248 0.20320855614973263
0 0.326 0.7994652406417112 0.268 0.3155080213903743
0 0.236 0.5401069518716578 0.24 0.21390374331550802
0 0.224 0.6657754010695187 0.24 0.15508021390374332
0 0.122 0.42513368983957217 0.22 0.17647058823529413
0 0.112 0.5481283422459893 0.192 0.18716577540106952
0 0.528 0.3689839572192513 0.56 0.6096256684491979