1 0.24375 0.3890625 0.3 0.3375
1 0.18125 0.2125 0.190625 0.26875
1 0.41484375 0.11875 0.2421875 0.2375
1 0.40625 0.36640625 0.2265625 0.3515625
1 0.540625 0.209375 0.234375 0.2703125
1 0.62421875 0.42578125 0.3140625 0.2296875
1 0.9109375 0.3734375 0.178125 0.409375
1 0.72265625 0.23984375 0.25 0.2015625
1 0.71953125 0.5515625 0.1859375 0.134375
1 0.58203125 0.7046875 0.4328125 0.253125
1 0.41015625 0.79921875 0.2046875 0.1140625
1 0.2140625 0.72265625 0.25625 0.3265625
1 0.8015625 0.790625 0.315625 0.41875