1 0.94453125 0.284375 0.1109375 0.225
1 0.90234375 0.4375 0.1125 0.1640625
1 0.84453125 0.5796875 0.15625 0.1328125
1 0.8859375 0.71171875 0.13125 0.165625
1 0.82890625 0.8765625 0.1796875 0.246875
1 0.73671875 0.77109375 0.1421875 0.2515625
1 0.70078125 0.8921875 0.1671875 0.215625
1 0.65390625 0.94921875 0.0953125 0.1015625
1 0.55703125 0.90234375 0.1671875 0.1953125
1 0.44453125 0.82265625 0.178125 0.178125
1 0.30078125 0.8625 0.1609375 0.1984375
1 0.196875 0.83828125 0.0984375 0.1
1 0.10625 0.76015625 0.1609375 0.16875
1 0.22890625 0.60078125 0.1734375 0.2296875
1 0.09609375 0.540625 0.178125 0.1953125
1 0.2015625 0.396875 0.0609375 0.0609375
1 0.1703125 0.28125 0.1515625 0.2234375
1 0.24296875 0.121875 0.2078125 0.24375
1 0.35 0.11640625 0.159375 0.2328125
1 0.47734375 0.09453125 0.1875 0.1515625
1 0.58828125 0.1828125 0.2390625 0.2953125
1 0.728125 0.18828125 0.2375 0.2765625
1 0.8296875 0.1390625 0.1390625 0.1140625
1 0.8578125 0.22734375 0.090625 0.1
1 0.81328125 0.40625 0.1015625 0.2015625
1 0.73515625 0.4953125 0.11875 0.228125
1 0.64296875 0.4390625 0.1578125 0.2015625
1 0.5375 0.41015625 0.1328125 0.18125
1 0.440625 0.384375 0.1046875 0.115625
1 0.3078125 0.3375 0.1421875 0.2171875
1 0.41640625 0.26171875 0.0984375 0.146875
1 0.528125 0.684375 0.125 0.1171875
1 0.55390625 0.56484375 0.1609375 0.165625
1 0.65625 0.58046875 0.0859375 0.1484375
1 0.60859375 0.77578125 0.1265625 0.1203125
1 0.4 0.6109375 0.2 0.2203125
1 0.31328125 0.7109375 0.103125 0.128125