1 0.1703125 0.13515625 0.1015625 0.0375
1 0.11953125 0.22734375 0.075 0.05625
1 0.153125 0.2953125 0.0890625 0.0546875
1 0.18515625 0.19765625 0.1046875 0.0390625
1 0.22578125 0.28359375 0.0953125 0.0515625
1 0.328125 0.26875 0.0796875 0.0296875
1 0.25546875 0.20859375 0.05625 0.096875
1 0.31875 0.203125 0.0828125 0.0859375
1 0.33984375 0.31484375 0.1015625 0.0390625
1 0.4484375 0.353125 0.1171875 0.03125
1 0.6625 0.2203125 0.571875 0.2734375
1 0.47578125 0.49921875 0.7890625 0.165625
1 0.4109375 0.6671875 0.778125 0.171875
1 0.4828125 0.8359375 0.603125 0.203125