1 0.80859375 0.90859375 0.2703125 0.1828125
1 0.63828125 0.80234375 0.6578125 0.353125
1 0.48671875 0.921875 0.6171875 0.15625
1 0.18828125 0.8265625 0.3296875 0.2953125
1 0.34453125 0.62734375 0.3546875 0.2734375
1 0.640625 0.47734375 0.4296875 0.2453125
1 0.4734375 0.259375 0.3828125 0.259375
1 0.746875 0.18671875 0.50625 0.3296875
1 0.21875 0.1609375 0.35625 0.259375
1 0.18515625 0.3953125 0.25625 0.3875
1 0.08203125 0.671875 0.1640625 0.321875
1 0.0640625 0.39296875 0.128125 0.2234375
1 0.91640625 0.5234375 0.1671875 0.3625