1 0.16875 0.8171875 0.24375 0.18125
1 0.1046875 0.71328125 0.209375 0.125
1 0.084375 0.6328125 0.125 0.05
1 0.1 0.55703125 0.1375 0.0875
1 0.16875 0.46640625 0.2828125 0.228125
1 0.08359375 0.2390625 0.075 0.1203125
1 0.20859375 0.07890625 0.171875 0.1296875
1 0.17578125 0.17890625 0.10625 0.0625
1 0.346875 0.2078125 0.184375 0.096875
1 0.38359375 0.10703125 0.1265625 0.0953125
1 0.51796875 0.15625 0.121875 0.1859375
1 0.64296875 0.0875 0.121875 0.121875
1 0.45703125 0.2703125 0.21875 0.078125
1 0.38671875 0.35078125 0.1453125 0.078125
1 0.3984375 0.47109375 0.1859375 0.096875
1 0.25 0.409375 0.0796875 0.05625
1 0.40625 0.5703125 0.1578125 0.1125
1 0.271875 0.6171875 0.1109375 0.065625
1 0.3609375 0.721875 0.2125 0.1046875
1 0.3265625 0.84453125 0.153125 0.096875
1 0.4453125 0.8109375 0.0921875 0.0609375
1 0.4734375 0.66328125 0.0765625 0.1296875
1 0.38125 0.64375 0.059375 0.04375
1 0.646875 0.56875 0.2703125 0.1640625
1 0.60390625 0.8875 0.18125 0.1625
1 0.62890625 0.73515625 0.2203125 0.1515625
1 0.8078125 0.86015625 0.1390625 0.109375
1 0.87578125 0.73125 0.103125 0.078125
1 0.89765625 0.646875 0.1421875 0.1078125
1 0.73359375 0.6609375 0.1171875 0.109375
1 0.825 0.5 0.14375 0.1484375
1 0.94453125 0.51171875 0.071875 0.0765625
1 0.8921875 0.33203125 0.215625 0.1828125
1 0.74609375 0.215625 0.2078125 0.08125
1 0.83984375 0.1109375 0.290625 0.1640625
1 0.68671875 0.421875 0.1546875 0.140625
1 0.5640625 0.42578125 0.1328125 0.1453125
1 0.55078125 0.33125 0.1421875 0.08125
1 0.71484375 0.32109375 0.1625 0.0578125