1 0.54296875 0.29453125 0.3734375 0.4640625
1 0.68984375 0.0953125 0.2671875 0.190625
1 0.06953125 0.13203125 0.1390625 0.1453125
1 0.2484375 0.153125 0.496875 0.30625
1 0.325 0.25390625 0.1578125 0.2984375
1 0.15234375 0.403125 0.3046875 0.278125
1 0.3109375 0.61953125 0.3078125 0.3546875
1 0.33125 0.859375 0.159375 0.24375
1 0.83046875 0.76875 0.1 0.14375
1 0.7 0.71796875 0.1171875 0.2234375
1 0.72890625 0.54375 0.1765625 0.3109375
1 0.5625 0.64296875 0.128125 0.2578125
1 0.76171875 0.36171875 0.109375 0.1890625
1 0.871875 0.41953125 0.25625 0.4078125