1 0.24765625 0.921875 0.05625 0.1046875
1 0.35078125 0.94375 0.06875 0.0828125
1 0.40625 0.89140625 0.06875 0.0953125
1 0.303125 0.88984375 0.0578125 0.1078125
1 0.3734375 0.82578125 0.06875 0.1015625
1 0.32890625 0.73203125 0.04375 0.08125
1 0.29296875 0.81875 0.103125 0.0734375
1 0.26953125 0.76015625 0.0984375 0.0953125
1 0.36953125 0.70703125 0.0578125 0.1046875
1 0.375 0.5921875 0.0515625 0.11875
1 0.18515625 0.42578125 0.3703125 0.6015625
1 0.50625 0.5234375 0.3109375 0.790625
1 0.6859375 0.53671875 0.3140625 0.78125
1 0.8265625 0.41796875 0.3109375 0.61875