1 0.32109375 0.746875 0.28125 0.15625
1 0.12890625 0.79375 0.1890625 0.1859375
1 0.325 0.9078125 0.19375 0.1609375
1 0.5171875 0.80390625 0.196875 0.3921875
1 0.42265625 0.59765625 0.2390625 0.184375
1 0.496875 0.4328125 0.3375 0.159375
1 0.33984375 0.24140625 0.43125 0.25625
1 0.78359375 0.43046875 0.25625 0.2515625
1 0.640625 0.196875 0.23125 0.2015625
1 0.64453125 0.16171875 0.4265625 0.2046875
1 0.16796875 0.06640625 0.046875 0.05625
1 0.73359375 0.81953125 0.2921875 0.3609375
1 0.171875 0.5765625 0.2265625 0.1578125