1 0.28984375 0.16796875 0.22421875 0.20078125
1 0.11328125 0.2765625 0.12265625 0.271875
1 0.23515625 0.4765625 0.25 0.2375
1 0.271875 0.79609375 0.11875 0.3625
1 0.39453125 0.82578125 0.10078125 0.209375
1 0.53515625 0.83359375 0.1359375 0.10625
1 0.5609375 0.69296875 0.41171875 0.1578125
1 0.846875 0.73359375 0.17578125 0.34140625
1 0.684375 0.853125 0.1125 0.0984375
1 0.86484375 0.2609375 0.128125 0.403125
1 0.628125 0.2 0.20390625 0.1953125
1 0.609375 0.3921875 0.2515625 0.13671875
1 0.37578125 0.37890625 0.14609375 0.2828125
1 0.47734375 0.1890625 0.15078125 0.15390625