1 0.18046875 0.10625 0.20859375 0.09140625
1 0.3421875 0.125 0.15078125 0.07890625
1 0.49375 0.146875 0.103125 0.1359375
1 0.61171875 0.07421875 0.146875 0.0984375
1 0.80078125 0.0859375 0.25625 0.121875
1 0.70546875 0.2046875 0.2375 0.0875
1 0.84296875 0.20703125 0.21640625 0.11875
1 0.91796875 0.23671875 0.1296875 0.06640625
1 0.88515625 0.3453125 0.1859375 0.1265625
1 0.8265625 0.47578125 0.146875 0.14765625
1 0.9 0.60546875 0.1734375 0.12109375
1 0.9015625 0.7125 0.0828125 0.08125
1 0.84765625 0.81875 0.13984375 0.13046875
1 0.66328125 0.73828125 0.2046875 0.12734375
1 0.63671875 0.88203125 0.16484375 0.1421875
1 0.471875 0.81484375 0.05078125 0.04921875
1 0.3671875 0.87265625 0.203125 0.10546875
1 0.18515625 0.84375 0.23515625 0.15546875
1 0.15078125 0.74140625 0.24296875 0.103125
1 0.11171875 0.6203125 0.11484375 0.1640625
1 0.17109375 0.49140625 0.26015625 0.18203125
1 0.1421875 0.35390625 0.2390625 0.18515625
1 0.0703125 0.2671875 0.08671875 0.12265625
1 0.14921875 0.21875 0.0859375 0.07265625
1 0.33359375 0.21875 0.19296875 0.05625
1 0.43828125 0.27265625 0.21796875 0.0671875
1 0.40625 0.37578125 0.17890625 0.11953125
1 0.40390625 0.48515625 0.1625 0.09765625
1 0.40234375 0.5859375 0.0984375 0.0828125
1 0.3890625 0.72578125 0.20078125 0.09765625
1 0.2890625 0.6390625 0.13515625 0.06796875
1 0.671875 0.428125 0.09453125 0.10546875
1 0.55 0.43203125 0.13828125 0.13203125
1 0.540625 0.32890625 0.1390625 0.05390625
1 0.74140625 0.328125 0.09765625 0.10546875
1 0.63203125 0.5703125 0.1875 0.15859375
1 0.75 0.63046875 0.1125 0.07890625