1 0.35078125 0.86328125 0.25625 0.2359375
1 0.1578125 0.7875 0.1671875 0.2890625
1 0.24296875 0.56875 0.2875 0.2765625
1 0.22421875 0.24765625 0.1796875 0.378125
1 0.33984375 0.19765625 0.134375 0.2234375
1 0.4765625 0.165625 0.1515625 0.128125
1 0.5265625 0.29921875 0.434375 0.2265625
1 0.80078125 0.209375 0.23125 0.365625
1 0.6203125 0.1203125 0.128125 0.1171875
1 0.90078125 0.671875 0.196875 0.41875
1 0.678125 0.7734375 0.234375 0.228125
1 0.6265625 0.5875 0.271875 0.1796875
1 0.3984375 0.640625 0.19375 0.3046875
1 0.53203125 0.81015625 0.175 0.1765625