1 0.2109375 0.1328125 0.265625 0.265625
1 0.6734375 0.2953125 0.284375 0.346875
1 0.90625 0.23515625 0.1875 0.3703125
1 0.62421875 0.55625 0.2984375 0.2375
1 0.78125 0.83046875 0.225 0.26875
1 0.11484375 0.56015625 0.1875 0.184375
1 0.2203125 0.12578125 0.2484375 0.2375
1 0.32265625 0.365625 0.1921875 0.1953125
1 0.31640625 0.63125 0.1890625 0.215625
1 0.315625 0.81484375 0.175 0.1859375
1 0.15703125 0.91953125 0.228125 0.1109375
1 0.50078125 0.9484375 0.1921875 0.103125
1 0.45703125 0.14453125 0.196875 0.1375
1 0.44140625 0.28203125 0.1703125 0.14375