1 0.15546875 0.19765625 0.1625 0.2296875
1 0.253125 0.125 0.10703125 0.2
1 0.33125 0.09765625 0.0390625 0.12265625
1 0.40859375 0.10625 0.07578125 0.13125
1 0.5046875 0.1671875 0.20625 0.26640625
1 0.7234375 0.0625 0.11640625 0.065625
1 0.89375 0.17265625 0.11484375 0.16171875
1 0.79140625 0.14921875 0.05234375 0.1015625
1 0.77734375 0.321875 0.08046875 0.178125
1 0.88125 0.35 0.0859375 0.11875
1 0.84375 0.48828125 0.17890625 0.10546875
1 0.9234375 0.60625 0.11328125 0.11328125
1 0.725 0.4375 0.059375 0.2140625
1 0.6390625 0.37421875 0.065625 0.140625
1 0.5203125 0.39609375 0.08125 0.1796875
1 0.56875 0.24296875 0.05 0.075
1 0.421875 0.4125 0.09921875 0.15
1 0.36328125 0.2828125 0.05625 0.10546875
1 0.2671875 0.38046875 0.08671875 0.20703125
1 0.14140625 0.35703125 0.084375 0.146875
1 0.18515625 0.47265625 0.053125 0.0875
1 0.33515625 0.4875 0.125 0.06640625
1 0.34609375 0.39453125 0.0390625 0.05625
1 0.44453125 0.65234375 0.1421875 0.25859375
1 0.1234375 0.6375 0.1484375 0.16796875
1 0.27734375 0.64921875 0.134375 0.20859375
1 0.16796875 0.83828125 0.0984375 0.13125
1 0.30234375 0.89453125 0.0703125 0.096875
1 0.38828125 0.90859375 0.096875 0.134375
1 0.36015625 0.746875 0.09921875 0.109375
1 0.528125 0.8234375 0.13671875 0.1328125
1 0.52734375 0.94375 0.07109375 0.06484375
1 0.70078125 0.87734375 0.16484375 0.20390625
1 0.8046875 0.7203125 0.0640625 0.203125
1 0.9171875 0.8046875 0.13984375 0.2796875
1 0.59375 0.67890625 0.12890625 0.14296875
1 0.5796875 0.55703125 0.1359375 0.121875
1 0.67265625 0.5359375 0.06796875 0.13828125
1 0.696875 0.6984375 0.04453125 0.16015625