1 0.10234375 0.2625 0.2046875 0.20703125
1 0.20078125 0.090625 0.146875 0.1265625
1 0.440625 0.1546875 0.175 0.20546875
1 0.3734375 0.36640625 0.1953125 0.11171875
1 0.2453125 0.5015625 0.140625 0.2078125
1 0.2453125 0.8953125 0.11328125 0.16953125
1 0.05390625 0.88359375 0.0984375 0.20859375
1 0.121875 0.7359375 0.1484375 0.1640625
1 0.44765625 0.8265625 0.1890625 0.18359375
1 0.38203125 0.9390625 0.21875 0.1171875
1 0.44765625 0.66953125 0.13515625 0.11875
1 0.7125 0.8484375 0.21484375 0.21015625
1 0.59140625 0.51875 0.190625 0.20234375
1 0.82734375 0.53203125 0.1625 0.19296875
1 0.5734375 0.08046875 0.17578125 0.1609375
1 0.76875 0.134375 0.23515625 0.21484375
1 0.9171875 0.409375 0.165625 0.24375
1 0.81875 0.509375 0.2078125 0.21796875
1 0.92890625 0.63828125 0.1421875 0.26875
1 0.896875 0.84296875 0.1453125 0.20703125
1 0.7328125 0.696875 0.22265625 0.17421875
1 0.40546875 0.49140625 0.1625 0.16484375
1 0.66796875 0.3109375 0.22734375 0.15703125