1 0.259375 0.14296875 0.34375 0.1765625
1 0.6828125 0.059375 0.23125 0.11875
1 0.775 0.11484375 0.26875 0.2296875
1 0.7453125 0.64140625 0.36875 0.3984375
1 0.83515625 0.84765625 0.3296875 0.2484375
1 0.2859375 0.84296875 0.315625 0.3140625
1 0.4671875 0.6609375 0.3 0.2796875
1 0.5453125 0.478125 0.2078125 0.1796875
1 0.6046875 0.2953125 0.1828125 0.178125
1 0.7015625 0.3734375 0.1578125 0.1359375
1 0.2203125 0.659375 0.30625 0.21875
1 0.1234375 0.4234375 0.1515625 0.2
1 0.33671875 0.3484375 0.228125 0.2125
1 0.921875 0.34375 0.15625 0.30625