1 0.37578125 0.3921875 0.17890625 0.26953125
1 0.603125 0.265625 0.178125 0.24453125
1 0.75625 0.18046875 0.128125 0.2390625
1 0.76875 0.4765625 0.16796875 0.33828125
1 0.61640625 0.621875 0.20546875 0.2703125
1 0.690625 0.76796875 0.18203125 0.22421875
1 0.4296875 0.759375 0.2109375 0.24609375
1 0.33671875 0.92421875 0.18203125 0.1203125
1 0.26171875 0.64765625 0.23203125 0.31640625
1 0.20234375 0.409375 0.17578125 0.1609375
1 0.1484375 0.2265625 0.1125 0.14375
1 0.33125 0.12890625 0.15 0.25703125
1 0.4734375 0.109375 0.103125 0.21875