1 0.44140625 0.1640625 0.1625 0.171875
1 0.5609375 0.30078125 0.12421875 0.19453125
1 0.75078125 0.253125 0.25078125 0.36640625
1 0.84453125 0.67265625 0.22265625 0.2625
1 0.65078125 0.5234375 0.20703125 0.24296875
1 0.63359375 0.77734375 0.15390625 0.2140625
1 0.4609375 0.7046875 0.18046875 0.20859375
1 0.36875 0.8015625 0.21796875 0.2375
1 0.15546875 0.765625 0.1625 0.159375
1 0.11875 0.59375 0.15234375 0.2671875
1 0.2484375 0.63984375 0.11953125 0.14921875
1 0.3046875 0.4921875 0.13125 0.19375
1 0.4453125 0.50625 0.2171875 0.2484375
1 0.3640625 0.3234375 0.19140625 0.19609375
1 0.20078125 0.34140625 0.15078125 0.1890625