1 0.3390625 0.24140625 0.27265625 0.13828125
1 0.15 0.18125 0.178125 0.1734375
1 0.35390625 0.08125 0.184375 0.1484375
1 0.53828125 0.19609375 0.1703125 0.3828125
1 0.4296875 0.396875 0.22890625 0.16796875
1 0.4921875 0.5671875 0.32890625 0.1375
1 0.321875 0.746875 0.415625 0.22890625
1 0.778125 0.5890625 0.23984375 0.2359375
1 0.61875 0.8125 0.21875 0.18671875
1 0.6203125 0.84765625 0.41640625 0.1765625
1 0.13828125 0.909375 0.04375 0.05390625
1 0.75546875 0.196875 0.26953125 0.34296875
1 0.178125 0.40078125 0.2171875 0.14453125