1 0.903125 0.225 0.19375 0.2125
1 0.70546875 0.271875 0.5890625 0.371875
1 0.65546875 0.09609375 0.6171875 0.1921875
1 0.33359375 0.115625 0.3359375 0.23125
1 0.403125 0.3234375 0.359375 0.284375
1 0.621875 0.5734375 0.4328125 0.2578125
1 0.38515625 0.7125 0.3875 0.2703125
1 0.6421875 0.86015625 0.578125 0.2796875
1 0.14609375 0.70859375 0.2921875 0.2703125
1 0.16875 0.47890625 0.2671875 0.3921875
1 0.15390625 0.17421875 0.2234375 0.325
1 0.06171875 0.434375 0.1234375 0.225
1 0.90234375 0.6390625 0.1953125 0.365625