1 0.23671875 0.85 0.175 0.1703125
1 0.08984375 0.81484375 0.1796875 0.3453125
1 0.1125 0.3609375 0.225 0.471875
1 0.42421875 0.13046875 0.18125 0.175
1 0.3875 0.3484375 0.2 0.153125
1 0.58828125 0.5203125 0.15 0.25
1 0.9 0.4609375 0.2 0.290625
1 0.92421875 0.63515625 0.15 0.1453125
1 0.8875 0.83046875 0.146875 0.2125
1 0.740625 0.88359375 0.24375 0.1453125
1 0.63828125 0.80703125 0.165625 0.1484375
1 0.43984375 0.81953125 0.1578125 0.240625
1 0.45546875 0.63984375 0.178125 0.1625
1 0.40078125 0.4875 0.175 0.140625
1 0.2578125 0.46484375 0.15 0.31875
1 0.590625 0.2890625 0.140625 0.1625
1 0.7984375 0.3125 0.140625 0.2265625
1 0.7859375 0.134375 0.225 0.15625