1 0.228125 0.4328125 0.26796875 0.17734375
1 0.08046875 0.3203125 0.159375 0.16640625
1 0.3109375 0.25 0.3265625 0.23203125
1 0.59921875 0.34765625 0.20703125 0.1765625
1 0.3859375 0.6109375 0.2703125 0.16796875
1 0.24765625 0.71875 0.303125 0.14609375
1 0.5171875 0.7703125 0.35 0.1640625
1 0.715625 0.5890625 0.27421875 0.19453125
1 0.8125 0.76015625 0.259375 0.1984375
1 0.7328125 0.40546875 0.415625 0.328125
1 0.89375 0.48125 0.209375 0.15859375
1 0.57578125 0.17734375 0.18203125 0.15703125
1 0.7640625 0.1390625 0.12890625 0.14609375