1 0.23515625 0.83984375 0.3484375 0.196875
1 0.65 0.94296875 0.2375 0.1140625
1 0.74609375 0.890625 0.2796875 0.21875
1 0.7546875 0.37578125 0.3875 0.415625
1 0.8453125 0.1796875 0.309375 0.271875
1 0.31171875 0.153125 0.3296875 0.30625
1 0.47890625 0.33671875 0.3125 0.29375
1 0.54375 0.525 0.215625 0.190625
1 0.590625 0.71171875 0.1921875 0.1875
1 0.6921875 0.640625 0.1640625 0.14375
1 0.23203125 0.32109375 0.3140625 0.234375
1 0.11875 0.55 0.1625 0.2046875
1 0.3265625 0.63984375 0.2375 0.225
1 0.9109375 0.684375 0.178125 0.309375