1 0.315625 0.103125 0.2 0.1953125
1 0.159375 0.1453125 0.24375 0.290625
1 0.121875 0.55390625 0.24375 0.5015625
1 0.34921875 0.8453125 0.2078125 0.203125
1 0.35859375 0.62421875 0.221875 0.184375
1 0.590625 0.4984375 0.1890625 0.2703125
1 0.8796875 0.62109375 0.240625 0.3203125
1 0.928125 0.45546875 0.14375 0.1671875
1 0.928125 0.25703125 0.14375 0.2328125
1 0.815625 0.17421875 0.2625 0.184375
1 0.69921875 0.228125 0.1875 0.1734375
1 0.5078125 0.175 0.1953125 0.2625
1 0.48515625 0.35390625 0.2015625 0.1890625
1 0.40078125 0.4921875 0.1953125 0.1671875
1 0.25546875 0.484375 0.2015625 0.3375
1 0.54453125 0.725 0.165625 0.1828125
1 0.753125 0.74609375 0.178125 0.2453125
1 0.703125 0.91015625 0.246875 0.1796875