1 0.325 0.10625 0.32734375 0.12265625
1 0.76171875 0.07109375 0.21015625 0.140625
1 0.8390625 0.15859375 0.23359375 0.2140625
1 0.7171875 0.68203125 0.31328125 0.35
1 0.80390625 0.90625 0.3703125 0.1875
1 0.23046875 0.8015625 0.27265625 0.271875
1 0.43984375 0.653125 0.2625 0.2375
1 0.5484375 0.4859375 0.184375 0.15
1 0.6390625 0.31640625 0.16015625 0.15390625
1 0.7203125 0.41015625 0.14140625 0.11328125
1 0.196875 0.60859375 0.28046875 0.171875
1 0.1421875 0.359375 0.121875 0.18203125
1 0.365625 0.32265625 0.19921875 0.18046875
1 0.94453125 0.4203125 0.1109375 0.29140625