1 0.34296875 0.0921875 0.2421875 0.184375
1 0.15546875 0.128125 0.1515625 0.16875
1 0.17265625 0.37578125 0.2359375 0.2109375
1 0.39296875 0.35 0.1484375 0.2125
1 0.55 0.25 0.23125 0.178125
1 0.92109375 0.32578125 0.1578125 0.1421875
1 0.92421875 0.13515625 0.1515625 0.1359375
1 0.80390625 0.17421875 0.1890625 0.1765625
1 0.83046875 0.5109375 0.2171875 0.2203125
1 0.9375 0.4671875 0.125 0.2375
1 0.6765625 0.48125 0.1421875 0.1546875
1 0.8015625 0.775 0.246875 0.2515625
1 0.50078125 0.59296875 0.2359375 0.2265625
1 0.46875 0.82734375 0.221875 0.196875
1 0.084375 0.4921875 0.16875 0.203125
1 0.10859375 0.69375 0.2171875 0.271875
1 0.33125 0.8921875 0.2703125 0.209375
1 0.4484375 0.81484375 0.2546875 0.2453125
1 0.553125 0.92578125 0.290625 0.1484375
1 0.76015625 0.93203125 0.2296875 0.1359375
1 0.64921875 0.76640625 0.2140625 0.2515625
1 0.509375 0.40546875 0.19375 0.190625
1 0.28203125 0.62890625 0.196875 0.253125