1 0.15 0.20390625 0.1671875 0.2328125
1 0.246875 0.1296875 0.109375 0.2015625
1 0.32421875 0.10078125 0.040625 0.121875
1 0.4015625 0.1078125 0.0765625 0.1328125
1 0.49921875 0.1671875 0.2109375 0.26875
1 0.715625 0.05859375 0.1171875 0.0671875
1 0.88828125 0.165625 0.11875 0.1640625
1 0.78515625 0.14453125 0.0546875 0.103125
1 0.77421875 0.3171875 0.084375 0.1796875
1 0.87890625 0.34375 0.0875 0.1203125
1 0.84375 0.48203125 0.1796875 0.109375
1 0.925 0.59921875 0.1140625 0.1140625
1 0.72421875 0.43359375 0.0625 0.215625
1 0.63671875 0.371875 0.06875 0.1421875
1 0.51875 0.39609375 0.084375 0.18125
1 0.5640625 0.2421875 0.0515625 0.0765625
1 0.4203125 0.4140625 0.103125 0.1515625
1 0.359375 0.28515625 0.0578125 0.1078125
1 0.26484375 0.384375 0.090625 0.2078125
1 0.1390625 0.36328125 0.0875 0.1484375
1 0.184375 0.478125 0.0546875 0.0890625
1 0.33515625 0.490625 0.1265625 0.0671875
1 0.34453125 0.396875 0.040625 0.05625
1 0.446875 0.653125 0.146875 0.2625
1 0.12578125 0.64375 0.1515625 0.171875
1 0.2796875 0.653125 0.1375 0.2109375
1 0.17421875 0.84375 0.1 0.1328125
1 0.309375 0.89765625 0.071875 0.0984375
1 0.3953125 0.91015625 0.0984375 0.1359375
1 0.36484375 0.74921875 0.1015625 0.1109375
1 0.53359375 0.82265625 0.1390625 0.1359375
1 0.53515625 0.94296875 0.0734375 0.0671875
1 0.70703125 0.8734375 0.16875 0.20625
1 0.80859375 0.71484375 0.0671875 0.2046875
1 0.92265625 0.79765625 0.1453125 0.2828125
1 0.596875 0.67734375 0.13125 0.1453125
1 0.58046875 0.55546875 0.1375 0.125
1 0.6734375 0.5328125 0.071875 0.1390625
1 0.7 0.6953125 0.046875 0.159375