1 0.79453125 0.75390625 0.3515625 0.4921875
1 0.5453125 0.63515625 0.2296875 0.371875
1 0.75546875 0.43515625 0.215625 0.3859375
1 0.36640625 0.3421875 0.2703125 0.3140625
1 0.084375 0.5203125 0.16875 0.5625
1 0.0984375 0.81875 0.196875 0.296875
1 0.3265625 0.678125 0.2484375 0.3171875
1 0.2125 0.66640625 0.296875 0.6265625
1 0.5515625 0.175 0.36875 0.2328125
1 0.3109375 0.08828125 0.2125 0.1765625
1 0.8296875 0.20625 0.25 0.3671875
1 0.5828125 0.053125 0.253125 0.10625
1 0.1234375 0.0890625 0.10625 0.178125