1 0.77890625 0.5015625 0.271875 0.315625
1 0.90546875 0.640625 0.1640625 0.259375
1 0.72734375 0.8171875 0.2234375 0.21875
1 0.63828125 0.5859375 0.190625 0.3421875
1 0.57578125 0.78359375 0.2109375 0.2546875
1 0.41484375 0.6171875 0.3015625 0.2
1 0.153125 0.78359375 0.171875 0.4046875
1 0.396875 0.82578125 0.2375 0.1796875
1 0.278125 0.53828125 0.178125 0.115625
1 0.34453125 0.34375 0.4234375 0.2078125
1 0.465625 0.1890625 0.2015625 0.0921875
1 0.6765625 0.18359375 0.225 0.3109375
1 0.11875 0.334375 0.2375 0.4375