1 0.540625 0.22421875 0.28515625 0.23359375
1 0.6953125 0.11796875 0.24296875 0.13203125
1 0.84609375 0.31875 0.19296875 0.1984375
1 0.6046875 0.375 0.325 0.146875
1 0.79140625 0.4640625 0.23046875 0.18046875
1 0.60390625 0.60078125 0.1625 0.28125
1 0.7328125 0.8828125 0.3921875 0.11875
1 0.80859375 0.64765625 0.15078125 0.21953125
1 0.50703125 0.725 0.09375 0.1671875
1 0.3234375 0.63203125 0.15234375 0.40625
1 0.1875 0.490625 0.06640625 0.19453125
1 0.2109375 0.28125 0.2875 0.1875
1 0.28125 0.871875 0.4109375 0.2171875