1 0.22890625 0.12421875 0.2234375 0.221875
1 0.06796875 0.23671875 0.1359375 0.1578125
1 0.15078125 0.47109375 0.2203125 0.1921875
1 0.35625 0.3859375 0.1296875 0.2046875
1 0.4796875 0.24609375 0.21875 0.1578125
1 0.871875 0.21171875 0.178125 0.1265625
1 0.84296875 0.03984375 0.2171875 0.0796875
1 0.70234375 0.103125 0.1765625 0.1625
1 0.82109375 0.41953125 0.2 0.2046875
1 0.92734375 0.34453125 0.1359375 0.228125
1 0.6640625 0.4328125 0.1296875 0.14375
1 0.865625 0.68125 0.228125 0.2328125
1 0.5265625 0.5890625 0.21875 0.2078125
1 0.56015625 0.8234375 0.2078125 0.178125
1 0.08828125 0.609375 0.175 0.1890625
1 0.159375 0.79921875 0.2359375 0.2515625
1 0.44609375 0.91484375 0.2578125 0.1703125
1 0.5375 0.81640625 0.2359375 0.2265625
1 0.675 0.91484375 0.2796875 0.165625
1 0.8765625 0.865625 0.21875 0.1625
1 0.71640625 0.71484375 0.19375 0.2359375
1 0.4828125 0.40625 0.1796875 0.1765625
1 0.3265625 0.68359375 0.175 0.240625