1 0.578125 0.30546875 0.30703125 0.4171875
1 0.7625 0.10625 0.234375 0.2125
1 0.13515625 0.0625 0.1296875 0.125
1 0.30234375 0.11328125 0.4875 0.22578125
1 0.3703125 0.22734375 0.1109375 0.2828125
1 0.1703125 0.34375 0.2765625 0.23359375
1 0.29296875 0.58515625 0.25546875 0.31640625
1 0.27109375 0.82421875 0.12109375 0.2265625
1 0.77890625 0.821875 0.07734375 0.1328125
1 0.659375 0.74921875 0.08046875 0.2125
1 0.71796875 0.5828125 0.12734375 0.29453125
1 0.53671875 0.6515625 0.0859375 0.24609375
1 0.78203125 0.409375 0.0796875 0.17890625
1 0.89140625 0.48828125 0.2171875 0.3765625