1 0.17734375 0.90234375 0.2640625 0.1953125
1 0.32890625 0.6796875 0.2796875 0.21875
1 0.49375 0.92109375 0.5625 0.1578125
1 0.8046875 0.84140625 0.3453125 0.28125
1 0.3421875 0.78984375 0.6359375 0.334375
1 0.659375 0.61484375 0.35 0.253125
1 0.91171875 0.68671875 0.1765625 0.2921875
1 0.82109375 0.396875 0.2234375 0.340625
1 0.35390625 0.4640625 0.371875 0.234375
1 0.2296875 0.20859375 0.459375 0.2859375
1 0.521875 0.25234375 0.409375 0.2546875
1 0.82109375 0.1703125 0.2828125 0.2390625
1 0.9546875 0.41484375 0.090625 0.2296875
1 0.0921875 0.51484375 0.184375 0.3828125
1 0.61640625 0.42890625 0.23125 0.203125