1 0.228125 0.5671875 0.26875 0.178125
1 0.08046875 0.6796875 0.159375 0.165625
1 0.3109375 0.75 0.3265625 0.23125
1 0.59921875 0.65234375 0.20625 0.1765625
1 0.3859375 0.3890625 0.2703125 0.16875
1 0.24765625 0.28125 0.303125 0.146875
1 0.5171875 0.2296875 0.35 0.1640625
1 0.715625 0.4109375 0.275 0.19375
1 0.8125 0.23984375 0.259375 0.1984375
1 0.7328125 0.59453125 0.415625 0.328125
1 0.89375 0.51875 0.209375 0.159375
1 0.57578125 0.82265625 0.18125 0.15625
1 0.7640625 0.8609375 0.128125 0.146875