1 0.1234375 0.05625 0.2046875 0.11171875
1 0.128125 0.24375 0.20390625 0.14375
1 0.31328125 0.159375 0.19296875 0.23203125
1 0.47734375 0.08515625 0.184375 0.1703125
1 0.50859375 0.24765625 0.20703125 0.1265625
1 0.640625 0.38125 0.121875 0.1625
1 0.71796875 0.16015625 0.234375 0.2484375
1 0.92734375 0.14375 0.14453125 0.2046875
1 0.9453125 0.359375 0.109375 0.1296875
1 0.8546875 0.4265625 0.16796875 0.1921875
1 0.8828125 0.77421875 0.165625 0.1796875
1 0.69453125 0.78671875 0.2234375 0.1234375
1 0.5875 0.92890625 0.2546875 0.1109375
1 0.36328125 0.92265625 0.1765625 0.1546875
1 0.47890625 0.81015625 0.16328125 0.15546875
1 0.16484375 0.91640625 0.19453125 0.1078125
1 0.140625 0.76875 0.14609375 0.1625
1 0.1890625 0.640625 0.17109375 0.1234375
1 0.47109375 0.6046875 0.21328125 0.16875
1 0.19375 0.45 0.21796875 0.15390625
1 0.35 0.45625 0.19765625 0.12890625
1 0.06484375 0.396875 0.1296875 0.18984375
1 0.06484375 0.63984375 0.1296875 0.1671875
1 0.725 0.6234375 0.18125 0.2109375
1 0.50625 0.4078125 0.140625 0.159375