1 0.15234375 0.8265625 0.2703125 0.240625
1 0.278125 0.34921875 0.3234375 0.253125
1 0.19140625 0.09921875 0.3515625 0.1984375
1 0.54296875 0.3703125 0.2109375 0.278125
1 0.79921875 0.1859375 0.25 0.2015625
1 0.60078125 0.8765625 0.16875 0.171875
1 0.15703125 0.8171875 0.215625 0.2265625
1 0.38515625 0.68984375 0.178125 0.175
1 0.64921875 0.66875 0.2 0.16875
1 0.8328125 0.65 0.171875 0.159375
1 0.95234375 0.796875 0.0875 0.2203125
1 0.9515625 0.45078125 0.096875 0.1828125
1 0.15078125 0.5796875 0.11875 0.1859375
1 0.2890625 0.58046875 0.128125 0.1578125