1 0.2921875 0.47109375 0.478125 0.3984375
1 0.09296875 0.340625 0.1859375 0.278125
1 0.1640625 0.940625 0.153125 0.11875
1 0.17265625 0.76015625 0.3359375 0.4796875
1 0.2671875 0.69140625 0.3015625 0.1765625
1 0.428125 0.84765625 0.29375 0.3046875
1 0.6328125 0.68046875 0.36875 0.325
1 0.8703125 0.64375 0.25 0.1734375
1 0.74453125 0.1515625 0.1484375 0.1078125
1 0.703125 0.28515625 0.2265625 0.1296875
1 0.52734375 0.26875 0.315625 0.1953125
1 0.63828125 0.42734375 0.2609375 0.14375
1 0.34375 0.2484375 0.1921875 0.1203125
1 0.39296875 0.13671875 0.4171875 0.2734375