1 0.31328125 0.15390625 0.2390625 0.215625
1 0.1296875 0.25 0.140625 0.2796875
1 0.2375 0.4578125 0.265625 0.2546875
1 0.2515625 0.7796875 0.14375 0.3703125
1 0.371875 0.81796875 0.1140625 0.215625
1 0.51171875 0.83515625 0.14375 0.115625
1 0.54765625 0.696875 0.421875 0.1859375
1 0.8296875 0.75703125 0.1984375 0.3515625
1 0.659375 0.86484375 0.11875 0.10625
1 0.88046875 0.28671875 0.15625 0.4109375
1 0.6484375 0.209375 0.215625 0.209375
1 0.61640625 0.4 0.2609375 0.1546875
1 0.384375 0.3703125 0.165625 0.2921875
1 0.49921875 0.18828125 0.1609375 0.1625