1 0.1515625 0.13515625 0.221875 0.1515625
1 0.321875 0.14609375 0.1234375 0.1046875
1 0.48359375 0.1578125 0.1546875 0.115625
1 0.29765625 0.23046875 0.18125 0.090625
1 0.05546875 0.321875 0.1109375 0.109375
1 0.11953125 0.24453125 0.0984375 0.0671875
1 0.1421875 0.39296875 0.1953125 0.209375
1 0.1859375 0.521875 0.3 0.1734375
1 0.11796875 0.659375 0.11875 0.159375
1 0.1609375 0.76796875 0.1984375 0.14375
1 0.21796875 0.88359375 0.2484375 0.23125
1 0.39609375 0.88984375 0.159375 0.1609375
1 0.4046875 0.72421875 0.2109375 0.1171875
1 0.503125 0.81875 0.1234375 0.071875
1 0.66484375 0.875 0.178125 0.1390625
1 0.8796875 0.7890625 0.2015625 0.1015625
1 0.67578125 0.72890625 0.253125 0.1390625
1 0.65859375 0.5359375 0.2875 0.1546875
1 0.7609375 0.6203125 0.146875 0.09375
1 0.91484375 0.67421875 0.13125 0.0828125
1 0.89921875 0.5625 0.2015625 0.1171875
1 0.81875 0.46328125 0.1546875 0.1859375
1 0.86640625 0.31796875 0.2078125 0.1640625
1 0.896875 0.19765625 0.121875 0.06875
1 0.6796875 0.19140625 0.2296875 0.128125
1 0.59296875 0.0734375 0.146875 0.11875
1 0.76484375 0.08828125 0.2828125 0.1765625
1 0.66640625 0.3953125 0.1390625 0.1234375
1 0.54921875 0.42578125 0.10625 0.1234375
1 0.39375 0.4921875 0.2109375 0.1171875
1 0.40546875 0.5921875 0.159375 0.103125
1 0.384375 0.38046875 0.171875 0.1046875
1 0.4171875 0.28515625 0.2109375 0.0734375
1 0.53515625 0.3171875 0.146875 0.0875