1 0.08125 0.128125 0.1625 0.146875
1 0.10078125 0.31171875 0.2015625 0.1765625
1 0.25703125 0.196875 0.23125 0.2609375
1 0.40546875 0.09765625 0.2109375 0.1953125
1 0.46484375 0.25 0.225 0.1609375
1 0.61796875 0.35859375 0.1484375 0.18125
1 0.65546875 0.13515625 0.2734375 0.2703125
1 0.85859375 0.09375 0.1765625 0.1875
1 0.9140625 0.284375 0.1296875 0.146875
1 0.83671875 0.36640625 0.2 0.21875
1 0.9140625 0.703125 0.171875 0.20625
1 0.74140625 0.7484375 0.2421875 0.1609375
1 0.6609375 0.90703125 0.2703125 0.153125
1 0.4390625 0.92421875 0.2 0.1515625
1 0.5328125 0.809375 0.1875 0.1828125
1 0.2421875 0.94921875 0.209375 0.1015625
1 0.19296875 0.82734375 0.1734375 0.1859375
1 0.21796875 0.6921875 0.190625 0.1515625
1 0.48984375 0.6078125 0.2390625 0.203125
1 0.18984375 0.50390625 0.2421875 0.1890625
1 0.34453125 0.4828125 0.215625 0.1609375
1 0.0671875 0.47421875 0.134375 0.2109375
1 0.09609375 0.71328125 0.15625 0.1875
1 0.74296875 0.5828125 0.215625 0.2390625
1 0.48984375 0.4078125 0.165625 0.18125