1 0.24609375 0.0609375 0.2203125 0.121875
1 0.403125 0.1046875 0.1609375 0.1
1 0.54921875 0.15 0.1234375 0.15
1 0.6765625 0.096875 0.1609375 0.1203125
1 0.86171875 0.13828125 0.271875 0.1609375
1 0.74921875 0.240625 0.2484375 0.1234375
1 0.884375 0.2640625 0.23125 0.1515625
1 0.9421875 0.3046875 0.115625 0.084375
1 0.9015625 0.40703125 0.196875 0.1546875
1 0.8265625 0.52734375 0.16875 0.16875
1 0.87890625 0.66640625 0.190625 0.146875
1 0.86328125 0.77265625 0.09375 0.09375
1 0.79375 0.86953125 0.159375 0.1515625
1 0.62421875 0.7609375 0.221875 0.1578125
1 0.575 0.8984375 0.1859375 0.165625
1 0.42265625 0.80625 0.0578125 0.0578125
1 0.31015625 0.84765625 0.2171875 0.1359375
1 0.13515625 0.790625 0.25625 0.190625
1 0.12265625 0.6828125 0.2453125 0.140625
1 0.09765625 0.5578125 0.140625 0.1796875
1 0.1765625 0.43984375 0.284375 0.2203125
1 0.16953125 0.3 0.265625 0.21875
1 0.11171875 0.203125 0.10625 0.134375
1 0.19765625 0.1671875 0.096875 0.084375
1 0.3796875 0.19609375 0.2 0.0859375
1 0.47421875 0.265625 0.2265625 0.1
1 0.4265625 0.3625 0.19375 0.1453125
1 0.40703125 0.4703125 0.175 0.121875
1 0.38984375 0.56953125 0.1109375 0.096875
1 0.35546875 0.70546875 0.2125 0.1265625
1 0.26953125 0.6046875 0.14375 0.0890625
1 0.68125 0.45625 0.109375 0.1203125
1 0.56015625 0.440625 0.15625 0.1515625
1 0.5671875 0.3375 0.1453125 0.075
1 0.765625 0.36796875 0.1125 0.1203125
1 0.61953125 0.58984375 0.209375 0.1875
1 0.7265625 0.66796875 0.1234375 0.0953125