1 0.13828125 0.94765625 0.2078125 0.1046875
1 0.1375 0.76875 0.2078125 0.15
1 0.325 0.846875 0.2015625 0.2375
1 0.4921875 0.91328125 0.190625 0.1734375
1 0.5171875 0.7515625 0.2109375 0.134375
1 0.64453125 0.6140625 0.128125 0.1671875
1 0.7296875 0.83203125 0.2421875 0.25625
1 0.93203125 0.840625 0.1359375 0.209375
1 0.94609375 0.62421875 0.1078125 0.1328125
1 0.85703125 0.5609375 0.175 0.1984375
1 0.87265625 0.2125 0.171875 0.1859375
1 0.684375 0.20703125 0.228125 0.13125
1 0.57265625 0.06796875 0.2578125 0.1203125
1 0.3484375 0.08203125 0.18125 0.1609375
1 0.46796875 0.190625 0.1671875 0.1625
1 0.15078125 0.0953125 0.196875 0.1140625
1 0.13125 0.24375 0.153125 0.1671875
1 0.184375 0.3703125 0.1765625 0.1296875
1 0.4671875 0.39609375 0.21875 0.1765625
1 0.1953125 0.5609375 0.2234375 0.1609375
1 0.3515625 0.54921875 0.2015625 0.134375
1 0.06875 0.61796875 0.1359375 0.1953125
1 0.0640625 0.375 0.128125 0.171875
1 0.7203125 0.36875 0.1890625 0.2171875
1 0.509375 0.5921875 0.146875 0.1640625