1 0.13515625 0.12265625 0.18515625 0.240625
1 0.34609375 0.30546875 0.18359375 0.25703125
1 0.0625 0.43203125 0.12421875 0.55078125
1 0.11953125 0.75390625 0.2390625 0.31484375
1 0.23515625 0.303125 0.25390625 0.60546875
1 0.3640625 0.6421875 0.2109375 0.3234375
1 0.25390625 0.90546875 0.26953125 0.1890625
1 0.5578125 0.83203125 0.31796875 0.18125
1 0.55625 0.36015625 0.18671875 0.3484375
1 0.82734375 0.26171875 0.22578125 0.45546875
1 0.7421875 0.55625 0.20390625 0.38359375
1 0.78203125 0.8640625 0.2046875 0.25546875
1 0.5203125 0.965625 0.22265625 0.06875
1 0.54375 0.08203125 0.3640625 0.16328125
1 0.55390625 0.625 0.17421875 0.21015625