1 0.1390625 0.12265625 0.165625 0.2453125
1 0.2265625 0.31171875 0.24765625 0.6234375
1 0.05390625 0.43515625 0.1078125 0.6078125
1 0.12421875 0.75 0.2484375 0.28984375
1 0.34765625 0.63125 0.22109375 0.3203125
1 0.546875 0.365625 0.17734375 0.4046875
1 0.73203125 0.56796875 0.2015625 0.35390625
1 0.85625 0.278125 0.2390625 0.54140625
1 0.78515625 0.8359375 0.20703125 0.325
1 0.5484375 0.828125 0.359375 0.19765625
1 0.253125 0.90625 0.29765625 0.165625
1 0.5296875 0.95 0.21015625 0.1
1 0.5515625 0.0703125 0.34375 0.140625