1 0.8890625 0.8125 0.221875 0.178125
1 0.72578125 0.82578125 0.134375 0.11875
1 0.5640625 0.83671875 0.165625 0.1328125
1 0.7375 0.73828125 0.1875 0.1140625
1 0.95078125 0.61171875 0.0984375 0.1234375
1 0.9125 0.7 0.1046875 0.0796875
1 0.86875 0.55625 0.21875 0.23125
1 0.8078125 0.434375 0.3140625 0.209375
1 0.85625 0.2890625 0.1375 0.1703125
1 0.7984375 0.1875 0.2109375 0.1671875
1 0.72578125 0.1046875 0.2734375 0.209375
1 0.5484375 0.09921875 0.1765625 0.178125
1 0.56328125 0.26484375 0.2203125 0.14375
1 0.453125 0.184375 0.1296875 0.0875
1 0.28515625 0.1515625 0.190625 0.159375
1 0.09375 0.26640625 0.1875 0.1265625
1 0.29375 0.29765625 0.2640625 0.1703125
1 0.33828125 0.48671875 0.2984375 0.190625
1 0.225 0.4171875 0.1546875 0.1109375
1 0.06640625 0.38515625 0.1328125 0.0984375
1 0.10078125 0.49375 0.2015625 0.140625
1 0.1890625 0.58046875 0.1765625 0.2015625
1 0.1625 0.73125 0.2234375 0.1875
1 0.14921875 0.8546875 0.128125 0.084375
1 0.36484375 0.83046875 0.2390625 0.15625
1 0.46640625 0.93359375 0.1578125 0.1328125
1 0.29453125 0.91953125 0.2984375 0.1609375
1 0.35 0.6265625 0.1515625 0.1390625
1 0.46171875 0.58046875 0.1203125 0.134375
1 0.60625 0.49296875 0.2203125 0.14375
1 0.58125 0.3953125 0.16875 0.121875
1 0.63125 0.60234375 0.1796875 0.125
1 0.6125 0.70078125 0.2140625 0.1015625
1 0.490625 0.6859375 0.153125 0.1046875