2 0.917741935483871 0.7484662576687117 0.15806451612903225 0.49079754601226994
2 0.5419354838709678 0.254601226993865 0.2838709677419355 0.37423312883435583
2 0.5435483870967742 0.5306748466257669 0.47419354838709676 0.9263803680981595
2 0.9338709677419355 0.3374233128834356 0.12580645161290321 0.19631901840490798
2 0.885483870967742 0.6196319018404908 0.22258064516129034 0.7484662576687117
2 0.6758064516129032 0.34662576687116564 0.02903225806451613 0.22699386503067484
2 0.714516129032258 0.6073619631901841 0.12580645161290321 0.7730061349693251
2 0.3548387096774194 0.34662576687116564 0.10967741935483871 0.1656441717791411
2 0.18870967741935485 0.29754601226993865 0.19032258064516128 0.2392638036809816
2 0.04838709677419355 0.34049079754601225 0.0967741935483871 0.15337423312883436
2 0.3596774193548387 0.5184049079754601 0.14516129032258066 0.50920245398773
2 0.18870967741935485 0.588957055214724 0.35161290322580646 0.8098159509202454
2 0.06129032258064516 0.6288343558282209 0.12258064516129032 0.7300613496932515