2 0.8333333333333334 0.5755555555555556 0.08444444444444445 0.057777777777777775
2 0.7377777777777778 0.12666666666666668 0.07111111111111111 0.04
2 0.5333333333333333 0.04666666666666667 0.07111111111111111 0.04
2 0.3622222222222222 0.04 0.06666666666666667 0.044444444444444446
2 0.17555555555555555 0.19555555555555557 0.06666666666666667 0.044444444444444446
2 0.6555555555555556 0.5977777777777777 0.08444444444444445 0.04888888888888889
2 0.48 0.5666666666666667 0.08 0.04888888888888889
2 0.3088888888888889 0.6066666666666667 0.07555555555555556 0.04888888888888889
2 0.14 0.6155555555555555 0.08444444444444445 0.04888888888888889
2 0.7355555555555555 0.30666666666666664 0.19111111111111112 0.4
2 0.5333333333333333 0.26 0.11555555555555555 0.4666666666666667
2 0.3622222222222222 0.25333333333333335 0.1111111111111111 0.4622222222222222
2 0.18222222222222223 0.3377777777777778 0.16 0.32
2 0.8422222222222222 0.7577777777777778 0.13777777777777778 0.41333333333333333
2 0.66 0.7622222222222222 0.1288888888888889 0.37777777777777777
2 0.48444444444444446 0.7533333333333333 0.13333333333333333 0.41333333333333333
2 0.30444444444444446 0.7733333333333333 0.1288888888888889 0.37333333333333335
2 0.14222222222222222 0.7777777777777778 0.14222222222222222 0.36444444444444446