2 0.4975 0.4975 0.995 0.995
2 0.905 0.9275 0.17 0.135
2 0.98 0.935 0.03 0.12
2 0.935 0.83 0.12 0.09
2 0.9625 0.725 0.065 0.11
2 0.9225 0.6675 0.145 0.095
2 0.8425 0.7975 0.195 0.115
2 0.7875 0.975 0.145 0.04
2 0.7575 0.92 0.075 0.06
2 0.7125 0.8875 0.125 0.065
2 0.73 0.83 0.09 0.1
2 0.705 0.7375 0.15 0.085
2 0.7925 0.7175 0.115 0.045
2 0.8025 0.67 0.095 0.13
2 0.7975 0.5425 0.105 0.135
2 0.895 0.52 0.15 0.09
2 0.9275 0.5875 0.135 0.085
2 0.9425 0.4575 0.105 0.185
2 0.615 0.9075 0.08 0.175
2 0.695 0.955 0.1 0.08
2 0.5475 0.9575 0.045 0.075
2 0.4825 0.95 0.065 0.09
2 0.4825 0.8875 0.155 0.155
2 0.5325 0.7975 0.125 0.075
2 0.63 0.7825 0.11 0.095
2 0.41 0.9725 0.07 0.045
2 0.36 0.9575 0.11 0.075
2 0.2425 0.935 0.135 0.11
2 0.11 0.9575 0.1 0.065
2 0.17 0.9775 0.07 0.035
2 0.035 0.9625 0.07 0.065
2 0.0875 0.8975 0.115 0.065
2 0.2075 0.88 0.195 0.14
2 0.2625 0.84 0.105 0.12
2 0.335 0.83 0.12 0.12
2 0.375 0.795 0.08 0.06
2 0.45 0.74 0.12 0.13
2 0.525 0.73 0.08 0.07
2 0.5825 0.6875 0.105 0.105
2 0.625 0.635 0.13 0.13
2 0.6675 0.69 0.095 0.07
2 0.705 0.6 0.11 0.17
2 0.8275 0.41 0.135 0.11
2 0.9225 0.3225 0.145 0.085
2 0.955 0.2625 0.08 0.105
2 0.945 0.165 0.1 0.1
2 0.9525 0.09 0.085 0.07
2 0.955 0.0325 0.08 0.065
2 0.045 0.7425 0.09 0.085
2 0.0425 0.815 0.085 0.08
2 0.1275 0.7775 0.095 0.085
2 0.18 0.73 0.08 0.04
2 0.22 0.6975 0.12 0.085
2 0.31 0.6625 0.14 0.095
2 0.345 0.5925 0.1 0.085
2 0.45 0.58 0.12 0.09
2 0.52 0.5425 0.1 0.095
2 0.55 0.575 0.09 0.09
2 0.62 0.495 0.09 0.08
2 0.68 0.45 0.11 0.07
2 0.7225 0.38 0.115 0.07
2 0.82 0.3075 0.1 0.065
2 0.8575 0.2575 0.105 0.055
2 0.875 0.2125 0.09 0.065
2 0.8325 0.1425 0.085 0.085
2 0.89 0.14 0.08 0.1
2 0.8675 0.0575 0.115 0.085
2 0.8725 0.02 0.115 0.04
2 0.77 0.06 0.12 0.11
2 0.7675 0.145 0.085 0.11
2 0.7725 0.22 0.095 0.08
2 0.7275 0.2225 0.085 0.115
2 0.6925 0.27 0.125 0.09
2 0.675 0.3325 0.13 0.095
2 0.5975 0.355 0.115 0.1
2 0.5725 0.405 0.155 0.09
2 0.49 0.385 0.1 0.12
2 0.45 0.4625 0.12 0.135
2 0.3775 0.4275 0.095 0.125
2 0.345 0.5225 0.1 0.085
2 0.2675 0.45 0.115 0.15
2 0.225 0.525 0.18 0.09
2 0.225 0.595 0.11 0.11
2 0.125 0.5825 0.14 0.125
2 0.08 0.6675 0.16 0.115
2 0.065 0.5575 0.13 0.145
2 0.0825 0.4625 0.165 0.075
2 0.1725 0.4475 0.085 0.095
2 0.065 0.385 0.13 0.1
2 0.1775 0.375 0.135 0.06
2 0.1975 0.33 0.085 0.06
2 0.275 0.3475 0.11 0.095
2 0.325 0.32 0.07 0.08
2 0.375 0.315 0.07 0.11
2 0.4125 0.27 0.045 0.1
2 0.4975 0.275 0.125 0.11
2 0.5625 0.235 0.105 0.1
2 0.635 0.2 0.09 0.1
2 0.66 0.085 0.14 0.16
2 0.5125 0.0925 0.155 0.185
2 0.435 0.1475 0.18 0.145
2 0.345 0.1475 0.19 0.295
2 0.13 0.1775 0.26 0.355