2 0.8787234042553191 0.37383177570093457 0.14893617021276595 0.5607476635514018
2 0.7553191489361702 0.28738317757009346 0.14042553191489363 0.4439252336448598
2 0.6148936170212767 0.26869158878504673 0.14893617021276595 0.46261682242990654
2 0.48936170212765956 0.25 0.14468085106382977 0.4439252336448598
2 0.3680851063829787 0.22897196261682243 0.14042553191489363 0.45794392523364486
2 0.6638297872340425 0.8714953271028038 0.10212765957446808 0.14485981308411214
2 0.9085106382978724 0.8130841121495327 0.17446808510638298 0.205607476635514
2 0.8872340425531915 0.16822429906542055 0.08085106382978724 0.14018691588785046
2 0.7425531914893617 0.1378504672897196 0.07234042553191489 0.14485981308411214
2 0.6106382978723405 0.10981308411214953 0.08085106382978724 0.13551401869158877
2 0.48936170212765956 0.09345794392523364 0.07659574468085106 0.1308411214953271
2 0.3617021276595745 0.06542056074766354 0.06808510638297872 0.12149532710280374
2 0.7446808510638298 0.5864485981308412 0.1702127659574468 0.5373831775700935
2 0.5234042553191489 0.7032710280373832 0.2553191489361702 0.397196261682243
2 0.4553191489361702 0.8411214953271028 0.11914893617021277 0.1308411214953271
2 0.30851063829787234 0.7967289719626168 0.10638297872340426 0.13551401869158877
2 0.1829787234042553 0.7406542056074766 0.11914893617021277 0.1261682242990654
2 0.06382978723404255 0.6985981308411215 0.11914893617021277 0.11682242990654206
2 0.4148936170212766 0.6682242990654206 0.3191489361702128 0.38317757009345793
2 0.3021276595744681 0.6355140186915887 0.34893617021276596 0.3364485981308411
2 0.1595744680851064 0.5887850467289719 0.3191489361702128 0.3364485981308411