2 0.8015873015873016 0.4825 0.1746031746031746 0.815
2 0.7976190476190477 0.115 0.0873015873015873 0.08
2 0.5912698412698413 0.1125 0.09523809523809523 0.075
2 0.5952380952380952 0.4875 0.18253968253968253 0.825
2 0.38492063492063494 0.4875 0.19047619047619047 0.825
2 0.38492063492063494 0.46 0.1746031746031746 0.18
2 0.5952380952380952 0.45 0.1746031746031746 0.17
2 0.38492063492063494 0.1125 0.0873015873015873 0.075
2 0.8015873015873016 0.6825 0.16666666666666666 0.175
2 0.1746031746031746 0.49 0.18253968253968253 0.82
2 0.17261904761904762 0.6625 0.17857142857142858 0.205
2 0.17261904761904762 0.1175 0.09126984126984126 0.075