2 0.2786377708978328 0.7628205128205128 0.5572755417956656 0.46153846153846156
2 0.5309597523219814 0.7211538461538461 0.04643962848297214 0.14743589743589744
2 0.34674922600619196 0.47435897435897434 0.6253869969040248 0.8461538461538461
2 0.7863777089783281 0.4391025641025641 0.33436532507739936 0.8782051282051282
2 0.7306501547987616 0.44871794871794873 0.2848297213622291 0.8974358974358975
2 0.8777089783281734 0.8814102564102564 0.23839009287925697 0.22435897435897437
2 0.8529411764705882 0.8141025641025641 0.07120743034055728 0.11538461538461539
2 0.7492260061919505 0.8205128205128205 0.05572755417956656 0.1282051282051282
2 0.6857585139318886 0.8205128205128205 0.06501547987616099 0.1282051282051282
2 0.6176470588235294 0.8173076923076923 0.07120743034055728 0.14743589743589744
2 0.22755417956656346 0.2916666666666667 0.34365325077399383 0.5833333333333334
2 0.17182662538699692 0.2403846153846154 0.34365325077399383 0.4807692307692308
2 0.45975232198142413 0.46794871794871795 0.33126934984520123 0.9358974358974359