2 0.9683098591549296 0.3615819209039548 0.056338028169014086 0.2824858757062147
2 0.897887323943662 0.615819209039548 0.19718309859154928 0.7570621468926554
2 0.7605633802816901 0.6299435028248588 0.28169014084507044 0.7288135593220338
2 0.5422535211267606 0.652542372881356 0.4154929577464789 0.6836158192090396
2 0.6690140845070423 0.3502824858757062 0.11971830985915492 0.2937853107344633
2 0.4982394366197183 0.4180790960451977 0.2147887323943662 0.3728813559322034
2 0.25704225352112675 0.632768361581921 0.33098591549295775 0.7231638418079096
2 0.3591549295774648 0.4124293785310734 0.14788732394366197 0.3954802259887006
2 0.11267605633802817 0.615819209039548 0.22535211267605634 0.7570621468926554
2 0.03873239436619718 0.4067796610169492 0.07746478873239436 0.3954802259887006
2 0.971830985915493 0.268361581920904 0.04929577464788732 0.0847457627118644
2 0.8838028169014085 0.2853107344632768 0.11971830985915492 0.0847457627118644
2 0.7253521126760564 0.3192090395480226 0.13380281690140844 0.11864406779661017
2 0.670774647887324 0.2457627118644068 0.11619718309859155 0.0847457627118644
2 0.545774647887324 0.3813559322033898 0.1619718309859155 0.12994350282485875
2 0.5105633802816901 0.288135593220339 0.1267605633802817 0.0903954802259887
2 0.2834507042253521 0.3305084745762712 0.1443661971830986 0.10734463276836158
2 0.3415492957746479 0.2570621468926554 0.11971830985915492 0.0847457627118644
2 0.14612676056338028 0.2796610169491525 0.13028169014084506 0.096045197740113
2 0.01936619718309859 0.2570621468926554 0.03873239436619718 0.0847457627118644