2 0.056666666666666664 0.10416666666666667 0.11333333333333333 0.20833333333333334
2 0.12833333333333333 0.12202380952380952 0.07 0.17261904761904762
2 0.19833333333333333 0.14285714285714285 0.07 0.16666666666666666
2 0.41833333333333333 0.18154761904761904 0.10333333333333333 0.20833333333333334
2 0.515 0.11011904761904762 0.09666666666666666 0.22023809523809523
2 0.5183333333333333 0.2916666666666667 0.13 0.20238095238095238
2 0.8833333333333333 0.17857142857142858 0.12 0.19047619047619047
2 0.9216666666666666 0.8898809523809523 0.14333333333333334 0.20833333333333334
2 0.7833333333333333 0.9642857142857143 0.07333333333333333 0.05952380952380952
2 0.79 0.8511904761904762 0.13333333333333333 0.20238095238095238
2 0.8616666666666667 0.8333333333333334 0.10333333333333333 0.17857142857142858
2 0.865 0.6964285714285714 0.14333333333333334 0.21428571428571427
2 0.9383333333333334 0.6607142857142857 0.09666666666666666 0.16666666666666666
2 0.9533333333333334 0.7886904761904762 0.03333333333333333 0.08928571428571429
2 0.9666666666666667 0.5595238095238095 0.06 0.2619047619047619
2 0.9033333333333333 0.4642857142857143 0.13333333333333333 0.2261904761904762
2 0.94 0.32142857142857145 0.08 0.14285714285714285
2 0.9733333333333334 0.30357142857142855 0.04666666666666667 0.14285714285714285
2 0.9683333333333334 0.19047619047619047 0.056666666666666664 0.13095238095238096
2 0.9433333333333334 0.10119047619047619 0.06 0.13095238095238096
2 0.9866666666666667 0.07738095238095238 0.02 0.10714285714285714
2 0.8516666666666667 0.05654761904761905 0.11666666666666667 0.1130952380952381
2 0.73 0.11011904761904762 0.10666666666666667 0.19642857142857142
2 0.7166666666666667 0.30357142857142855 0.10666666666666667 0.21428571428571427
2 0.82 0.36607142857142855 0.11333333333333333 0.18452380952380953
2 0.8016666666666666 0.5267857142857143 0.09666666666666666 0.13690476190476192
2 0.7166666666666667 0.5833333333333334 0.12 0.2261904761904762
2 0.7583333333333333 0.6934523809523809 0.07666666666666666 0.1130952380952381
2 0.6466666666666666 0.6964285714285714 0.13333333333333333 0.27380952380952384
2 0.65 0.8184523809523809 0.11333333333333333 0.16071428571428573
2 0.6866666666666666 0.9583333333333334 0.11333333333333333 0.07142857142857142
2 0.6883333333333334 0.8958333333333334 0.11666666666666667 0.10119047619047619
2 0.605 0.49702380952380953 0.10333333333333333 0.17261904761904762
2 0.6333333333333333 0.40773809523809523 0.08 0.13690476190476192
2 0.6416666666666667 0.24702380952380953 0.08333333333333333 0.17261904761904762
2 0.63 0.08333333333333333 0.09333333333333334 0.16666666666666666
2 0.3883333333333333 0.06845238095238096 0.15 0.13690476190476192
2 0.2833333333333333 0.047619047619047616 0.1 0.09523809523809523
2 0.28833333333333333 0.16666666666666666 0.14333333333333334 0.2261904761904762
2 0.2783333333333333 0.40476190476190477 0.19666666666666666 0.32142857142857145
2 0.36666666666666664 0.43452380952380953 0.08666666666666667 0.16666666666666666
2 0.3283333333333333 0.7083333333333334 0.10333333333333333 0.16666666666666666
2 0.3466666666666667 0.6101190476190477 0.08 0.16071428571428573
2 0.4166666666666667 0.6785714285714286 0.12666666666666668 0.3333333333333333
2 0.44 0.9136904761904762 0.10666666666666667 0.16071428571428573
2 0.525 0.9166666666666666 0.07666666666666666 0.15476190476190477
2 0.5766666666666667 0.8988095238095238 0.11333333333333333 0.19047619047619047
2 0.5333333333333333 0.7708333333333334 0.1 0.16071428571428573
2 0.5366666666666666 0.6279761904761905 0.1 0.17261904761904762
2 0.5433333333333333 0.4732142857142857 0.08666666666666667 0.17261904761904762
2 0.4533333333333333 0.4642857142857143 0.11333333333333333 0.20238095238095238
2 0.4166666666666667 0.38095238095238093 0.09333333333333334 0.15476190476190477
2 0.04833333333333333 0.34523809523809523 0.09666666666666666 0.17857142857142858
2 0.16166666666666665 0.40773809523809523 0.15 0.2916666666666667
2 0.24666666666666667 0.5922619047619048 0.14666666666666667 0.19642857142857142
2 0.095 0.6309523809523809 0.15666666666666668 0.27380952380952384
2 0.075 0.7172619047619048 0.15 0.35119047619047616
2 0.15 0.8869047619047619 0.07333333333333333 0.21428571428571427
2 0.23666666666666666 0.8660714285714286 0.16 0.25595238095238093
2 0.075 0.9375 0.07666666666666666 0.1130952380952381
2 0.35 0.8839285714285714 0.09333333333333334 0.22023809523809523
2 0.22666666666666666 0.7410714285714286 0.12666666666666668 0.18452380952380953
2 0.49833333333333335 0.49702380952380953 0.9966666666666667 0.9940476190476191