2 0.6231617647058824 0.7419354838709677 0.30514705882352944 0.5053763440860215
2 0.31985294117647056 0.7983870967741935 0.4411764705882353 0.3924731182795699
2 0.8327205882352942 0.47043010752688175 0.16544117647058823 0.9193548387096774
2 0.7003676470588235 0.478494623655914 0.14338235294117646 0.8387096774193549
2 0.5477941176470589 0.4112903225806452 0.15441176470588236 0.7580645161290323
2 0.41360294117647056 0.43010752688172044 0.13602941176470587 0.7204301075268817
2 0.27389705882352944 0.4327956989247312 0.15073529411764705 0.7795698924731183
2 0.1323529411764706 0.49731182795698925 0.13970588235294118 0.8333333333333334
2 0.8198529411764706 0.03763440860215054 0.058823529411764705 0.06451612903225806
2 0.6966911764705882 0.08602150537634409 0.0625 0.053763440860215055
2 0.5386029411764706 0.056451612903225805 0.04779411764705882 0.04838709677419355
2 0.40441176470588236 0.0913978494623656 0.051470588235294115 0.053763440860215055
2 0.27389705882352944 0.06720430107526881 0.0625 0.05913978494623656
2 0.13786764705882354 0.09946236559139784 0.05514705882352941 0.04838709677419355