2 0.88515625 0.38046875 0.0921875 0.2796875
2 0.7984375 0.3546875 0.06875 0.3390625
2 0.73125 0.3625 0.0796875 0.2953125
2 0.65859375 0.37109375 0.0765625 0.3609375
2 0.578125 0.415625 0.0796875 0.28125
2 0.53046875 0.38984375 0.0890625 0.2609375
2 0.475 0.315625 0.103125 0.346875
2 0.40078125 0.37578125 0.0890625 0.2484375
2 0.31953125 0.3328125 0.0765625 0.2640625
2 0.20859375 0.32578125 0.128125 0.3296875
2 0.8953125 0.64375 0.0796875 0.2125
2 0.82734375 0.659375 0.084375 0.2046875
2 0.76796875 0.71171875 0.1078125 0.2796875
2 0.65859375 0.675 0.0921875 0.2578125
2 0.59296875 0.721875 0.071875 0.315625
2 0.53359375 0.66015625 0.0734375 0.2359375
2 0.471875 0.67421875 0.0734375 0.3265625
2 0.40390625 0.6609375 0.084375 0.3296875
2 0.340625 0.64765625 0.0578125 0.2765625
2 0.284375 0.6265625 0.0921875 0.2609375
2 0.1078125 0.65078125 0.103125 0.3328125