2 0.10703125 0.34375 0.06640625 0.209375
2 0.1734375 0.353125 0.05546875 0.19140625
2 0.2171875 0.29140625 0.0390625 0.3140625
2 0.2859375 0.3171875 0.0625 0.23671875
2 0.34453125 0.31953125 0.04765625 0.2046875
2 0.40625 0.30390625 0.06328125 0.29921875
2 0.4703125 0.33046875 0.06953125 0.2140625
2 0.53046875 0.321875 0.05546875 0.325
2 0.59296875 0.3453125 0.065625 0.3375
2 0.65234375 0.353125 0.053125 0.28046875
2 0.7140625 0.3703125 0.08203125 0.19921875
2 0.13046875 0.60390625 0.0796875 0.22890625
2 0.196875 0.65390625 0.0625 0.30703125
2 0.265625 0.6609375 0.0640625 0.28984375
2 0.334375 0.66015625 0.0734375 0.2875
2 0.41328125 0.60703125 0.0671875 0.21796875
2 0.471875 0.634375 0.07421875 0.2
2 0.52265625 0.7125 0.071875 0.2765625
2 0.5984375 0.65703125 0.04453125 0.196875
2 0.68359375 0.6921875 0.071875 0.22734375
2 0.76640625 0.6875 0.10234375 0.25