2 0.18019480519480519 0.6012269938650306 0.10714285714285714 0.5644171779141104
2 0.26461038961038963 0.7239263803680982 0.07467532467532467 0.39263803680981596
2 0.33766233766233766 0.8128834355828221 0.07142857142857142 0.2883435582822086
2 0.4659090909090909 0.843558282208589 0.1396103896103896 0.2147239263803681
2 0.6071428571428571 0.7975460122699386 0.06493506493506493 0.08588957055214724
2 0.6087662337662337 0.8619631901840491 0.1266233766233766 0.20245398773006135
2 0.6866883116883117 0.7085889570552147 0.09415584415584416 0.44785276073619634
2 0.7954545454545454 0.5122699386503068 0.15584415584415584 0.7791411042944786
2 0.724025974025974 0.4110429447852761 0.12987012987012986 0.7484662576687117
2 0.6282467532467533 0.5184049079754601 0.1331168831168831 0.7914110429447853
2 0.5357142857142857 0.4785276073619632 0.03896103896103896 0.0736196319018405
2 0.5324675324675324 0.6625766871165644 0.08441558441558442 0.44171779141104295
2 0.560064935064935 0.401840490797546 0.1331168831168831 0.7177914110429447
2 0.474025974025974 0.46932515337423314 0.12337662337662338 0.7055214723926381
2 0.3944805194805195 0.44171779141104295 0.1266233766233766 0.7975460122699386
2 0.3912337662337662 0.6871165644171779 0.08116883116883117 0.4785276073619632
2 0.31655844155844154 0.5613496932515337 0.10714285714285714 0.6319018404907976
2 0.2353896103896104 0.4662576687116564 0.1396103896103896 0.8466257668711656