2 0.8909090909090909 0.7923497267759563 0.2109090909090909 0.40437158469945356
2 0.9563636363636364 0.773224043715847 0.08 0.4426229508196721
2 0.8854545454545455 0.3005464480874317 0.19272727272727272 0.6010928961748634
2 0.9581818181818181 0.2978142076502732 0.07636363636363637 0.5956284153005464
2 0.7836363636363637 0.31693989071038253 0.1709090909090909 0.6010928961748634
2 0.016363636363636365 0.25956284153005466 0.03272727272727273 0.5191256830601093
2 0.025454545454545455 0.7459016393442623 0.05090909090909091 0.4972677595628415
2 0.14 0.8879781420765027 0.1781818181818182 0.21311475409836064
2 0.22727272727272727 0.4972677595628415 0.18545454545454546 0.6557377049180327
2 0.4018181818181818 0.38524590163934425 0.05454545454545454 0.060109289617486336
2 0.5963636363636363 0.33879781420765026 0.06545454545454546 0.06557377049180328
2 0.7018181818181818 0.9234972677595629 0.05818181818181818 0.12021857923497267
2 0.014545454545454545 0.02185792349726776 0.02909090909090909 0.04371584699453552
2 0.16363636363636364 0.19672131147540983 0.05818181818181818 0.06557377049180328
2 0.25272727272727274 0.3114754098360656 0.04 0.08743169398907104
2 0.17272727272727273 0.40710382513661203 0.05454545454545454 0.03825136612021858
2 0.3236363636363636 0.07103825136612021 0.05818181818181818 0.07650273224043716
2 0.4581818181818182 0.1092896174863388 0.05090909090909091 0.07650273224043716
2 0.6054545454545455 0.05191256830601093 0.04 0.10382513661202186
2 0.7163636363636363 0.02185792349726776 0.05090909090909091 0.04371584699453552
2 0.8309090909090909 0.5136612021857924 0.06181818181818182 0.06557377049180328
2 0.8127272727272727 0.8032786885245902 0.18545454545454546 0.3825136612021858
2 0.6381818181818182 0.7349726775956285 0.22181818181818183 0.5191256830601093
2 0.8381818181818181 0.7868852459016393 0.31636363636363635 0.3825136612021858
2 0.5254545454545455 0.226775956284153 0.3527272727272727 0.2568306010928962
2 0.52 0.6557377049180327 0.23272727272727273 0.6775956284153005
2 0.5927272727272728 0.6693989071038251 0.19636363636363635 0.6502732240437158
2 0.6272727272727273 0.05737704918032787 0.14909090909090908 0.11475409836065574
2 0.4781818181818182 0.06557377049180328 0.3018181818181818 0.13114754098360656
2 0.12727272727272726 0.26229508196721313 0.18181818181818182 0.5245901639344263
2 0.038181818181818185 0.14207650273224043 0.07636363636363637 0.28415300546448086
2 0.09636363636363636 0.3224043715846995 0.19272727272727272 0.644808743169399
2 0.09818181818181818 0.7568306010928961 0.18181818181818182 0.2459016393442623
2 0.14 0.8469945355191257 0.06181818181818182 0.04371584699453552
2 0.2818181818181818 0.9016393442622951 0.09818181818181818 0.18579234972677597
2 0.40545454545454546 0.6775956284153005 0.14909090909090908 0.6338797814207651
2 0.3090909090909091 0.12021857923497267 0.13090909090909092 0.24043715846994534
2 0.49818181818181817 0.4972677595628415 0.9963636363636363 0.994535519125683