2 0.365625 0.1046875 0.26875 0.078125
2 0.35 0.16796875 0.2125 0.065625
2 0.2859375 0.21484375 0.34375 0.10625
2 0.303125 0.2796875 0.24375 0.040625
2 0.32265625 0.346875 0.2375 0.065625
2 0.30078125 0.4078125 0.31875 0.078125
2 0.34453125 0.465625 0.25 0.078125
2 0.32265625 0.525 0.340625 0.071875
2 0.3078125 0.59375 0.2984375 0.053125
2 0.33046875 0.65234375 0.325 0.071875
2 0.36328125 0.7203125 0.234375 0.075
2 0.625 0.12265625 0.2640625 0.0890625
2 0.64140625 0.20703125 0.29375 0.05625
2 0.65625 0.278125 0.309375 0.05
2 0.640625 0.346875 0.3203125 0.084375
2 0.60625 0.403125 0.2484375 0.06875
2 0.61796875 0.471875 0.240625 0.065625
2 0.7015625 0.53203125 0.3046875 0.0796875
2 0.64609375 0.60234375 0.2125 0.059375
2 0.6703125 0.67421875 0.228125 0.090625
2 0.3515625 0.896875 0.309375 0.109375