2 0.13333333333333333 0.13846153846153847 0.13333333333333333 0.08205128205128205
2 0.1388888888888889 0.48205128205128206 0.25555555555555554 0.7692307692307693
2 0.30277777777777776 0.14871794871794872 0.11666666666666667 0.07179487179487179
2 0.325 0.4846153846153846 0.19444444444444445 0.7435897435897436
2 0.4638888888888889 0.1641025641025641 0.11666666666666667 0.07179487179487179
2 0.4888888888888889 0.4794871794871795 0.18888888888888888 0.7025641025641025
2 0.6194444444444445 0.17692307692307693 0.10555555555555556 0.06666666666666667
2 0.6444444444444445 0.47692307692307695 0.17777777777777778 0.6666666666666666
2 0.7833333333333333 0.18717948717948718 0.1 0.06666666666666667
2 0.7972222222222223 0.4717948717948718 0.17222222222222222 0.6358974358974359
2 0.9305555555555556 0.2 0.09444444444444444 0.06153846153846154
2 0.9305555555555556 0.4717948717948718 0.12777777777777777 0.5846153846153846