2 0.10625 0.4140625 0.115625 0.2859375
2 0.18984375 0.38125 0.096875 0.3421875
2 0.2578125 0.38359375 0.1046875 0.3
2 0.33046875 0.38515625 0.1078125 0.3640625
2 0.41484375 0.42265625 0.103125 0.2859375
2 0.459375 0.39296875 0.1109375 0.2671875
2 0.50859375 0.31484375 0.1328125 0.353125
2 0.58828125 0.3671875 0.109375 0.2546875
2 0.665625 0.31796875 0.0984375 0.26875
2 0.775 0.3015625 0.15625 0.3390625
2 0.11875 0.67734375 0.0984375 0.215625
2 0.1875 0.6875 0.1015625 0.2109375
2 0.2515625 0.734375 0.13125 0.2875
2 0.35703125 0.6875 0.1140625 0.2640625
2 0.4265625 0.72890625 0.0984375 0.31875
2 0.48046875 0.6625 0.0921875 0.240625
2 0.54296875 0.67109375 0.1015625 0.3296875
2 0.609375 0.6515625 0.1125 0.334375
2 0.671875 0.63359375 0.08125 0.2796875
2 0.72578125 0.6078125 0.1140625 0.2671875
2 0.90390625 0.61640625 0.13125 0.3390625