2 0.9045454545454545 0.4901315789473684 0.11212121212121212 0.8092105263157895
2 0.7696969696969697 0.4901315789473684 0.10909090909090909 0.7960526315789473
2 0.6287878787878788 0.4901315789473684 0.10606060606060606 0.8092105263157895
2 0.48787878787878786 0.4967105263157895 0.11515151515151516 0.7960526315789473
2 0.3484848484848485 0.4934210526315789 0.10909090909090909 0.8026315789473685
2 0.21818181818181817 0.4934210526315789 0.10303030303030303 0.8026315789473685
2 0.08636363636363636 0.4967105263157895 0.1 0.8092105263157895
2 0.9030303030303031 0.12828947368421054 0.05454545454545454 0.07236842105263158
2 0.7666666666666667 0.11513157894736842 0.05454545454545454 0.05921052631578947
2 0.6272727272727273 0.12828947368421054 0.06060606060606061 0.08552631578947369
2 0.4818181818181818 0.125 0.06060606060606061 0.07894736842105263
2 0.34545454545454546 0.12828947368421054 0.05454545454545454 0.08552631578947369
2 0.21515151515151515 0.13157894736842105 0.048484848484848485 0.06578947368421052
2 0.08484848484848485 0.13815789473684212 0.05454545454545454 0.07894736842105263