2 0.9237588652482269 0.8798882681564246 0.1453900709219858 0.22905027932960895
2 0.9397163120567376 0.5698324022346368 0.11347517730496454 0.4134078212290503
2 0.9485815602836879 0.8547486033519553 0.09574468085106383 0.2346368715083799
2 0.9326241134751773 0.3240223463687151 0.1276595744680851 0.6033519553072626
2 0.8936170212765957 0.09776536312849161 0.20567375886524822 0.19553072625698323
2 0.75 0.0111731843575419 0.09574468085106383 0.0223463687150838
2 0.7677304964539007 0.4972067039106145 0.25886524822695034 0.994413407821229
2 0.6347517730496454 0.164804469273743 0.1276595744680851 0.329608938547486
2 0.74822695035461 0.9636871508379888 0.23404255319148937 0.061452513966480445
2 0.524822695035461 0.48324022346368717 0.2978723404255319 0.9664804469273743
2 0.5851063829787234 0.9832402234636871 0.19148936170212766 0.0223463687150838
2 0.33865248226950356 0.5279329608938548 0.33687943262411346 0.9329608938547486
2 0.18971631205673758 0.0893854748603352 0.37943262411347517 0.1787709497206704
2 0.05851063829787234 0.4022346368715084 0.11702127659574468 0.22346368715083798
2 0.07801418439716312 0.21508379888268156 0.15602836879432624 0.17318435754189945
2 0.09219858156028368 0.3715083798882682 0.18439716312056736 0.4301675977653631
2 0.16134751773049646 0.5921787709497207 0.20921985815602837 0.39106145251396646
2 0.07801418439716312 0.7877094972067039 0.15602836879432624 0.4134078212290503
2 0.2198581560283688 0.835195530726257 0.0851063829787234 0.16201117318435754
2 0.2127659574468085 0.9385474860335196 0.1702127659574468 0.11173184357541899
2 0.49822695035460995 0.4972067039106145 0.9964539007092199 0.994413407821229