2 0.8977272727272727 0.43902439024390244 0.1266233766233766 0.8780487804878049
2 0.7353896103896104 0.4725609756097561 0.1331168831168831 0.8109756097560976
2 0.5714285714285714 0.5365853658536586 0.12987012987012986 0.6829268292682927
2 0.42207792207792205 0.5152439024390244 0.12337662337662338 0.7378048780487805
2 0.262987012987013 0.49390243902439024 0.12987012987012986 0.7804878048780488
2 0.09902597402597403 0.49390243902439024 0.1266233766233766 0.7804878048780488
2 0.8993506493506493 0.09451219512195122 0.11038961038961038 0.18902439024390244
2 0.7386363636363636 0.10670731707317073 0.06818181818181818 0.07926829268292683
2 0.5746753246753247 0.23780487804878048 0.06493506493506493 0.08536585365853659
2 0.4237012987012987 0.19207317073170732 0.06168831168831169 0.09146341463414634
2 0.26461038961038963 0.14939024390243902 0.06168831168831169 0.09146341463414634
2 0.10064935064935066 0.1402439024390244 0.05844155844155844 0.08536585365853659