2 0.86996336996337 0.6324324324324324 0.08424908424908426 0.44324324324324327
2 0.782051282051282 0.5378378378378378 0.10622710622710622 0.6648648648648648
2 0.6886446886446886 0.5378378378378378 0.12454212454212454 0.6972972972972973
2 0.5824175824175825 0.6216216216216216 0.10256410256410256 0.4756756756756757
2 0.4706959706959707 0.5054054054054054 0.2087912087912088 0.6648648648648648
2 0.3516483516483517 0.6459459459459459 0.08058608058608059 0.41621621621621624
2 0.26373626373626374 0.5027027027027027 0.10256410256410256 0.6378378378378379
2 0.16117216117216118 0.5162162162162162 0.11721611721611722 0.6648648648648648
2 0.09340659340659341 0.6405405405405405 0.09157509157509157 0.4486486486486487
2 0.8717948717948718 0.43513513513513513 0.04395604395604396 0.04864864864864865
2 0.7710622710622711 0.23783783783783785 0.047619047619047616 0.06486486486486487
2 0.6978021978021978 0.21081081081081082 0.054945054945054944 0.05405405405405406
2 0.5860805860805861 0.43513513513513513 0.04395604395604396 0.10270270270270271
2 0.49633699633699635 0.21081081081081082 0.13553113553113552 0.08648648648648649
2 0.3553113553113553 0.4594594594594595 0.04395604395604396 0.05405405405405406
2 0.2600732600732601 0.21081081081081082 0.04395604395604396 0.06486486486486487
2 0.1684981684981685 0.21081081081081082 0.05128205128205128 0.05405405405405406
2 0.08974358974358974 0.43513513513513513 0.047619047619047616 0.04864864864864865