2 0.07194244604316546 0.5769230769230769 0.14388489208633093 0.8351648351648352
2 0.18165467625899281 0.728021978021978 0.1906474820143885 0.3131868131868132
2 0.4460431654676259 0.8571428571428571 0.39568345323741005 0.27472527472527475
2 0.18525179856115107 0.49175824175824173 0.14028776978417265 0.2032967032967033
2 0.8183453237410072 0.8214285714285714 0.35611510791366907 0.34615384615384615
2 0.8705035971223022 0.9587912087912088 0.2517985611510791 0.07142857142857142
2 0.37050359712230213 0.3873626373626374 0.6474820143884892 0.7747252747252747
2 0.3597122302158273 0.17307692307692307 0.2733812949640288 0.34615384615384615
2 0.960431654676259 0.13186813186813187 0.07194244604316546 0.26373626373626374
2 0.8453237410071942 0.3241758241758242 0.302158273381295 0.6483516483516484
2 0.29856115107913667 0.5467032967032966 0.5827338129496403 0.6098901098901099
2 0.01618705035971223 0.013736263736263736 0.03237410071942446 0.027472527472527472
2 0.03237410071942446 0.08516483516483517 0.06474820143884892 0.17032967032967034
2 0.4982014388489209 0.49725274725274726 0.9964028776978417 0.9945054945054945