2 0.3734375 0.1171875 0.27734375 0.08671875
2 0.34921875 0.20390625 0.33828125 0.06171875
2 0.35859375 0.27109375 0.29296875 0.07421875
2 0.36796875 0.34375 0.359375 0.0703125
2 0.4140625 0.4234375 0.2796875 0.07421875
2 0.3890625 0.47109375 0.25859375 0.08515625
2 0.31640625 0.528125 0.3453125 0.09609375
2 0.37734375 0.6015625 0.24609375 0.084375
2 0.3359375 0.68359375 0.2625 0.07109375
2 0.33125 0.79453125 0.32890625 0.12109375
2 0.63671875 0.10234375 0.21015625 0.0765625
2 0.65390625 0.16953125 0.20234375 0.08125
2 0.70703125 0.228125 0.27890625 0.10234375
2 0.671875 0.33828125 0.25546875 0.0875
2 0.7203125 0.403125 0.3140625 0.065625
2 0.659375 0.46328125 0.23515625 0.06953125
2 0.675 0.525 0.32578125 0.0671875
2 0.6625 0.59296875 0.32734375 0.078125
2 0.65078125 0.65703125 0.275 0.053125
2 0.63046875 0.71328125 0.25859375 0.0875
2 0.6578125 0.88984375 0.33203125 0.096875