2 0.8854545454545455 0.644808743169399 0.11272727272727273 0.5573770491803278
2 0.8054545454545454 0.5409836065573771 0.12 0.7103825136612022
2 0.730909090909091 0.6120218579234973 0.09454545454545454 0.6120218579234973
2 0.62 0.5901639344262295 0.14181818181818182 0.7103825136612022
2 0.5272727272727272 0.366120218579235 0.13090909090909092 0.31693989071038253
2 0.5181818181818182 0.6338797814207651 0.11272727272727273 0.5792349726775956
2 0.43272727272727274 0.6229508196721312 0.10909090909090909 0.6120218579234973
2 0.3527272727272727 0.7158469945355191 0.13818181818181818 0.5573770491803278
2 0.2872727272727273 0.6120218579234973 0.11636363636363636 0.6010928961748634
2 0.19818181818181818 0.6120218579234973 0.08363636363636363 0.5901639344262295
2 0.11090909090909092 0.6174863387978142 0.10545454545454545 0.5901639344262295
2 0.11272727272727273 0.3524590163934426 0.05818181818181818 0.08196721311475409
2 0.19818181818181818 0.34972677595628415 0.04727272727272727 0.07650273224043716
2 0.28909090909090907 0.33879781420765026 0.05454545454545454 0.07650273224043716
2 0.34 0.46994535519125685 0.06181818181818182 0.07650273224043716
2 0.4290909090909091 0.3524590163934426 0.05818181818181818 0.07103825136612021
2 0.5 0.3797814207650273 0.05454545454545454 0.060109289617486336
2 0.5254545454545455 0.24043715846994534 0.05454545454545454 0.0546448087431694
2 0.6272727272727273 0.3114754098360656 0.06181818181818182 0.13114754098360656
2 0.7218181818181818 0.34153005464480873 0.05454545454545454 0.07103825136612021
2 0.8018181818181818 0.2103825136612022 0.05454545454545454 0.060109289617486336
2 0.8872727272727273 0.4016393442622951 0.05818181818181818 0.060109289617486336