2 0.9362934362934363 0.9742268041237113 0.11969111969111969 0.041237113402061855
2 0.972972972972973 0.9175257731958762 0.04633204633204633 0.10309278350515463
2 0.8378378378378378 0.8994845360824743 0.22393822393822393 0.19072164948453607
2 0.9285714285714286 0.7938144329896907 0.13513513513513514 0.16494845360824742
2 0.7953667953667953 0.8041237113402062 0.1776061776061776 0.28865979381443296
2 0.9420849420849421 0.6855670103092784 0.10038610038610038 0.10309278350515463
2 0.9054054054054054 0.6262886597938144 0.10424710424710425 0.11855670103092783
2 0.918918918918919 0.5670103092783505 0.07722007722007722 0.08247422680412371
2 0.9671814671814671 0.6082474226804123 0.02702702702702703 0.07216494845360824
2 0.8146718146718147 0.6262886597938144 0.07722007722007722 0.12886597938144329
2 0.693050193050193 0.6365979381443299 0.18146718146718147 0.2422680412371134
2 0.611969111969112 0.865979381443299 0.25868725868725867 0.25773195876288657
2 0.6776061776061776 0.9664948453608248 0.11969111969111969 0.05670103092783505
2 0.5347490347490348 0.9742268041237113 0.05019305019305019 0.041237113402061855
2 0.4498069498069498 0.8685567010309279 0.15057915057915058 0.25257731958762886
2 0.5154440154440154 0.6726804123711341 0.2277992277992278 0.23195876288659795
2 0.4671814671814672 0.538659793814433 0.18532818532818532 0.14948453608247422
2 0.525096525096525 0.47680412371134023 0.16988416988416988 0.25257731958762886
2 0.6081081081081081 0.4175257731958763 0.1583011583011583 0.14432989690721648
2 0.7007722007722008 0.4097938144329897 0.16602316602316602 0.29381443298969073
2 0.7992277992277992 0.42783505154639173 0.09266409266409266 0.14432989690721648
2 0.8648648648648649 0.4948453608247423 0.10810810810810811 0.09278350515463918
2 0.833976833976834 0.5515463917525774 0.10810810810810811 0.08247422680412371
2 0.3127413127413127 0.9536082474226805 0.13127413127413126 0.08247422680412371
2 0.1583011583011583 0.8865979381443299 0.2857142857142857 0.21649484536082475
2 0.333976833976834 0.8711340206185567 0.09652509652509653 0.1134020618556701
2 0.12355212355212356 0.8118556701030928 0.2471042471042471 0.33505154639175255
2 0.12548262548262548 0.5979381443298969 0.23552123552123552 0.16494845360824742
2 0.2857142857142857 0.6005154639175257 0.1776061776061776 0.15979381443298968
2 0.33783783783783783 0.6726804123711341 0.17374517374517376 0.25257731958762886
2 0.03861003861003861 0.7319587628865979 0.07722007722007722 0.1134020618556701
2 0.032818532818532815 0.5360824742268041 0.06563706563706563 0.27835051546391754
2 0.17567567567567569 0.4742268041237113 0.1583011583011583 0.1134020618556701
2 0.3223938223938224 0.4742268041237113 0.1274131274131274 0.13402061855670103
2 0.40540540540540543 0.37371134020618557 0.12355212355212356 0.19072164948453607
2 0.5521235521235521 0.3247422680412371 0.07722007722007722 0.07216494845360824
2 0.61003861003861 0.2757731958762887 0.07722007722007722 0.08762886597938144
2 0.6293436293436293 0.22938144329896906 0.10038610038610038 0.06701030927835051
2 0.5193050193050193 0.16494845360824742 0.11196911196911197 0.14432989690721648
2 0.3359073359073359 0.29896907216494845 0.08494208494208494 0.1134020618556701
2 0.13706563706563707 0.4020618556701031 0.10424710424710425 0.1134020618556701
2 0.25096525096525096 0.38144329896907214 0.15444015444015444 0.13402061855670103
2 0.09845559845559845 0.37628865979381443 0.14285714285714285 0.17525773195876287
2 0.0945945945945946 0.4742268041237113 0.06563706563706563 0.061855670103092786
2 0.025096525096525095 0.3427835051546392 0.05019305019305019 0.13917525773195877
2 0.0444015444015444 0.2809278350515464 0.06563706563706563 0.0979381443298969
2 0.11196911196911197 0.20103092783505155 0.07722007722007722 0.061855670103092786
2 0.16988416988416988 0.19072164948453607 0.09266409266409266 0.10309278350515463
2 0.23552123552123552 0.15206185567010308 0.08494208494208494 0.10824742268041238
2 0.2799227799227799 0.12628865979381443 0.06563706563706563 0.05670103092783505
2 0.3281853281853282 0.08762886597938144 0.03861003861003861 0.041237113402061855
2 0.37065637065637064 0.07216494845360824 0.04633204633204633 0.061855670103092786
2 0.4034749034749035 0.10051546391752578 0.05019305019305019 0.06701030927835051
2 0.4343629343629344 0.11597938144329897 0.05019305019305019 0.06701030927835051
2 0.44594594594594594 0.06443298969072164 0.04247104247104247 0.02577319587628866
2 0.5 0.06443298969072164 0.05791505791505792 0.04639175257731959
2 0.5733590733590733 0.059278350515463915 0.07335907335907337 0.04639175257731959
2 0.6467181467181468 0.08762886597938144 0.07335907335907337 0.05154639175257732
2 0.7046332046332047 0.09536082474226804 0.06563706563706563 0.03608247422680412
2 0.7837837837837838 0.14175257731958762 0.07722007722007722 0.07731958762886598
2 0.8397683397683398 0.15979381443298968 0.06563706563706563 0.05154639175257732
2 0.8976833976833977 0.20103092783505155 0.07335907335907337 0.08247422680412371
2 0.9575289575289575 0.2422680412371134 0.07722007722007722 0.08247422680412371
2 0.9498069498069498 0.32989690721649484 0.0694980694980695 0.08247422680412371
2 0.9478764478764479 0.422680412371134 0.09652509652509653 0.08247422680412371
2 0.8667953667953668 0.422680412371134 0.1274131274131274 0.13402061855670103
2 0.8552123552123552 0.31958762886597936 0.14285714285714285 0.07216494845360824
2 0.8436293436293436 0.25 0.15057915057915058 0.10824742268041238
2 0.750965250965251 0.22422680412371135 0.06563706563706563 0.08762886597938144
2 0.7007722007722008 0.211340206185567 0.05019305019305019 0.08247422680412371
2 0.6795366795366795 0.16494845360824742 0.09266409266409266 0.08247422680412371
2 0.7258687258687259 0.14948453608247422 0.06177606177606178 0.05154639175257732
2 0.6081081081081081 0.14432989690721648 0.06563706563706563 0.10309278350515463
2 0.43822393822393824 0.22422680412371135 0.14285714285714285 0.13917525773195877
2 0.35135135135135137 0.18041237113402062 0.10810810810810811 0.12371134020618557
2 0.25096525096525096 0.2551546391752577 0.16988416988416988 0.13917525773195877