2 0.9482071713147411 0.7686567164179104 0.09561752988047809 0.4527363184079602
2 0.8406374501992032 0.8507462686567164 0.20717131474103587 0.2885572139303483
2 0.2649402390438247 0.8980099502487562 0.5298804780876494 0.19402985074626866
2 0.23705179282868527 0.8159203980099502 0.47410358565737054 0.26865671641791045
2 0.16334661354581673 0.6940298507462687 0.32669322709163345 0.21393034825870647
2 0.3107569721115538 0.5422885572139303 0.3745019920318725 0.48756218905472637
2 0.5557768924302788 0.7189054726368159 0.30677290836653387 0.38308457711442784
2 0.5836653386454184 0.9353233830845771 0.3466135458167331 0.11940298507462686
2 0.8844621513944223 0.7686567164179104 0.22310756972111553 0.4527363184079602
2 0.8386454183266933 0.39303482587064675 0.3147410358565737 0.22885572139303484
2 0.9382470119521913 0.4054726368159204 0.11553784860557768 0.4427860696517413
2 0.7808764940239044 0.14676616915422885 0.4302788844621514 0.2935323383084577
2 0.7231075697211156 0.417910447761194 0.3784860557768924 0.3681592039800995
2 0.5717131474103586 0.3805970149253731 0.2908366533864542 0.32338308457711445
2 0.16533864541832669 0.3358208955223881 0.33067729083665337 0.6716417910447762
2 0.10557768924302789 0.4253731343283582 0.09163346613545817 0.2537313432835821
2 0.37649402390438247 0.26119402985074625 0.3705179282868526 0.5223880597014925
2 0.46215139442231074 0.5124378109452736 0.14342629482071714 0.13930348258706468
2 0.49800796812749004 0.4975124378109453 0.9960159362549801 0.9950248756218906