2 0.9484536082474226 0.85 0.0979381443298969 0.2846153846153846
2 0.8969072164948454 0.8807692307692307 0.08762886597938144 0.2230769230769231
2 0.9278350515463918 0.7538461538461538 0.13917525773195877 0.13846153846153847
2 0.9729381443298969 0.6076923076923076 0.04896907216494845 0.2153846153846154
2 0.9355670103092784 0.5076923076923077 0.12371134020618557 0.36923076923076925
2 0.9716494845360825 0.24615384615384617 0.05154639175257732 0.2
2 0.9265463917525774 0.28846153846153844 0.05412371134020619 0.13076923076923078
2 0.9278350515463918 0.12307692307692308 0.13917525773195877 0.24615384615384617
2 0.9806701030927835 0.046153846153846156 0.03350515463917526 0.09230769230769231
2 0.8569587628865979 0.3346153846153846 0.11082474226804123 0.2846153846153846
2 0.8118556701030928 0.41923076923076924 0.0979381443298969 0.3
2 0.8427835051546392 0.6538461538461539 0.07216494845360824 0.15384615384615385
2 0.7963917525773195 0.6615384615384615 0.05154639175257732 0.13846153846153847
2 0.7912371134020618 0.8615384615384616 0.15463917525773196 0.26153846153846155
2 0.7255154639175257 0.9192307692307692 0.16237113402061856 0.14615384615384616
2 0.6237113402061856 0.8115384615384615 0.18556701030927836 0.36153846153846153
2 0.7100515463917526 0.6923076923076923 0.1211340206185567 0.2153846153846154
2 0.7474226804123711 0.5230769230769231 0.061855670103092786 0.18461538461538463
2 0.6855670103092784 0.5192307692307693 0.06701030927835051 0.16153846153846155
2 0.740979381443299 0.36153846153846153 0.06443298969072164 0.16923076923076924
2 0.7384020618556701 0.1576923076923077 0.1056701030927835 0.2846153846153846
2 0.8208762886597938 0.10384615384615385 0.07989690721649484 0.16153846153846155
2 0.5927835051546392 0.5769230769230769 0.12886597938144329 0.1076923076923077
2 0.5927835051546392 0.4230769230769231 0.10824742268041238 0.2
2 0.6469072164948454 0.3730769230769231 0.08762886597938144 0.17692307692307693
2 0.6997422680412371 0.45384615384615384 0.14690721649484537 0.26153846153846155
2 0.604381443298969 0.2846153846153846 0.03865979381443299 0.12307692307692308
2 0.6520618556701031 0.1576923076923077 0.07216494845360824 0.3153846153846154
2 0.6739690721649485 0.026923076923076925 0.04896907216494845 0.05384615384615385
2 0.5631443298969072 0.13846153846153847 0.06443298969072164 0.2153846153846154
2 0.5889175257731959 0.16538461538461538 0.07474226804123711 0.2846153846153846
2 0.5605670103092784 0.046153846153846156 0.11597938144329897 0.09230769230769231
2 0.48582474226804123 0.04230769230769231 0.04896907216494845 0.08461538461538462
2 0.42783505154639173 0.09230769230769231 0.061855670103092786 0.18461538461538463
2 0.47680412371134023 0.15384615384615385 0.11855670103092783 0.18461538461538463
2 0.49226804123711343 0.3384615384615385 0.0979381443298969 0.18461538461538463
2 0.5038659793814433 0.5692307692307692 0.07474226804123711 0.26153846153846155
2 0.4639175257731959 0.8576923076923076 0.07216494845360824 0.2692307692307692
2 0.4961340206185567 0.7884615384615384 0.03865979381443299 0.11538461538461539
2 0.5167525773195877 0.8846153846153846 0.059278350515463915 0.18461538461538463
2 0.5515463917525774 0.9423076923076923 0.061855670103092786 0.1
2 0.35309278350515466 0.9576923076923077 0.15979381443298968 0.06923076923076923
2 0.37371134020618557 0.8076923076923077 0.12371134020618557 0.2923076923076923
2 0.3595360824742268 0.5576923076923077 0.19329896907216496 0.3
2 0.37628865979381443 0.3769230769230769 0.08762886597938144 0.1076923076923077
2 0.2538659793814433 0.5115384615384615 0.14690721649484537 0.34615384615384615
2 0.3402061855670103 0.2692307692307692 0.13917525773195877 0.2923076923076923
2 0.33634020618556704 0.06923076923076923 0.14175257731958762 0.13846153846153847
2 0.22422680412371135 0.08846153846153847 0.10309278350515463 0.17692307692307693
2 0.07345360824742268 0.07307692307692308 0.07474226804123711 0.13076923076923078
2 0.08505154639175258 0.06923076923076923 0.17010309278350516 0.13846153846153847
2 0.015463917525773196 0.1346153846153846 0.030927835051546393 0.11538461538461539
2 0.09536082474226804 0.25769230769230766 0.13402061855670103 0.25384615384615383
2 0.17783505154639176 0.25384615384615383 0.08247422680412371 0.23076923076923078
2 0.23840206185567012 0.27307692307692305 0.06958762886597938 0.14615384615384616
2 0.024484536082474227 0.47307692307692306 0.04896907216494845 0.3153846153846154
2 0.07216494845360824 0.6461538461538462 0.14432989690721648 0.26153846153846155
2 0.05798969072164949 0.8384615384615385 0.11597938144329897 0.3076923076923077
2 0.16881443298969073 0.8961538461538462 0.17268041237113402 0.19230769230769232
2 0.19201030927835053 0.7346153846153847 0.15721649484536082 0.34615384615384615
2 0.12371134020618557 0.5192307692307693 0.14948453608247422 0.2230769230769231
2 0.49871134020618557 0.49615384615384617 0.9974226804123711 0.9923076923076923