2 0.36484375 0.90078125 0.2125 0.078125
2 0.3703125 0.83359375 0.19375 0.065625
2 0.30625 0.79296875 0.315625 0.0546875
2 0.32890625 0.7234375 0.240625 0.075
2 0.328125 0.66484375 0.20625 0.0578125
2 0.309375 0.60390625 0.303125 0.078125
2 0.33203125 0.53828125 0.2171875 0.0796875
2 0.3203125 0.47890625 0.328125 0.0734375
2 0.340625 0.415625 0.340625 0.0828125
2 0.3453125 0.35546875 0.284375 0.0671875
2 0.359375 0.29296875 0.2046875 0.0921875
2 0.6234375 0.86328125 0.23125 0.0921875
2 0.66953125 0.79453125 0.309375 0.078125
2 0.67265625 0.72578125 0.29375 0.0796875
2 0.66875 0.65703125 0.290625 0.0890625
2 0.61171875 0.58125 0.221875 0.078125
2 0.6359375 0.52109375 0.203125 0.0859375
2 0.7109375 0.46640625 0.2796875 0.0859375
2 0.6515625 0.39375 0.1984375 0.0546875
2 0.68203125 0.30625 0.23125 0.084375
2 0.6734375 0.22421875 0.2546875 0.115625