2 0.05454545454545454 0.09562841530054644 0.10909090909090909 0.1912568306010929
2 0.14 0.4972677595628415 0.28 0.994535519125683
2 0.3418181818181818 0.18032786885245902 0.16727272727272727 0.16393442622950818
2 0.5618181818181818 0.23497267759562843 0.13454545454545455 0.13114754098360656
2 0.7109090909090909 0.273224043715847 0.11272727272727273 0.1092896174863388
2 0.8254545454545454 0.3005464480874317 0.10181818181818182 0.09836065573770492
2 0.9163636363636364 0.31693989071038253 0.07272727272727272 0.07650273224043716
2 0.37636363636363634 0.5437158469945356 0.36727272727272725 0.9016393442622951
2 0.6018181818181818 0.5819672131147541 0.2727272727272727 0.825136612021858
2 0.7509090909090909 0.6092896174863388 0.20727272727272728 0.7704918032786885
2 0.8490909090909091 0.6202185792349727 0.15636363636363637 0.7486338797814208
2 0.9290909090909091 0.6366120218579235 0.10545454545454545 0.7158469945355191