2 0.49818181818181817 0.4972677595628415 0.9963636363636363 0.994535519125683
2 0.6127272727272727 0.8442622950819673 0.1781818181818182 0.3005464480874317
2 0.8127272727272727 0.9234972677595629 0.26545454545454544 0.14207650273224043
2 0.9236363636363636 0.8989071038251366 0.14545454545454545 0.1912568306010929
2 0.9454545454545454 0.6830601092896175 0.10181818181818182 0.37158469945355194
2 0.8272727272727273 0.6994535519125683 0.20727272727272728 0.33879781420765026
2 0.8672727272727273 0.42349726775956287 0.22181818181818183 0.23497267759562843
2 0.8981818181818182 0.319672131147541 0.19636363636363635 0.3333333333333333
2 0.9509090909090909 0.1366120218579235 0.09090909090909091 0.20765027322404372
2 0.5927272727272728 0.42349726775956287 0.22545454545454546 0.3770491803278688
2 0.6 0.6284153005464481 0.3709090909090909 0.25136612021857924
2 0.4218181818181818 0.6256830601092896 0.23272727272727273 0.3114754098360656
2 0.37272727272727274 0.8743169398907104 0.2509090909090909 0.24043715846994534
2 0.18727272727272729 0.8469945355191257 0.26545454545454544 0.29508196721311475
2 0.2672727272727273 0.5901639344262295 0.19272727272727272 0.45901639344262296
2 0.43272727272727274 0.45081967213114754 0.09454545454545454 0.10382513661202186
2 0.11272727272727273 0.1448087431693989 0.22545454545454546 0.2896174863387978
2 0.3290909090909091 0.19398907103825136 0.2 0.3333333333333333
2 0.48363636363636364 0.28415300546448086 0.18181818181818182 0.20765027322404372
2 0.6272727272727273 0.24316939890710382 0.37454545454545457 0.366120218579235
2 0.8072727272727273 0.273224043715847 0.1890909090909091 0.26229508196721313
2 0.8218181818181818 0.08196721311475409 0.16727272727272727 0.15300546448087432
2 0.54 0.12568306010928962 0.43272727272727274 0.25136612021857924
2 0.12545454545454546 0.5437158469945356 0.2509090909090909 0.5081967213114754
2 0.11636363636363636 0.860655737704918 0.21818181818181817 0.2677595628415301