2 0.9022222222222223 0.4822222222222222 0.08 0.13777777777777778
2 0.7488888888888889 0.52 0.07555555555555556 0.12444444444444444
2 0.6044444444444445 0.5755555555555556 0.08888888888888889 0.1288888888888889
2 0.4577777777777778 0.6088888888888889 0.07111111111111111 0.11555555555555555
2 0.3244444444444444 0.6355555555555555 0.07111111111111111 0.11555555555555555
2 0.18888888888888888 0.6555555555555556 0.06666666666666667 0.12
2 0.06666666666666667 0.6777777777777778 0.07111111111111111 0.12
2 0.24666666666666667 0.3088888888888889 0.07555555555555556 0.1288888888888889
2 0.4288888888888889 0.23333333333333334 0.07555555555555556 0.1288888888888889
2 0.6244444444444445 0.1288888888888889 0.08444444444444445 0.12444444444444444
2 0.8577777777777778 0.08 0.08888888888888889 0.12444444444444444
2 0.09333333333333334 0.30444444444444446 0.08 0.1288888888888889
2 0.9 0.6733333333333333 0.12 0.52
2 0.8555555555555555 0.40444444444444444 0.2088888888888889 0.7733333333333333
2 0.6288888888888889 0.4222222222222222 0.19111111111111112 0.7111111111111111
2 0.4288888888888889 0.4777777777777778 0.16444444444444445 0.6177777777777778
2 0.24444444444444444 0.5155555555555555 0.14222222222222222 0.5422222222222223
2 0.09333333333333334 0.5111111111111111 0.12444444444444444 0.5333333333333333
2 0.7511111111111111 0.6933333333333334 0.11555555555555555 0.48
2 0.6088888888888889 0.72 0.11555555555555555 0.4177777777777778
2 0.46 0.7422222222222222 0.10222222222222223 0.38222222222222224
2 0.3244444444444444 0.7555555555555555 0.09777777777777778 0.35555555555555557
2 0.18888888888888888 0.7666666666666667 0.09333333333333334 0.3333333333333333
2 0.06666666666666667 0.7777777777777778 0.08 0.32