2 0.8983333333333333 0.5 0.19666666666666666 0.9880952380952381
2 0.5316666666666666 0.49702380952380953 0.5566666666666666 0.9940476190476191
2 0.18166666666666667 0.5 0.36333333333333334 0.9880952380952381
2 0.9233333333333333 0.14583333333333334 0.14 0.16071428571428573
2 0.535 0.11904761904761904 0.27666666666666667 0.23809523809523808
2 0.185 0.10714285714285714 0.19 0.20238095238095238
2 0.3516666666666667 0.16071428571428573 0.11 0.16666666666666666
2 0.04833333333333333 0.15178571428571427 0.09666666666666666 0.13690476190476192
2 0.055 0.43154761904761907 0.11 0.7083333333333334
2 0.3466666666666667 0.35119047619047616 0.14666666666666667 0.5476190476190477
2 0.8683333333333333 0.4166666666666667 0.23666666666666666 0.7142857142857143