2 0.6765625 0.115625 0.2125 0.0765625
2 0.6640625 0.18125 0.19375 0.065625
2 0.7234375 0.228125 0.315625 0.0546875
2 0.69375 0.29609375 0.240625 0.075
2 0.68828125 0.35390625 0.20625 0.0578125
2 0.70078125 0.41640625 0.303125 0.078125
2 0.67109375 0.47890625 0.2171875 0.0796875
2 0.6765625 0.53984375 0.328125 0.0734375
2 0.65 0.60078125 0.340625 0.0828125
2 0.6390625 0.66015625 0.284375 0.0671875
2 0.61796875 0.7203125 0.2046875 0.0921875
2 0.415625 0.12578125 0.23125 0.0921875
2 0.3625 0.1890625 0.309375 0.078125
2 0.3515625 0.2578125 0.29375 0.0796875
2 0.3484375 0.3265625 0.290625 0.0890625
2 0.39765625 0.4078125 0.221875 0.078125
2 0.3671875 0.46484375 0.203125 0.0859375
2 0.28671875 0.51171875 0.2796875 0.0859375
2 0.33828125 0.58984375 0.1984375 0.0546875
2 0.2984375 0.6734375 0.23125 0.084375
2 0.2984375 0.75625 0.2546875 0.115625