2 0.6327272727272727 0.8306010928961749 0.08 0.12021857923497267
2 0.98 0.7622950819672131 0.03272727272727273 0.08196721311475409
2 0.94 0.9180327868852459 0.11272727272727273 0.15300546448087432
2 0.8418181818181818 0.9617486338797814 0.11272727272727273 0.06557377049180328
2 0.7418181818181818 0.6092896174863388 0.24 0.5191256830601093
2 0.88 0.8142076502732241 0.05818181818181818 0.12021857923497267
2 0.9109090909090909 0.7759562841530054 0.06181818181818182 0.12021857923497267
2 0.9527272727272728 0.7950819672131147 0.08727272727272728 0.11475409836065574
2 0.8418181818181818 0.8989071038251366 0.05454545454545454 0.07103825136612021
2 0.8581818181818182 0.5382513661202186 0.27636363636363637 0.4644808743169399
2 0.9272727272727272 0.273224043715847 0.13818181818181818 0.3825136612021858
2 0.96 0.4562841530054645 0.05090909090909091 0.10382513661202186
2 0.9854545454545455 0.4918032786885246 0.02181818181818182 0.06557377049180328
2 0.9781818181818182 0.3989071038251366 0.03636363636363636 0.14207650273224043
2 0.8981818181818182 0.19398907103825136 0.15272727272727274 0.2459016393442623
2 0.9127272727272727 0.05737704918032787 0.16727272727272727 0.11475409836065574
2 0.7418181818181818 0.11748633879781421 0.17454545454545456 0.23497267759562843
2 0.8 0.1994535519125683 0.05818181818181818 0.060109289617486336
2 0.7472727272727273 0.226775956284153 0.05454545454545454 0.060109289617486336
2 0.7054545454545454 0.16120218579234974 0.05818181818181818 0.08196721311475409
2 0.649090909090909 0.2677595628415301 0.14909090909090908 0.273224043715847
2 0.7818181818181819 0.3114754098360656 0.14545454545454545 0.14207650273224043
2 0.4490909090909091 0.18579234972677597 0.3236363636363636 0.37158469945355194
2 0.6145454545454545 0.10109289617486339 0.16 0.20218579234972678
2 0.5545454545454546 0.03551912568306011 0.16363636363636364 0.07103825136612021
2 0.2545454545454545 0.33060109289617484 0.2690909090909091 0.3770491803278688
2 0.3781818181818182 0.4098360655737705 0.07272727272727272 0.08743169398907104
2 0.46545454545454545 0.366120218579235 0.05090909090909091 0.07650273224043716
2 0.3509090909090909 0.505464480874317 0.20727272727272728 0.47540983606557374
2 0.5818181818181818 0.37158469945355194 0.05090909090909091 0.0546448087431694
2 0.4709090909090909 0.5983606557377049 0.2872727272727273 0.4644808743169399
2 0.5472727272727272 0.6475409836065574 0.18545454545454546 0.4426229508196721
2 0.5963636363636363 0.6092896174863388 0.16 0.12568306010928962
2 0.6436363636363637 0.7049180327868853 0.13090909090909092 0.13114754098360656
2 0.6581818181818182 0.8825136612021858 0.15272727272727274 0.22404371584699453
2 0.7636363636363637 0.8961748633879781 0.10181818181818182 0.19672131147540983
2 0.5818181818181818 0.8770491803278688 0.05818181818181818 0.23497267759562843
2 0.5363636363636364 0.9316939890710383 0.04727272727272727 0.04918032786885246
2 0.5272727272727272 0.8797814207650273 0.07272727272727272 0.15300546448087432
2 0.5381818181818182 0.9699453551912568 0.05818181818181818 0.04918032786885246
2 0.5072727272727273 0.7622950819672131 0.11272727272727273 0.20218579234972678
2 0.4218181818181818 0.8934426229508197 0.05818181818181818 0.10382513661202186
2 0.4254545454545455 0.8442622950819673 0.07272727272727272 0.21311475409836064
2 0.4781818181818182 0.9262295081967213 0.07636363636363637 0.1366120218579235
2 0.3654545454545455 0.8989071038251366 0.08363636363636363 0.1912568306010929
2 0.46 0.5901639344262295 0.28 0.46994535519125685
2 0.2781818181818182 0.860655737704918 0.11272727272727273 0.2677595628415301
2 0.27636363636363637 0.9836065573770492 0.10181818181818182 0.02185792349726776
2 0.2018181818181818 0.7650273224043715 0.18545454545454546 0.45901639344262296
2 0.21818181818181817 0.5382513661202186 0.05818181818181818 0.04918032786885246
2 0.32 0.5983606557377049 0.13090909090909092 0.2786885245901639
2 0.21454545454545454 0.15846994535519127 0.16 0.31693989071038253
2 0.02181818181818182 0.28415300546448086 0.02909090909090909 0.07650273224043716
2 0.08727272727272728 0.36065573770491804 0.03636363636363636 0.06557377049180328
2 0.05090909090909091 0.40710382513661203 0.07272727272727272 0.07103825136612021
2 0.06727272727272728 0.6338797814207651 0.05454545454545454 0.06557377049180328
2 0.10909090909090909 0.6857923497267759 0.03636363636363636 0.0273224043715847
2 0.007272727272727273 0.9371584699453552 0.014545454545454545 0.0273224043715847
2 0.06 0.9590163934426229 0.12 0.07103825136612021
2 0.05818181818181818 0.8770491803278688 0.11636363636363636 0.10382513661202186
2 0.056363636363636366 0.7513661202185792 0.11272727272727273 0.21311475409836064
2 0.09454545454545454 0.6612021857923497 0.07272727272727272 0.09836065573770492
2 0.13454545454545455 0.5491803278688525 0.10909090909090909 0.15846994535519127
2 0.08727272727272728 0.5300546448087432 0.05818181818181818 0.16393442622950818
2 0.045454545454545456 0.5409836065573771 0.09090909090909091 0.26229508196721313
2 0.04181818181818182 0.36885245901639346 0.08363636363636363 0.14754098360655737
2 0.08363636363636363 0.17486338797814208 0.14545454545454545 0.30601092896174864
2 0.07090909090909091 0.04918032786885246 0.14181818181818182 0.09836065573770492
2 0.04909090909090909 0.20765027322404372 0.09818181818181818 0.19672131147540983
2 0.49818181818181817 0.4972677595628415 0.9963636363636363 0.994535519125683