2 0.2 0.7261904761904762 0.06666666666666667 0.09523809523809523
2 0.25166666666666665 0.5714285714285714 0.043333333333333335 0.10714285714285714
2 0.055 0.5119047619047619 0.07 0.09523809523809523
2 0.26 0.125 0.06 0.08333333333333333
2 0.13333333333333333 0.10119047619047619 0.05333333333333334 0.05952380952380952
2 0.43666666666666665 0.12202380952380952 0.05333333333333334 0.10119047619047619
2 0.64 0.16666666666666666 0.05333333333333334 0.08333333333333333
2 0.655 0.08035714285714286 0.05 0.07738095238095238
2 0.555 0.17261904761904762 0.056666666666666664 0.05952380952380952
2 0.795 0.7053571428571429 0.056666666666666664 0.08928571428571429
2 0.745 0.6607142857142857 0.056666666666666664 0.07142857142857142
2 0.76 0.9136904761904762 0.04666666666666667 0.10119047619047619
2 0.9083333333333333 0.8720238095238095 0.03666666666666667 0.07738095238095238
2 0.9783333333333334 0.40476190476190477 0.03666666666666667 0.05952380952380952
2 0.895 0.26785714285714285 0.043333333333333335 0.14285714285714285
2 0.645 0.6845238095238095 0.05 0.08333333333333333
2 0.5533333333333333 0.6488095238095238 0.05333333333333334 0.09523809523809523
2 0.605 0.8303571428571429 0.043333333333333335 0.05357142857142857
2 0.675 0.9642857142857143 0.056666666666666664 0.05952380952380952
2 0.055 0.7976190476190477 0.06333333333333334 0.14285714285714285
2 0.37166666666666665 0.5357142857142857 0.056666666666666664 0.07142857142857142
2 0.445 0.6547619047619048 0.056666666666666664 0.07142857142857142
2 0.495 0.5446428571428571 0.06333333333333334 0.07738095238095238
2 0.075 0.14285714285714285 0.05 0.14285714285714285
2 0.06166666666666667 0.39285714285714285 0.043333333333333335 0.05952380952380952
2 0.9783333333333334 0.6845238095238095 0.03666666666666667 0.07142857142857142
2 0.97 0.8214285714285714 0.05333333333333334 0.34523809523809523
2 0.895 0.9077380952380952 0.10333333333333333 0.17261904761904762
2 0.9166666666666666 0.7172619047619048 0.08666666666666667 0.20833333333333334
2 0.9683333333333334 0.5089285714285714 0.056666666666666664 0.26785714285714285
2 0.97 0.1875 0.05333333333333334 0.375
2 0.9233333333333333 0.4732142857142857 0.08666666666666667 0.27976190476190477
2 0.9266666666666666 0.22023809523809523 0.1 0.2261904761904762
2 0.9066666666666666 0.08035714285714286 0.08666666666666667 0.16071428571428573
2 0.875 0.5952380952380952 0.07 0.16666666666666666
2 0.8466666666666667 0.6964285714285714 0.06666666666666667 0.15476190476190477
2 0.8316666666666667 0.8660714285714286 0.07666666666666666 0.23214285714285715
2 0.8466666666666667 0.15773809523809523 0.14666666666666667 0.31547619047619047
2 0.8033333333333333 0.32142857142857145 0.17333333333333334 0.20238095238095238
2 0.8066666666666666 0.5505952380952381 0.14666666666666667 0.25595238095238093
2 0.7516666666666667 0.7797619047619048 0.10333333333333333 0.36904761904761907
2 0.7283333333333334 0.6160714285714286 0.13 0.6964285714285714
2 0.7066666666666667 0.11011904761904762 0.08666666666666667 0.22023809523809523
2 0.6766666666666666 0.375 0.1 0.2857142857142857
2 0.6583333333333333 0.06845238095238096 0.043333333333333335 0.13690476190476192
2 0.635 0.10119047619047619 0.06333333333333334 0.20238095238095238
2 0.5633333333333334 0.11011904761904762 0.08666666666666667 0.22023809523809523
2 0.6 0.3244047619047619 0.08 0.20833333333333334
2 0.5183333333333333 0.19642857142857142 0.07666666666666666 0.39285714285714285
2 0.475 0.37797619047619047 0.09666666666666666 0.4226190476190476
2 0.56 0.5208333333333334 0.08 0.17261904761904762
2 0.6383333333333333 0.5476190476190477 0.05 0.07142857142857142
2 0.6083333333333333 0.6636904761904762 0.11 0.31547619047619047
2 0.6183333333333333 0.9017857142857143 0.11666666666666667 0.18452380952380953
2 0.4583333333333333 0.08333333333333333 0.09 0.16666666666666666
2 0.385 0.4851190476190476 0.03 0.07738095238095238
2 0.04666666666666667 0.21428571428571427 0.09333333333333334 0.42857142857142855
2 0.265 0.8839285714285714 0.11 0.22023809523809523
2 0.36666666666666664 0.8898809523809523 0.08666666666666667 0.20833333333333334
2 0.37166666666666665 0.7470238095238095 0.09666666666666666 0.49404761904761907
2 0.47833333333333333 0.8809523809523809 0.13666666666666666 0.2261904761904762
2 0.4533333333333333 0.7976190476190477 0.05333333333333334 0.2261904761904762
2 0.5083333333333333 0.6964285714285714 0.08333333333333333 0.20238095238095238
2 0.37333333333333335 0.25297619047619047 0.12666666666666668 0.5059523809523809
2 0.175 0.8303571428571429 0.11666666666666667 0.3273809523809524
2 0.275 0.6577380952380952 0.14333333333333334 0.26785714285714285
2 0.31833333333333336 0.47023809523809523 0.05 0.11904761904761904
2 0.30666666666666664 0.06845238095238096 0.10666666666666667 0.13690476190476192
2 0.32 0.30654761904761907 0.08666666666666667 0.43452380952380953
2 0.245 0.27380952380952384 0.08333333333333333 0.23809523809523808
2 0.22333333333333333 0.08333333333333333 0.06666666666666667 0.16666666666666666
2 0.115 0.14583333333333334 0.03666666666666667 0.16071428571428573
2 0.17333333333333334 0.38095238095238093 0.14666666666666667 0.38095238095238093
2 0.14666666666666667 0.09821428571428571 0.1 0.19642857142857142
2 0.013333333333333334 0.6369047619047619 0.02666666666666667 0.47619047619047616
2 0.006666666666666667 0.8214285714285714 0.013333333333333334 0.13095238095238096
2 0.07666666666666666 0.8898809523809523 0.14 0.20833333333333334
2 0.051666666666666666 0.5714285714285714 0.06333333333333334 0.2261904761904762
2 0.49833333333333335 0.49702380952380953 0.9966666666666667 0.9940476190476191