2 0.18363636363636363 0.12568306010928962 0.05454545454545454 0.08743169398907104
2 0.41454545454545455 0.24316939890710382 0.05818181818181818 0.08196721311475409
2 0.4090909090909091 0.10109289617486339 0.06909090909090909 0.11475409836065574
2 0.5272727272727272 0.12021857923497267 0.13818181818181818 0.22950819672131148
2 0.5236363636363637 0.15300546448087432 0.12363636363636364 0.16393442622950818
2 0.730909090909091 0.13934426229508196 0.08 0.10382513661202186
2 0.8763636363636363 0.412568306010929 0.06545454545454546 0.08196721311475409
2 0.7945454545454546 0.30601092896174864 0.05454545454545454 0.06557377049180328
2 0.22545454545454546 0.6202185792349727 0.06545454545454546 0.08196721311475409
2 0.4727272727272727 0.825136612021858 0.04363636363636364 0.06557377049180328
2 0.62 0.7513661202185792 0.04 0.07103825136612021
2 0.9836363636363636 0.8415300546448088 0.025454545454545455 0.09836065573770492
2 0.03636363636363636 0.19398907103825136 0.07272727272727272 0.10382513661202186
2 0.10545454545454545 0.10109289617486339 0.06545454545454546 0.08196721311475409
2 0.038181818181818185 0.12021857923497267 0.07636363636363637 0.24043715846994534
2 0.36363636363636365 0.5163934426229508 0.05818181818181818 0.07103825136612021
2 0.9781818181818182 0.8469945355191257 0.03636363636363636 0.16393442622950818
2 0.8909090909090909 0.9016393442622951 0.2109090909090909 0.18579234972677597
2 0.9036363636363637 0.7568306010928961 0.18545454545454546 0.23497267759562843
2 0.8709090909090909 0.7131147540983607 0.04 0.04918032786885246
2 0.9472727272727273 0.6229508196721312 0.09818181818181818 0.13114754098360656
2 0.9545454545454546 0.4781420765027322 0.08363636363636363 0.2459016393442623
2 0.8636363636363636 0.5956284153005464 0.13454545454545455 0.17486338797814208
2 0.8654545454545455 0.412568306010929 0.2109090909090909 0.3005464480874317
2 0.9509090909090909 0.16939890710382513 0.09090909090909091 0.33879781420765026
2 0.86 0.0546448087431694 0.10545454545454545 0.1092896174863388
2 0.7454545454545455 0.1885245901639344 0.38545454545454544 0.2677595628415301
2 0.7109090909090909 0.34972677595628415 0.06909090909090909 0.09836065573770492
2 0.7145454545454546 0.4098360655737705 0.09090909090909091 0.20765027322404372
2 0.7363636363636363 0.45901639344262296 0.09818181818181818 0.2185792349726776
2 0.5945454545454546 0.366120218579235 0.14181818181818182 0.20765027322404372
2 0.6472727272727272 0.453551912568306 0.13818181818181818 0.24043715846994534
2 0.7672727272727272 0.7459016393442623 0.19636363636363635 0.3442622950819672
2 0.6381818181818182 0.6038251366120219 0.19272727272727272 0.3551912568306011
2 0.5218181818181818 0.6912568306010929 0.2509090909090909 0.6065573770491803
2 0.5745454545454546 0.6967213114754098 0.10181818181818182 0.3005464480874317
2 0.5981818181818181 0.7814207650273224 0.14909090909090908 0.4262295081967213
2 0.74 0.9480874316939891 0.18545454545454546 0.09289617486338798
2 0.7181818181818181 0.8934426229508197 0.11272727272727273 0.12568306010928962
2 0.45454545454545453 0.912568306010929 0.14545454545454545 0.16393442622950818
2 0.23272727272727273 0.6967213114754098 0.46545454545454545 0.3114754098360656
2 0.02 0.8934426229508197 0.04 0.20218579234972678
2 0.10727272727272727 0.912568306010929 0.16363636363636364 0.12021857923497267
2 0.17454545454545456 0.819672131147541 0.16727272727272727 0.14207650273224043
2 0.32181818181818184 0.9398907103825137 0.1709090909090909 0.1092896174863388
2 0.3236363636363636 0.8661202185792349 0.14545454545454545 0.08196721311475409
2 0.26181818181818184 0.644808743169399 0.3709090909090909 0.17486338797814208
2 0.24545454545454545 0.5573770491803278 0.2 0.13114754098360656
2 0.14727272727272728 0.3770491803278688 0.09090909090909091 0.20765027322404372
2 0.17272727272727273 0.39617486338797814 0.34545454545454546 0.2896174863387978
2 0.2909090909090909 0.19398907103825136 0.10909090909090909 0.3879781420765027
2 0.4036363636363636 0.2814207650273224 0.16727272727272727 0.23497267759562843
2 0.4709090909090909 0.3524590163934426 0.12 0.23497267759562843
2 0.39636363636363636 0.10382513661202186 0.13090909090909092 0.20765027322404372
2 0.4781818181818182 0.04918032786885246 0.11272727272727273 0.09836065573770492
2 0.19272727272727272 0.16120218579234974 0.09454545454545454 0.3224043715846995
2 0.11636363636363636 0.13934426229508196 0.08 0.2786885245901639
2 0.49818181818181817 0.4972677595628415 0.9963636363636363 0.994535519125683