2 0.9127272727272727 0.9344262295081968 0.10909090909090909 0.12021857923497267
2 0.9818181818181818 0.9016393442622951 0.02909090909090909 0.18579234972677597
2 0.9272727272727272 0.8005464480874317 0.12363636363636364 0.16939890710382513
2 0.9345454545454546 0.6693989071038251 0.12363636363636364 0.12568306010928962
2 0.9236363636363636 0.6338797814207651 0.05818181818181818 0.07650273224043716
2 0.96 0.5519125683060109 0.07272727272727272 0.13114754098360656
2 0.8181818181818182 0.8661202185792349 0.16727272727272727 0.2568306010928962
2 0.8672727272727273 0.9590163934426229 0.05454545454545454 0.07103825136612021
2 0.8363636363636363 0.6857923497267759 0.07272727272727272 0.11475409836065574
2 0.9 0.6147540983606558 0.09090909090909091 0.15846994535519127
2 0.82 0.4426229508196721 0.24363636363636362 0.2185792349726776
2 0.7127272727272728 0.3551912568306011 0.02181818181818182 0.03278688524590164
2 0.9654545454545455 0.42896174863387976 0.06181818181818182 0.11475409836065574
2 0.9145454545454546 0.2896174863387978 0.09090909090909091 0.15300546448087432
2 0.9745454545454545 0.28688524590163933 0.04363636363636364 0.15846994535519127
2 0.96 0.11202185792349727 0.07272727272727272 0.20218579234972678
2 0.7963636363636364 0.10382513661202186 0.3563636363636364 0.20765027322404372
2 0.72 0.14754098360655737 0.4072727272727273 0.29508196721311475
2 0.5290909090909091 0.04644808743169399 0.04 0.07103825136612021
2 0.7181818181818181 0.42349726775956287 0.06181818181818182 0.08196721311475409
2 0.7018181818181818 0.45081967213114754 0.08727272727272728 0.14754098360655737
2 0.6709090909090909 0.5983606557377049 0.06181818181818182 0.08196721311475409
2 0.6345454545454545 0.5846994535519126 0.12727272727272726 0.16393442622950818
2 0.6654545454545454 0.7131147540983607 0.2909090909090909 0.18032786885245902
2 0.5763636363636364 0.7978142076502732 0.18545454545454546 0.18579234972677597
2 0.6745454545454546 0.8989071038251366 0.12727272727272726 0.1912568306010929
2 0.6181818181818182 0.9426229508196722 0.05090909090909091 0.07103825136612021
2 0.6472727272727272 0.9726775956284153 0.08727272727272728 0.04371584699453552
2 0.5018181818181818 0.8360655737704918 0.19636363636363635 0.31693989071038253
2 0.5236363636363637 0.9590163934426229 0.10909090909090909 0.07103825136612021
2 0.42 0.9262295081967213 0.12 0.1366120218579235
2 0.3145454545454546 0.9590163934426229 0.10545454545454545 0.07103825136612021
2 0.3327272727272727 0.8360655737704918 0.09818181818181818 0.26229508196721313
2 0.4090909090909091 0.8142076502732241 0.04727272727272727 0.08743169398907104
2 0.4036363636363636 0.6830601092896175 0.33454545454545453 0.18579234972677597
2 0.23454545454545456 0.8661202185792349 0.10545454545454545 0.2459016393442623
2 0.13272727272727272 0.9644808743169399 0.06181818181818182 0.060109289617486336
2 0.6327272727272727 0.4672131147540984 0.04363636363636364 0.09289617486338798
2 0.47454545454545455 0.5655737704918032 0.3527272727272727 0.2896174863387978
2 0.42727272727272725 0.4672131147540984 0.04 0.09289617486338798
2 0.36727272727272725 0.43989071038251365 0.15272727272727274 0.14754098360655737
2 0.5109090909090909 0.40437158469945356 0.19272727272727272 0.13114754098360656
2 0.5745454545454546 0.25956284153005466 0.24727272727272728 0.16939890710382513
2 0.6254545454545455 0.18579234972677597 0.2109090909090909 0.19672131147540983
2 0.05272727272727273 0.9371584699453552 0.10545454545454545 0.11475409836065574
2 0.16363636363636364 0.8688524590163934 0.11636363636363636 0.18579234972677597
2 0.07636363636363637 0.7240437158469946 0.15272727272727274 0.3442622950819672
2 0.04 0.7185792349726776 0.08 0.1912568306010929
2 0.10727272727272727 0.5628415300546448 0.21454545454545454 0.22950819672131148
2 0.07636363636363637 0.3797814207650273 0.15272727272727274 0.2896174863387978
2 0.17454545454545456 0.2459016393442623 0.05090909090909091 0.08743169398907104
2 0.2781818181818182 0.20218579234972678 0.05454545454545454 0.06557377049180328
2 0.2381818181818182 0.12021857923497267 0.12727272727272726 0.24043715846994534
2 0.16 0.14754098360655737 0.12363636363636364 0.29508196721311475
2 0.04909090909090909 0.08743169398907104 0.09818181818181818 0.17486338797814208
2 0.0036363636363636364 0.030054644808743168 0.007272727272727273 0.060109289617486336
2 0.05454545454545454 0.2540983606557377 0.10909090909090909 0.20218579234972678
2 0.3709090909090909 0.03551912568306011 0.05090909090909091 0.07103825136612021
2 0.33454545454545453 0.07103825136612021 0.11636363636363636 0.14207650273224043
2 0.3981818181818182 0.16939890710382513 0.2509090909090909 0.31693989071038253
2 0.3981818181818182 0.3251366120218579 0.07636363636363637 0.10382513661202186
2 0.4818181818181818 0.00546448087431694 0.06181818181818182 0.01092896174863388
2 0.49272727272727274 0.0273224043715847 0.1781818181818182 0.0546448087431694
2 0.3381818181818182 0.3224043715846995 0.07272727272727272 0.09836065573770492
2 0.2636363636363636 0.43989071038251365 0.14909090909090908 0.23497267759562843
2 0.22545454545454546 0.2923497267759563 0.10909090909090909 0.16939890710382513
2 0.22545454545454546 0.6557377049180327 0.14545454545454545 0.20765027322404372
2 0.49818181818181817 0.4972677595628415 0.9963636363636363 0.994535519125683