2 0.8428571428571429 0.78125 0.16 0.4236111111111111
2 0.9585714285714285 0.8194444444444444 0.07714285714285714 0.3472222222222222
2 0.8114285714285714 0.5173611111111112 0.25142857142857145 0.4236111111111111
2 0.9585714285714285 0.5208333333333334 0.07714285714285714 0.4444444444444444
2 0.8571428571428571 0.20833333333333334 0.12 0.3333333333333333
2 0.9357142857142857 0.24305555555555555 0.12285714285714286 0.4861111111111111
2 0.9628571428571429 0.08333333333333333 0.06857142857142857 0.16666666666666666
2 0.7485714285714286 0.1111111111111111 0.24571428571428572 0.2222222222222222
2 0.6842857142857143 0.17708333333333334 0.19142857142857142 0.3125
2 0.7514285714285714 0.3541666666666667 0.14285714285714285 0.3055555555555556
2 0.6571428571428571 0.4548611111111111 0.08571428571428572 0.2708333333333333
2 0.5514285714285714 0.2361111111111111 0.14857142857142858 0.4722222222222222
2 0.4957142857142857 0.5763888888888888 0.2714285714285714 0.5555555555555556
2 0.6257142857142857 0.8159722222222222 0.2057142857142857 0.3541666666666667
2 0.7 0.7916666666666666 0.1657142857142857 0.4027777777777778
2 0.34714285714285714 0.7847222222222222 0.18571428571428572 0.4166666666666667
2 0.4657142857142857 0.8055555555555556 0.14857142857142858 0.375
2 0.2885714285714286 0.3194444444444444 0.37142857142857144 0.6388888888888888
2 0.4928571428571429 0.08333333333333333 0.10571428571428572 0.16666666666666666
2 0.11428571428571428 0.2951388888888889 0.19428571428571428 0.5902777777777778
2 0.16142857142857142 0.78125 0.24285714285714285 0.4236111111111111
2 0.09571428571428571 0.6840277777777778 0.19142857142857142 0.6180555555555556
2 0.03428571428571429 0.25 0.06857142857142857 0.4444444444444444
2 0.07142857142857142 0.06597222222222222 0.14285714285714285 0.13194444444444445
2 0.49857142857142855 0.4965277777777778 0.9971428571428571 0.9930555555555556