2 0.8472727272727273 0.6147540983606558 0.09454545454545454 0.3770491803278688
2 0.889090909090909 0.5628415300546448 0.05454545454545454 0.39344262295081966
2 0.9090909090909091 0.5573770491803278 0.05090909090909091 0.40437158469945356
2 0.9018181818181819 0.3743169398907104 0.02909090909090909 0.04918032786885246
2 0.8836363636363637 0.3879781420765027 0.02909090909090909 0.03278688524590164
2 0.8490909090909091 0.4426229508196721 0.04 0.03278688524590164
2 0.8163636363636364 0.39344262295081966 0.04727272727272727 0.09836065573770492
2 0.7909090909090909 0.4016393442622951 0.04727272727272727 0.08196721311475409
2 0.7854545454545454 0.6038251366120219 0.09454545454545454 0.3551912568306011
2 0.7 0.6092896174863388 0.08363636363636363 0.3442622950819672
2 0.68 0.44808743169398907 0.04363636363636364 0.09836065573770492
2 0.7181818181818181 0.41530054644808745 0.06181818181818182 0.14207650273224043
2 0.6272727272727273 0.412568306010929 0.06181818181818182 0.14754098360655737
2 0.6236363636363637 0.592896174863388 0.07636363636363637 0.366120218579235
2 0.5545454545454546 0.6256830601092896 0.07636363636363637 0.3770491803278688
2 0.5527272727272727 0.46174863387978143 0.05090909090909091 0.04918032786885246
2 0.6181818181818182 0.4426229508196721 0.04363636363636364 0.0546448087431694
2 0.6836363636363636 0.42896174863387976 0.03636363636363636 0.04918032786885246
2 0.7018181818181818 0.45901639344262296 0.05090909090909091 0.0546448087431694
2 0.7127272727272728 0.36065573770491804 0.03636363636363636 0.04371584699453552
2 0.7836363636363637 0.38524590163934425 0.03272727272727273 0.03825136612021858
2 0.8072727272727273 0.3633879781420765 0.03636363636363636 0.03825136612021858
2 0.6236363636363637 0.35792349726775957 0.03272727272727273 0.03825136612021858
2 0.5909090909090909 0.412568306010929 0.04 0.08196721311475409
2 0.5945454545454546 0.4262295081967213 0.04727272727272727 0.12021857923497267
2 0.5527272727272727 0.40710382513661203 0.03636363636363636 0.03825136612021858
2 0.5490909090909091 0.33879781420765026 0.03636363636363636 0.04371584699453552
2 0.5509090909090909 0.34972677595628415 0.04727272727272727 0.07650273224043716
2 0.5145454545454545 0.4180327868852459 0.04727272727272727 0.1366120218579235
2 0.48545454545454547 0.5081967213114754 0.04 0.0546448087431694
2 0.48 0.639344262295082 0.07272727272727272 0.30601092896174864
2 0.47454545454545455 0.5327868852459017 0.06181818181818182 0.366120218579235
2 0.4763636363636364 0.37158469945355194 0.02909090909090909 0.04371584699453552
2 0.44181818181818183 0.5409836065573771 0.08363636363636363 0.44808743169398907
2 0.4381818181818182 0.3907103825136612 0.06181818181818182 0.1366120218579235
2 0.43636363636363634 0.23497267759562843 0.03636363636363636 0.04371584699453552
2 0.3236363636363636 0.21311475409836064 0.04363636363636364 0.04371584699453552
2 0.21818181818181817 0.2185792349726776 0.04363636363636364 0.04371584699453552
2 0.11818181818181818 0.23224043715846995 0.04727272727272727 0.04918032786885246
2 0.11636363636363636 0.4562841530054645 0.05818181818181818 0.09289617486338798
2 0.17454545454545456 0.42349726775956287 0.04363636363636364 0.03825136612021858
2 0.18181818181818182 0.5409836065573771 0.03636363636363636 0.0546448087431694
2 0.26 0.5765027322404371 0.04 0.060109289617486336
2 0.3018181818181818 0.36065573770491804 0.04363636363636364 0.04371584699453552
2 0.4036363636363636 0.45081967213114754 0.03636363636363636 0.04918032786885246
2 0.40545454545454546 0.6038251366120219 0.07636363636363637 0.3442622950819672
2 0.3 0.5573770491803278 0.15636363636363637 0.4371584699453552
2 0.26181818181818184 0.6666666666666666 0.07272727272727272 0.24043715846994534
2 0.18545454545454546 0.6502732240437158 0.05818181818181818 0.26229508196721313
2 0.18 0.5956284153005464 0.06181818181818182 0.37158469945355194
2 0.11818181818181818 0.592896174863388 0.06909090909090909 0.3442622950819672
2 0.11818181818181818 0.46174863387978143 0.09818181818181818 0.4972677595628415
2 0.21636363636363637 0.34153005464480873 0.09818181818181818 0.2896174863387978
2 0.32545454545454544 0.3114754098360656 0.09818181818181818 0.22950819672131148
2 0.43272727272727274 0.3224043715846995 0.10909090909090909 0.20765027322404372