2 0.38533834586466165 0.8473684210526315 0.06390977443609022 0.08421052631578947
2 0.325187969924812 0.8368421052631579 0.05639097744360902 0.06315789473684211
2 0.2575187969924812 0.8473684210526315 0.07142857142857142 0.08421052631578947
2 0.212406015037594 0.8552631578947368 0.041353383458646614 0.03684210526315789
2 0.849624060150376 0.6868421052631579 0.23308270676691728 0.4473684210526316
2 0.6466165413533834 0.7394736842105263 0.45112781954887216 0.2789473684210526
2 0.5733082706766918 0.6657894736842105 0.31954887218045114 0.23684210526315788
2 0.7838345864661654 0.35789473684210527 0.13909774436090225 0.631578947368421
2 0.4605263157894737 0.43157894736842106 0.12406015037593984 0.6947368421052632
2 0.32894736842105265 0.43157894736842106 0.15413533834586465 0.7473684210526316
2 0.18421052631578946 0.4473684210526316 0.18045112781954886 0.8315789473684211