2 0.9 0.7066666666666667 0.16444444444444445 0.1511111111111111
2 0.8777777777777778 0.6622222222222223 0.07555555555555556 0.06222222222222222
2 0.8822222222222222 0.6088888888888889 0.057777777777777775 0.035555555555555556
2 0.8622222222222222 0.6533333333333333 0.13333333333333333 0.12444444444444444
2 0.7555555555555555 0.6555555555555556 0.05333333333333334 0.04888888888888889
2 0.6666666666666666 0.66 0.05333333333333334 0.04888888888888889
2 0.6311111111111111 0.6088888888888889 0.05333333333333334 0.044444444444444446
2 0.7511111111111111 0.7044444444444444 0.09777777777777778 0.15555555555555556
2 0.6311111111111111 0.7111111111111111 0.13333333333333333 0.13333333333333333
2 0.6088888888888889 0.6622222222222223 0.10666666666666667 0.14222222222222222
2 0.38 0.4822222222222222 0.1111111111111111 0.5466666666666666
2 0.2911111111111111 0.4488888888888889 0.10222222222222223 0.5333333333333333
2 0.24 0.5911111111111111 0.13333333333333333 0.4088888888888889
2 0.08444444444444445 0.4911111111111111 0.16 0.5822222222222222
2 0.1622222222222222 0.33111111111111113 0.10222222222222223 0.29777777777777775
2 0.37555555555555553 0.22444444444444445 0.057777777777777775 0.04
2 0.3022222222222222 0.2 0.06222222222222222 0.044444444444444446
2 0.23555555555555555 0.41555555555555557 0.06222222222222222 0.06666666666666667
2 0.14444444444444443 0.20444444444444446 0.04888888888888889 0.044444444444444446
2 0.08 0.21555555555555556 0.05333333333333334 0.03111111111111111