2 0.9109195402298851 0.906896551724138 0.1724137931034483 0.1724137931034483
2 0.8419540229885057 0.8724137931034482 0.14942528735632185 0.1310344827586207
2 0.9382183908045977 0.803448275862069 0.07758620689655173 0.14482758620689656
2 0.9396551724137931 0.6448275862068965 0.11494252873563218 0.3793103448275862
2 0.8922413793103449 0.7413793103448276 0.1235632183908046 0.14482758620689656
2 0.8922413793103449 0.4793103448275862 0.020114942528735632 0.034482758620689655
2 0.8045977011494253 0.6827586206896552 0.1206896551724138 0.30344827586206896
2 0.8591954022988506 0.5206896551724138 0.028735632183908046 0.06206896551724138
2 0.7744252873563219 0.9620689655172414 0.10057471264367816 0.06206896551724138
2 0.7471264367816092 0.8827586206896552 0.04597701149425287 0.1103448275862069
2 0.7442528735632183 0.5241379310344828 0.028735632183908046 0.05517241379310345
2 0.8089080459770115 0.3689655172413793 0.15229885057471265 0.4068965517241379
2 0.9252873563218391 0.3931034482758621 0.14367816091954022 0.12413793103448276
2 0.9568965517241379 0.496551724137931 0.08045977011494253 0.1103448275862069
2 0.9310344827586207 0.1896551724137931 0.13218390804597702 0.33793103448275863
2 0.7155172413793104 0.9482758620689655 0.028735632183908046 0.0896551724137931
2 0.728448275862069 0.7551724137931034 0.08333333333333333 0.2827586206896552
2 0.7068965517241379 0.9344827586206896 0.028735632183908046 0.04827586206896552
2 0.6695402298850575 0.9448275862068966 0.09770114942528736 0.09655172413793103
2 0.5790229885057471 0.9517241379310345 0.08333333333333333 0.08275862068965517
2 0.6580459770114943 0.7172413793103448 0.1724137931034483 0.4
2 0.7974137931034483 0.5586206896551724 0.11206896551724138 0.20689655172413793
2 0.7341954022988506 0.38275862068965516 0.06609195402298851 0.2827586206896552
2 0.7959770114942529 0.20689655172413793 0.10344827586206896 0.16551724137931034
2 0.875 0.08275862068965517 0.10632183908045977 0.12413793103448276
2 0.7974137931034483 0.06551724137931035 0.10632183908045977 0.1310344827586207
2 0.6494252873563219 0.1206896551724138 0.017241379310344827 0.04827586206896552
2 0.6968390804597702 0.16896551724137931 0.10632183908045977 0.1310344827586207
2 0.6939655172413793 0.19310344827586207 0.04310344827586207 0.1103448275862069
2 0.7040229885057471 0.14482758620689656 0.017241379310344827 0.027586206896551724
2 0.5761494252873564 0.8551724137931035 0.020114942528735632 0.041379310344827586
2 0.5014367816091954 0.7689655172413793 0.16954022988505746 0.25517241379310346
2 0.40948275862068967 0.9137931034482759 0.2442528735632184 0.15862068965517243
2 0.5229885057471264 0.8827586206896552 0.017241379310344827 0.05517241379310345
2 0.2442528735632184 0.8137931034482758 0.06896551724137931 0.1103448275862069
2 0.26436781609195403 0.8517241379310345 0.11494252873563218 0.2
2 0.17959770114942528 0.9689655172413794 0.04310344827586207 0.04827586206896552
2 0.22270114942528735 0.9448275862068966 0.12931034482758622 0.09655172413793103
2 0.34770114942528735 0.7137931034482758 0.1206896551724138 0.22758620689655173
2 0.42528735632183906 0.5620689655172414 0.06321839080459771 0.1310344827586207
2 0.375 0.5551724137931034 0.1925287356321839 0.21379310344827587
2 0.47413793103448276 0.3724137931034483 0.13793103448275862 0.19310344827586207
2 0.5086206896551724 0.4413793103448276 0.07471264367816093 0.2206896551724138
2 0.5387931034482759 0.6137931034482759 0.20977011494252873 0.15172413793103448
2 0.5833333333333334 0.38275862068965516 0.13793103448275862 0.4482758620689655
2 0.6235632183908046 0.5448275862068965 0.05747126436781609 0.12413793103448276
2 0.639367816091954 0.31724137931034485 0.014367816091954023 0.027586206896551724
2 0.6623563218390804 0.42758620689655175 0.06609195402298851 0.2482758620689655
2 0.6364942528735632 0.35517241379310344 0.10057471264367816 0.3103448275862069
2 0.6925287356321839 0.4241379310344828 0.06321839080459771 0.22758620689655173
2 0.610632183908046 0.17586206896551723 0.04310344827586207 0.06206896551724138
2 0.5876436781609196 0.07931034482758621 0.04885057471264368 0.15862068965517243
2 0.6293103448275862 0.08620689655172414 0.04597701149425287 0.1310344827586207
2 0.646551724137931 0.03793103448275862 0.034482758620689655 0.07586206896551724
2 0.6896551724137931 0.05862068965517241 0.06321839080459771 0.0896551724137931
2 0.5402298850574713 0.04482758620689655 0.05172413793103448 0.0896551724137931
2 0.5459770114942529 0.09310344827586207 0.028735632183908046 0.06206896551724138
2 0.04454022988505747 0.12413793103448276 0.08908045977011494 0.2482758620689655
2 0.07040229885057471 0.1724137931034483 0.08333333333333333 0.23448275862068965
2 0.14080459770114942 0.1413793103448276 0.08620689655172414 0.22758620689655173
2 0.16810344827586207 0.22758620689655173 0.02586206896551724 0.05517241379310345
2 0.27586206896551724 0.09310344827586207 0.011494252873563218 0.06206896551724138
2 0.04454022988505747 0.7689655172413793 0.08908045977011494 0.4482758620689655
2 0.1752873563218391 0.7448275862068966 0.1781609195402299 0.496551724137931
2 0.20545977011494254 0.44482758620689655 0.11781609195402298 0.2689655172413793
2 0.2744252873563218 0.4 0.09482758620689655 0.2620689655172414
2 0.10775862068965517 0.49310344827586206 0.15229885057471265 0.33793103448275863
2 0.0603448275862069 0.4206896551724138 0.09770114942528736 0.3310344827586207
2 0.07183908045977011 0.43448275862068964 0.14367816091954022 0.20689655172413793
2 0.041666666666666664 0.3758620689655172 0.08333333333333333 0.33793103448275863
2 0.24281609195402298 0.1482758620689655 0.06609195402298851 0.296551724137931
2 0.2629310344827586 0.28620689655172415 0.014367816091954023 0.034482758620689655
2 0.1839080459770115 0.1413793103448276 0.09195402298850575 0.2827586206896552
2 0.11925287356321838 0.020689655172413793 0.03735632183908046 0.041379310344827586
2 0.3448275862068966 0.28620689655172415 0.07471264367816093 0.15862068965517243
2 0.3577586206896552 0.39655172413793105 0.0603448275862069 0.10344827586206896
2 0.39511494252873564 0.3724137931034483 0.031609195402298854 0.1103448275862069
2 0.34770114942528735 0.18620689655172415 0.11494252873563218 0.2620689655172414
2 0.4382183908045977 0.1 0.15804597701149425 0.2
2 0.4985632183908046 0.22758620689655173 0.04885057471264368 0.06896551724137931
2 0.45689655172413796 0.20689655172413793 0.1206896551724138 0.2620689655172414
2 0.3218390804597701 0.1310344827586207 0.08620689655172414 0.2620689655172414
2 0.4985632183908046 0.496551724137931 0.9971264367816092 0.993103448275862