2 0.8460076045627376 0.5052356020942408 0.30038022813688214 0.5392670157068062
2 0.564638783269962 0.8089005235602095 0.155893536121673 0.21465968586387435
2 0.7167300380228137 0.36387434554973824 0.55893536121673 0.581151832460733
2 0.7414448669201521 0.7958115183246073 0.5095057034220533 0.24083769633507854
2 0.42775665399239543 0.8010471204188482 0.4296577946768061 0.2198952879581152
2 0.1958174904942966 0.8612565445026178 0.1482889733840304 0.09947643979057591
2 0.17110266159695817 0.675392670157068 0.34220532319391633 0.4712041884816754
2 0.4144486692015209 0.612565445026178 0.2737642585551331 0.31413612565445026
2 0.12357414448669202 0.3612565445026178 0.24714828897338403 0.4293193717277487
2 0.17490494296577946 0.27225130890052357 0.34980988593155893 0.32460732984293195
2 0.720532319391635 0.1256544502617801 0.13307984790874525 0.1256544502617801
2 0.6863117870722434 0.03664921465968586 0.10266159695817491 0.07329842931937172
2 0.4448669201520912 0.1806282722513089 0.44106463878326996 0.3612565445026178
2 0.8669201520912547 0.034031413612565446 0.2509505703422053 0.06806282722513089
2 0.12737642585551331 0.10471204188481675 0.25475285171102663 0.2094240837696335
2 0.49809885931558934 0.46335078534031415 0.9961977186311787 0.9267015706806283