2 0.9241379310344827 0.8448275862068966 0.14482758620689656 0.2988505747126437
2 0.8741379310344828 0.5172413793103449 0.24482758620689654 0.4827586206896552
2 0.8258620689655173 0.8419540229885057 0.11379310344827587 0.3045977011494253
2 0.9431034482758621 0.6925287356321839 0.10689655172413794 0.23563218390804597
2 0.8086206896551724 0.8620689655172413 0.16206896551724137 0.26436781609195403
2 0.6741379310344827 0.9195402298850575 0.3689655172413793 0.14942528735632185
2 0.6706896551724137 0.49137931034482757 0.16206896551724137 0.7298850574712644
2 0.5103448275862069 0.43103448275862066 0.1793103448275862 0.8275862068965517
2 0.3913793103448276 0.5862068965517241 0.21724137931034482 0.7126436781609196
2 0.7724137931034483 0.09770114942528736 0.2 0.19540229885057472
2 0.8637931034482759 0.2413793103448276 0.2655172413793103 0.4827586206896552
2 0.28448275862068967 0.6120689655172413 0.13448275862068965 0.3045977011494253
2 0.23620689655172414 0.7873563218390804 0.3758620689655172 0.41379310344827586
2 0.1 0.8764367816091954 0.2 0.23563218390804597
2 0.12241379310344827 0.5373563218390804 0.24482758620689654 0.29310344827586204
2 0.41551724137931034 0.16954022988505746 0.5137931034482759 0.3390804597701149
2 0.1396551724137931 0.2557471264367816 0.2793103448275862 0.29310344827586204
2 0.1879310344827586 0.08333333333333333 0.3758620689655172 0.16666666666666666
2 0.4982758620689655 0.49712643678160917 0.996551724137931 0.9942528735632183