2 0.38727272727272727 0.5409836065573771 0.1781818181818182 0.20765027322404372
2 0.4636363636363636 0.5382513661202186 0.10545454545454545 0.1912568306010929
2 0.6545454545454545 0.22950819672131148 0.10909090909090909 0.09836065573770492
2 0.9254545454545454 0.13114754098360656 0.10545454545454545 0.14207650273224043
2 0.06 0.5245901639344263 0.12 0.22950819672131148
2 0.21454545454545454 0.6530054644808743 0.09454545454545454 0.1366120218579235
2 0.10545454545454545 0.36065573770491804 0.10181818181818182 0.17486338797814208
2 0.42727272727272725 0.31420765027322406 0.09818181818181818 0.11475409836065574
2 0.649090909090909 0.4808743169398907 0.33090909090909093 0.41530054644808745
2 0.5272727272727272 0.7540983606557377 0.07272727272727272 0.13114754098360656
2 0.7636363636363637 0.8387978142076503 0.46545454545454545 0.3114754098360656
2 0.7018181818181818 0.5683060109289617 0.5890909090909091 0.5901639344262295
2 0.86 0.13114754098360656 0.2727272727272727 0.26229508196721313
2 0.26545454545454544 0.7158469945355191 0.4 0.5573770491803278
2 0.6327272727272727 0.819672131147541 0.4 0.34972677595628415
2 0.15454545454545454 0.7923497267759563 0.26545454545454544 0.40437158469945356
2 0.04 0.5300546448087432 0.08 0.24043715846994534
2 0.05818181818181818 0.7021857923497268 0.11636363636363636 0.5846994535519126
2 0.07272727272727272 0.366120218579235 0.14545454545454545 0.19672131147540983
2 0.58 0.14754098360655737 0.6 0.29508196721311475
2 0.27090909090909093 0.3633879781420765 0.4109090909090909 0.43169398907103823
2 0.06181818181818182 0.2896174863387978 0.12363636363636364 0.273224043715847
2 0.10727272727272727 0.08469945355191257 0.21454545454545454 0.16939890710382513
2 0.34545454545454546 0.07650273224043716 0.4509090909090909 0.15300546448087432