2 0.38545454545454544 0.2650273224043716 0.05090909090909091 0.10382513661202186
2 0.6418181818181818 0.6366120218579235 0.05454545454545454 0.11475409836065574
2 0.8163636363636364 0.24043715846994534 0.09818181818181818 0.12021857923497267
2 0.9709090909090909 0.2786885245901639 0.05090909090909091 0.09836065573770492
2 0.2545454545454545 0.7513661202185792 0.02909090909090909 0.03825136612021858
2 0.04 0.8825136612021858 0.03636363636363636 0.04918032786885246
2 0.06545454545454546 0.35792349726775957 0.03636363636363636 0.07103825136612021
2 0.2672727272727273 0.2185792349726776 0.04727272727272727 0.07650273224043716
2 0.24545454545454545 0.05191256830601093 0.04 0.03825136612021858
2 0.31636363636363635 0.060109289617486336 0.03636363636363636 0.06557377049180328
2 0.15272727272727274 0.01366120218579235 0.03636363636363636 0.0273224043715847
2 0.8363636363636363 0.09562841530054644 0.05090909090909091 0.04918032786885246
2 0.45454545454545453 0.7950819672131147 0.04363636363636364 0.08196721311475409
2 0.7527272727272727 0.3633879781420765 0.24 0.3551912568306011
2 0.8418181818181818 0.4808743169398907 0.2290909090909091 0.5683060109289617
2 0.9436363636363636 0.41530054644808745 0.10545454545454545 0.4371584699453552
2 0.8727272727272727 0.6666666666666666 0.24727272727272728 0.36065573770491804
2 0.94 0.7896174863387978 0.11272727272727273 0.23497267759562843
2 0.8690909090909091 0.8661202185792349 0.2545454545454545 0.2568306010928962
2 0.7054545454545454 0.6010928961748634 0.15272727272727274 0.7868852459016393
2 0.5054545454545455 0.7540983606557377 0.3418181818181818 0.4808743169398907
2 0.28 0.9180327868852459 0.11636363636363636 0.15300546448087432
2 0.45636363636363636 0.7158469945355191 0.28 0.40437158469945356
2 0.4490909090909091 0.2568306010928962 0.2290909090909091 0.3825136612021858
2 0.6090909090909091 0.27049180327868855 0.10545454545454545 0.3989071038251366
2 0.35818181818181816 0.11475409836065574 0.08363636363636363 0.12021857923497267
2 0.4672727272727273 0.28688524590163933 0.29454545454545455 0.453551912568306
2 0.13636363636363635 0.9426229508196722 0.09090909090909091 0.10382513661202186
2 0.24909090909090909 0.8387978142076503 0.14909090909090908 0.3114754098360656
2 0.26181818181818184 0.6612021857923497 0.06545454545454546 0.09836065573770492
2 0.08545454545454545 0.9043715846994536 0.05454545454545454 0.18032786885245902
2 0.14545454545454545 0.7841530054644809 0.07272727272727272 0.21311475409836064
2 0.2 0.6229508196721312 0.06545454545454546 0.1092896174863388
2 0.27636363636363637 0.5491803278688525 0.08727272727272728 0.12568306010928962
2 0.30727272727272725 0.6502732240437158 0.025454545454545455 0.07650273224043716
2 0.06727272727272728 0.7486338797814208 0.08363636363636363 0.22950819672131148
2 0.11272727272727273 0.6311475409836066 0.12363636363636364 0.10382513661202186
2 0.12363636363636364 0.5191256830601093 0.10181818181818182 0.13114754098360656
2 0.20545454545454545 0.48360655737704916 0.09090909090909091 0.14754098360655737
2 0.2636363636363636 0.49453551912568305 0.05454545454545454 0.060109289617486336
2 0.14727272727272728 0.41530054644808745 0.06909090909090909 0.07650273224043716
2 0.06181818181818182 0.5027322404371585 0.07272727272727272 0.15300546448087432
2 0.02727272727272727 0.5655737704918032 0.05454545454545454 0.1366120218579235
2 0.02909090909090909 0.40437158469945356 0.05818181818181818 0.12021857923497267
2 0.15272727272727274 0.3442622950819672 0.13090909090909092 0.18579234972677597
2 0.25636363636363635 0.36885245901639346 0.07636363636363637 0.15846994535519127
2 0.3054545454545455 0.3551912568306011 0.05090909090909091 0.17486338797814208
2 0.034545454545454546 0.26229508196721313 0.06909090909090909 0.14207650273224043
2 0.10181818181818182 0.24863387978142076 0.08 0.1366120218579235
2 0.05090909090909091 0.05191256830601093 0.10181818181818182 0.10382513661202186
2 0.05090909090909091 0.14754098360655737 0.10181818181818182 0.08743169398907104
2 0.13636363636363635 0.09289617486338798 0.12727272727272726 0.18579234972677597
2 0.17454545454545456 0.22131147540983606 0.07272727272727272 0.07103825136612021
2 0.2581818181818182 0.09836065573770492 0.11636363636363636 0.19672131147540983
2 0.2636363636363636 0.24316939890710382 0.10545454545454545 0.10382513661202186
2 0.39454545454545453 0.030054644808743168 0.14909090909090908 0.060109289617486336
2 0.4709090909090909 0.01912568306010929 0.04727272727272727 0.03825136612021858
2 0.5618181818181818 0.03278688524590164 0.1781818181818182 0.06557377049180328
2 0.6418181818181818 0.0546448087431694 0.01818181818181818 0.04371584699453552
2 0.6381818181818182 0.12568306010928962 0.04 0.12021857923497267
2 0.6890909090909091 0.09836065573770492 0.06909090909090909 0.19672131147540983
2 0.7418181818181818 0.09016393442622951 0.04363636363636364 0.18032786885245902
2 0.7763636363636364 0.08743169398907104 0.04727272727272727 0.17486338797814208
2 0.8963636363636364 0.10109289617486339 0.2 0.20218579234972678
2 0.9509090909090909 0.23224043715846995 0.04727272727272727 0.07103825136612021