2 0.9241379310344827 0.5775862068965517 0.020689655172413793 0.06321839080459771
2 0.8172413793103448 0.5689655172413793 0.027586206896551724 0.08045977011494253
2 0.6982758620689655 0.6408045977011494 0.02413793103448276 0.028735632183908046
2 0.6172413793103448 0.5718390804597702 0.020689655172413793 0.040229885057471264
2 0.5396551724137931 0.6810344827586207 0.017241379310344827 0.040229885057471264
2 0.9172413793103448 0.1235632183908046 0.027586206896551724 0.040229885057471264
2 0.8241379310344827 0.07758620689655173 0.027586206896551724 0.040229885057471264
2 0.6672413793103448 0.10344827586206896 0.02413793103448276 0.08045977011494253
2 0.5741379310344827 0.06609195402298851 0.02413793103448276 0.07471264367816093
2 0.9224137931034483 0.7327586206896551 0.06551724137931035 0.3735632183908046
2 0.8206896551724138 0.7241379310344828 0.06896551724137931 0.40229885057471265
2 0.9189655172413793 0.2672413793103448 0.05862068965517241 0.3275862068965517
2 0.8258620689655173 0.2442528735632184 0.06551724137931035 0.3735632183908046
2 0.6689655172413793 0.25 0.05517241379310345 0.3620689655172414
2 0.5741379310344827 0.22988505747126436 0.07241379310344828 0.40229885057471265
2 0.7017241379310345 0.7844827586206896 0.05862068965517241 0.3160919540229885
2 0.6189655172413793 0.7471264367816092 0.07241379310344828 0.39080459770114945
2 0.5396551724137931 0.8045977011494253 0.04482758620689655 0.27586206896551724
2 0.4051724137931034 0.2959770114942529 0.04482758620689655 0.06321839080459771
2 0.2396551724137931 0.13793103448275862 0.04482758620689655 0.06896551724137931
2 0.08275862068965517 0.3706896551724138 0.041379310344827586 0.07471264367816093
2 0.2413793103448276 0.4885057471264368 0.14482758620689656 0.7701149425287356
2 0.4051724137931034 0.5718390804597702 0.11379310344827587 0.6149425287356322
2 0.08448275862068966 0.6091954022988506 0.09310344827586207 0.5517241379310345