2 0.6690909090909091 0.825136612021858 0.6545454545454545 0.33879781420765026
2 0.9690909090909091 0.40710382513661203 0.05454545454545454 0.5519125683060109
2 0.8290909090909091 0.46994535519125685 0.28363636363636363 0.7431693989071039
2 0.610909090909091 0.7076502732240437 0.18181818181818182 0.3551912568306011
2 0.6563636363636364 0.3825136612021858 0.2509090909090909 0.7650273224043715
2 0.8454545454545455 0.28688524590163933 0.3018181818181818 0.5737704918032787
2 0.6763636363636364 0.24316939890710382 0.07272727272727272 0.12568306010928962
2 0.8963636363636364 0.1721311475409836 0.09818181818181818 0.12568306010928962
2 0.6581818181818182 0.5983606557377049 0.09454545454545454 0.12568306010928962
2 0.4254545454545455 0.5273224043715847 0.19636363636363635 0.9344262295081968
2 0.22 0.6967213114754098 0.2 0.5956284153005464
2 0.16363636363636364 0.907103825136612 0.32727272727272727 0.17486338797814208
2 0.07454545454545454 0.7595628415300546 0.13454545454545455 0.46994535519125685
2 0.20545454545454545 0.02185792349726776 0.04727272727272727 0.04371584699453552
2 0.2636363636363636 0.02459016393442623 0.07636363636363637 0.04918032786885246
2 0.18181818181818182 0.44808743169398907 0.09454545454545454 0.07650273224043716
2 0.28 0.412568306010929 0.20363636363636364 0.825136612021858
2 0.05454545454545454 0.15027322404371585 0.10909090909090909 0.3005464480874317
2 0.11272727272727273 0.38524590163934425 0.22545454545454546 0.7704918032786885
2 0.49818181818181817 0.4972677595628415 0.9963636363636363 0.994535519125683