2 0.9366666666666666 0.5803571428571429 0.10666666666666667 0.6964285714285714
2 0.9383333333333334 0.5148809523809523 0.09666666666666666 0.13690476190476192
2 0.9383333333333334 0.2619047619047619 0.056666666666666664 0.05952380952380952
2 0.8166666666666667 0.27976190476190477 0.05333333333333334 0.05952380952380952
2 0.8183333333333334 0.4583333333333333 0.09 0.13095238095238096
2 0.8216666666666667 0.5744047619047619 0.11 0.6369047619047619
2 0.7 0.3541666666666667 0.05333333333333334 0.06547619047619048
2 0.7016666666666667 0.6875 0.10333333333333333 0.16071428571428573
2 0.7016666666666667 0.6101190476190477 0.11 0.5773809523809523
2 0.58 0.32142857142857145 0.05333333333333334 0.07142857142857142
2 0.46166666666666667 0.2767857142857143 0.056666666666666664 0.05357142857142857
2 0.585 0.5863095238095238 0.10333333333333333 0.6130952380952381
2 0.4583333333333333 0.5714285714285714 0.11 0.6428571428571429
2 0.3433333333333333 0.2767857142857143 0.05333333333333334 0.06547619047619048
2 0.34 0.5625 0.1 0.6488095238095238
2 0.23166666666666666 0.34523809523809523 0.05 0.07142857142857142
2 0.23666666666666666 0.6071428571428571 0.11333333333333333 0.5833333333333334
2 0.11 0.2857142857142857 0.05333333333333334 0.07142857142857142
2 0.11166666666666666 0.5773809523809523 0.10333333333333333 0.6547619047619048
2 0.01 0.3333333333333333 0.02 0.05952380952380952
2 0.025 0.6011904761904762 0.05 0.5952380952380952