2 0.8858695652173914 0.6401098901098901 0.11956521739130435 0.6098901098901099
2 0.8858695652173914 0.3626373626373626 0.05434782608695652 0.06593406593406594
2 0.7318840579710145 0.3956043956043956 0.057971014492753624 0.12087912087912088
2 0.730072463768116 0.6373626373626373 0.11956521739130435 0.6043956043956044
2 0.5815217391304348 0.6346153846153846 0.11231884057971014 0.6208791208791209
2 0.5797101449275363 0.36538461538461536 0.050724637681159424 0.08241758241758242
2 0.4311594202898551 0.37637362637362637 0.057971014492753624 0.09340659340659341
2 0.42934782608695654 0.6401098901098901 0.11231884057971014 0.6098901098901099
2 0.2572463768115942 0.3708791208791209 0.050724637681159424 0.07142857142857142
2 0.2608695652173913 0.6346153846153846 0.11594202898550725 0.5989010989010989
2 0.10144927536231885 0.3708791208791209 0.050724637681159424 0.09340659340659341
2 0.10326086956521739 0.6318681318681318 0.11231884057971014 0.6153846153846154