2 0.8609154929577465 0.692090395480226 0.15845070422535212 0.2655367231638418
2 0.8257042253521126 0.6045197740112994 0.0880281690140845 0.4519774011299435
2 0.7482394366197183 0.596045197740113 0.07394366197183098 0.3785310734463277
2 0.6408450704225352 0.7768361581920904 0.035211267605633804 0.07344632768361582
2 0.6866197183098591 0.7457627118644068 0.13380281690140844 0.1694915254237288
2 0.6725352112676056 0.2033898305084746 0.04225352112676056 0.05649717514124294
2 0.5669014084507042 0.2062146892655367 0.035211267605633804 0.03954802259887006
2 0.5897887323943662 0.2909604519774011 0.03873239436619718 0.05084745762711865
2 0.4859154929577465 0.2231638418079096 0.035211267605633804 0.02824858757062147
2 0.49119718309859156 0.4152542372881356 0.03873239436619718 0.05084745762711865
2 0.43485915492957744 0.6384180790960452 0.08098591549295775 0.4180790960451977
2 0.426056338028169 0.4463276836158192 0.04929577464788732 0.15819209039548024
2 0.48063380281690143 0.3389830508474576 0.07394366197183098 0.2598870056497175
2 0.5616197183098591 0.2655367231638418 0.0880281690140845 0.15819209039548024
2 0.6654929577464789 0.4519774011299435 0.09154929577464789 0.5423728813559322
2 0.6197183098591549 0.4350282485875706 0.035211267605633804 0.04519774011299435
2 0.6197183098591549 0.6468926553672316 0.08450704225352113 0.4689265536723164
2 0.49471830985915494 0.6214689265536724 0.06690140845070422 0.4745762711864407
2 0.545774647887324 0.5932203389830508 0.1056338028169014 0.5423728813559322