2 0.5482625482625483 0.422680412371134 0.4942084942084942 0.7216494845360825
2 0.8725868725868726 0.6185567010309279 0.2471042471042471 0.7525773195876289
2 0.7683397683397684 0.7860824742268041 0.30115830115830117 0.4175257731958763
2 0.4826254826254826 0.8247422680412371 0.3474903474903475 0.3402061855670103
2 0.23166023166023167 0.8556701030927835 0.22393822393822393 0.27835051546391754
2 0.09266409266409266 0.8788659793814433 0.18532818532818532 0.23195876288659795
2 0.17953667953667954 0.5412371134020618 0.3590733590733591 0.5773195876288659
2 0.052123552123552123 0.20103092783505155 0.10424710424710425 0.30927835051546393
2 0.19498069498069498 0.2190721649484536 0.28185328185328185 0.29381443298969073
2 0.4864864864864865 0.2036082474226804 0.33976833976833976 0.4072164948453608
2 0.8166023166023166 0.12628865979381443 0.35135135135135137 0.25257731958762886