2 0.9347826086956522 0.9166666666666666 0.08361204013377926 0.15476190476190477
2 0.9615384615384616 0.8214285714285714 0.07023411371237458 0.34523809523809523
2 0.9498327759197325 0.6696428571428571 0.04013377926421405 0.05357142857142857
2 0.9531772575250836 0.6666666666666666 0.08695652173913043 0.15476190476190477
2 0.8561872909698997 0.6309523809523809 0.046822742474916385 0.07142857142857142
2 0.9715719063545151 0.5773809523809523 0.05016722408026756 0.10714285714285714
2 0.9648829431438127 0.47619047619047616 0.06354515050167224 0.10714285714285714
2 0.9715719063545151 0.3601190476190476 0.03678929765886288 0.10119047619047619
2 0.9581939799331104 0.24107142857142858 0.07692307692307693 0.18452380952380953
2 0.959866220735786 0.10714285714285714 0.07357859531772576 0.17857142857142858
2 0.8929765886287625 0.11904761904761904 0.07357859531772576 0.20238095238095238
2 0.9046822742474916 0.27380952380952384 0.06354515050167224 0.09523809523809523
2 0.9130434782608695 0.35714285714285715 0.06688963210702341 0.15476190476190477
2 0.8762541806020067 0.43452380952380953 0.0802675585284281 0.11904761904761904
2 0.8996655518394648 0.5505952380952381 0.09364548494983277 0.125
2 0.8645484949832776 0.6666666666666666 0.09698996655518395 0.10714285714285714
2 0.8662207357859532 0.8125 0.10702341137123746 0.22023809523809523
2 0.9147157190635451 0.7619047619047619 0.043478260869565216 0.08333333333333333
2 0.8494983277591973 0.9375 0.08695652173913043 0.1130952380952381
2 0.8060200668896321 0.9732142857142857 0.06020066889632107 0.041666666666666664
2 0.7692307692307693 0.8630952380952381 0.1605351170568562 0.2619047619047619
2 0.7424749163879598 0.5565476190476191 0.15384615384615385 0.16071428571428573
2 0.6438127090301003 0.7053571428571429 0.23745819397993312 0.19642857142857142
2 0.7842809364548495 0.6815476190476191 0.06354515050167224 0.1130952380952381
2 0.782608695652174 0.4732142857142857 0.17391304347826086 0.26785714285714285
2 0.782608695652174 0.3601190476190476 0.2408026755852843 0.26785714285714285
2 0.6872909698996655 0.15178571428571427 0.3511705685618729 0.30357142857142855
2 0.7809364548494984 0.1130952380952381 0.25752508361204013 0.2261904761904762
2 0.8244147157190636 0.020833333333333332 0.09698996655518395 0.041666666666666664
2 0.5234113712374582 0.047619047619047616 0.030100334448160536 0.07142857142857142
2 0.68561872909699 0.43452380952380953 0.046822742474916385 0.08333333333333333
2 0.6153846153846154 0.47023809523809523 0.033444816053511704 0.08333333333333333
2 0.6454849498327759 0.5952380952380952 0.046822742474916385 0.07142857142857142
2 0.6137123745819398 0.5773809523809523 0.10367892976588629 0.15476190476190477
2 0.4782608695652174 0.5595238095238095 0.3076923076923077 0.27380952380952384
2 0.6655518394648829 0.45535714285714285 0.0802675585284281 0.1488095238095238
2 0.745819397993311 0.4107142857142857 0.14715719063545152 0.15476190476190477
2 0.5836120401337793 0.3958333333333333 0.043478260869565216 0.07738095238095238
2 0.5100334448160535 0.40476190476190477 0.19732441471571907 0.14285714285714285
2 0.3879598662207358 0.44642857142857145 0.14046822742474915 0.17857142857142858
2 0.4431438127090301 0.4583333333333333 0.043478260869565216 0.08333333333333333
2 0.5618729096989966 0.2767857142857143 0.20735785953177258 0.18452380952380953
2 0.6120401337792643 0.19047619047619047 0.1806020066889632 0.20238095238095238
2 0.08528428093645485 0.9107142857142857 0.1705685618729097 0.16666666666666666
2 0.21906354515050167 0.9642857142857143 0.09698996655518395 0.05952380952380952
2 0.27591973244147155 0.8660714285714286 0.0903010033444816 0.25595238095238093
2 0.3377926421404682 0.9672619047619048 0.07357859531772576 0.05357142857142857
2 0.35785953177257523 0.8333333333333334 0.08695652173913043 0.27380952380952384
2 0.4331103678929766 0.9226190476190477 0.10367892976588629 0.14285714285714285
2 0.5183946488294314 0.9553571428571429 0.08695652173913043 0.07738095238095238
2 0.6020066889632107 0.9523809523809523 0.04013377926421405 0.08333333333333333
2 0.6237458193979933 0.9732142857142857 0.056856187290969896 0.041666666666666664
2 0.568561872909699 0.8035714285714286 0.14046822742474915 0.19047619047619047
2 0.6588628762541806 0.8958333333333334 0.07357859531772576 0.19642857142857142
2 0.7123745819397993 0.8422619047619048 0.09364548494983277 0.10119047619047619
2 0.5 0.8452380952380952 0.16387959866220736 0.2976190476190476
2 0.4214046822742475 0.6755952380952381 0.28762541806020064 0.20833333333333334
2 0.14046822742474915 0.7529761904761905 0.13377926421404682 0.4107142857142857
2 0.07357859531772576 0.7113095238095238 0.14046822742474915 0.19642857142857142
2 0.13043478260869565 0.5238095238095238 0.05351170568561873 0.11904761904761904
2 0.05351170568561873 0.4851190476190476 0.05351170568561873 0.07738095238095238
2 0.22909698996655517 0.24404761904761904 0.043478260869565216 0.08333333333333333
2 0.043478260869565216 0.08035714285714286 0.026755852842809364 0.08928571428571429
2 0.06354515050167224 0.03273809523809524 0.04013377926421405 0.06547619047619048
2 0.12876254180602006 0.10416666666666667 0.07023411371237458 0.10119047619047619
2 0.31438127090301005 0.20238095238095238 0.046822742474916385 0.07142857142857142
2 0.39464882943143814 0.03869047619047619 0.046822742474916385 0.07738095238095238
2 0.13043478260869565 0.5714285714285714 0.2608695652173913 0.19047619047619047
2 0.2993311036789298 0.44047619047619047 0.12374581939799331 0.2261904761904762
2 0.3595317725752508 0.31547619047619047 0.07692307692307693 0.13095238095238096
2 0.4214046822742475 0.30357142857142855 0.05351170568561873 0.13095238095238096
2 0.48494983277591974 0.011904761904761904 0.04013377926421405 0.023809523809523808
2 0.4280936454849498 0.17559523809523808 0.17391304347826086 0.3273809523809524
2 0.3294314381270903 0.10119047619047619 0.13043478260869565 0.17857142857142858
2 0.27424749163879597 0.12202380952380952 0.12709030100334448 0.24404761904761904
2 0.20903010033444816 0.14285714285714285 0.11036789297658862 0.2857142857142857
2 0.11872909698996656 0.38392857142857145 0.18394648829431437 0.30357142857142855
2 0.08528428093645485 0.2767857142857143 0.1705685618729097 0.24404761904761904
2 0.04180602006688963 0.17559523809523808 0.07692307692307693 0.125
2 0.11371237458193979 0.06547619047619048 0.1939799331103679 0.13095238095238096
2 0.2826086956521739 0.33035714285714285 0.18394648829431437 0.19642857142857142
2 0.18394648829431437 0.44345238095238093 0.09364548494983277 0.125
2 0.4983277591973244 0.49702380952380953 0.9966555183946488 0.9940476190476191