2 0.1046875 0.365625 0.07890625 0.26953125
2 0.16796875 0.35 0.06640625 0.21171875
2 0.21484375 0.2859375 0.10625 0.34296875
2 0.2796875 0.303125 0.03984375 0.24375
2 0.346875 0.32265625 0.06640625 0.2375
2 0.4078125 0.30078125 0.078125 0.31953125
2 0.465625 0.34453125 0.07890625 0.25078125
2 0.525 0.32265625 0.071875 0.340625
2 0.59375 0.3078125 0.05390625 0.2984375
2 0.65234375 0.33046875 0.07109375 0.325
2 0.7203125 0.36328125 0.07421875 0.234375
2 0.12265625 0.625 0.0890625 0.2640625
2 0.20703125 0.64140625 0.05625 0.29375
2 0.278125 0.65625 0.05 0.30859375
2 0.346875 0.640625 0.084375 0.3203125
2 0.403125 0.60625 0.06875 0.2484375
2 0.471875 0.61796875 0.06640625 0.23984375
2 0.53203125 0.7015625 0.0796875 0.3046875
2 0.60234375 0.64609375 0.059375 0.21171875
2 0.67421875 0.6703125 0.08984375 0.228125
2 0.896875 0.3515625 0.109375 0.30859375