2 0.2059748427672956 0.8553459119496856 0.4119496855345912 0.27672955974842767
2 0.2248427672955975 0.789308176100629 0.3805031446540881 0.4088050314465409
2 0.4339622641509434 0.9276729559748428 0.07547169811320754 0.1320754716981132
2 0.6069182389937107 0.8081761006289309 0.3018867924528302 0.3710691823899371
2 0.6320754716981132 0.4811320754716981 0.14465408805031446 0.3836477987421384
2 0.8522012578616353 0.7830188679245284 0.20125786163522014 0.42138364779874216
2 0.9512578616352201 0.6383647798742138 0.09119496855345911 0.710691823899371
2 0.9323899371069182 0.3081761006289308 0.1289308176100629 0.3270440251572327
2 0.9056603773584906 0.1069182389937107 0.18238993710691823 0.2138364779874214
2 0.610062893081761 0.18867924528301888 0.27044025157232704 0.37735849056603776
2 0.5691823899371069 0.1540880503144654 0.23270440251572327 0.3081761006289308
2 0.41352201257861637 0.5408805031446541 0.31761006289308175 0.6540880503144654
2 0.3113207547169811 0.3553459119496855 0.3710691823899371 0.710691823899371
2 0.10377358490566038 0.09433962264150944 0.08176100628930817 0.18867924528301888
2 0.03930817610062893 0.2641509433962264 0.07861635220125786 0.5283018867924528
2 0.14937106918238993 0.5534591194968553 0.29874213836477986 0.3270440251572327