2 0.9191176470588235 0.754054054054054 0.15441176470588236 0.4810810810810811
2 0.7444852941176471 0.672972972972973 0.23897058823529413 0.6432432432432432
2 0.5698529411764706 0.7675675675675676 0.25 0.4540540540540541
2 0.3713235294117647 0.6783783783783783 0.22058823529411764 0.6324324324324324
2 0.18382352941176472 0.754054054054054 0.3382352941176471 0.4810810810810811
2 0.5220588235294118 0.4702702702702703 0.19117647058823528 0.5081081081081081
2 0.8584558823529411 0.4783783783783784 0.21691176470588236 0.5567567567567567
2 0.9338235294117647 0.3054054054054054 0.125 0.40540540540540543
2 0.96875 0.12972972972972974 0.05514705882352941 0.2594594594594595
2 0.8419117647058824 0.10540540540540541 0.13970588235294118 0.21081081081081082
2 0.7426470588235294 0.1837837837837838 0.1323529411764706 0.3675675675675676
2 0.6488970588235294 0.32972972972972975 0.16544117647058823 0.4648648648648649
2 0.3474264705882353 0.32432432432432434 0.1948529411764706 0.44324324324324327
2 0.19301470588235295 0.44594594594594594 0.2536764705882353 0.4702702702702703
2 0.06066176470588235 0.6783783783783783 0.1213235294117647 0.6324324324324324
2 0.06985294117647059 0.3054054054054054 0.13970588235294118 0.3837837837837838
2 0.19117647058823528 0.21081081081081082 0.19117647058823528 0.4
2 0.3161764705882353 0.12702702702702703 0.16176470588235295 0.25405405405405407
2 0.4834558823529412 0.1783783783783784 0.1801470588235294 0.3567567567567568
2 0.5790441176470589 0.12972972972972974 0.15808823529411764 0.2594594594594595
2 0.07536764705882353 0.11351351351351352 0.15073529411764705 0.22702702702702704