2 0.8197424892703863 0.7083333333333334 0.27467811158798283 0.5555555555555556
2 0.5815450643776824 0.7430555555555556 0.15879828326180256 0.4583333333333333
2 0.5836909871244635 0.5462962962962963 0.08583690987124463 0.06481481481481481
2 0.8175965665236051 0.4444444444444444 0.055793991416309016 0.027777777777777776
2 0.40772532188841204 0.7662037037037037 0.15450643776824036 0.4027777777777778
2 0.41201716738197425 0.5925925925925926 0.08583690987124463 0.05555555555555555
2 0.26824034334763946 0.7800925925925926 0.11587982832618025 0.38425925925925924
2 0.26609442060085836 0.6087962962962963 0.07725321888412018 0.041666666666666664
2 0.11587982832618025 0.7939814814814815 0.15450643776824036 0.3472222222222222
2 0.11587982832618025 0.6527777777777778 0.08583690987124463 0.06481481481481481
2 0.8927038626609443 0.18055555555555555 0.07725321888412018 0.3055555555555556
2 0.8905579399141631 0.04398148148148148 0.03862660944206009 0.032407407407407406
2 0.8068669527896996 0.17592592592592593 0.07725321888412018 0.3055555555555556
2 0.8047210300429185 0.04398148148148148 0.03862660944206009 0.032407407407407406
2 0.7167381974248928 0.04398148148148148 0.04291845493562232 0.032407407407407406
2 0.7188841201716738 0.17824074074074073 0.07296137339055794 0.30092592592592593
2 0.630901287553648 0.18055555555555555 0.07725321888412018 0.3055555555555556
2 0.630901287553648 0.046296296296296294 0.034334763948497854 0.037037037037037035
2 0.48283261802575106 0.25925925925925924 0.09871244635193133 0.3888888888888889
2 0.48283261802575106 0.08101851851851852 0.030042918454935622 0.032407407407407406
2 0.3605150214592275 0.26157407407407407 0.10300429184549356 0.39351851851851855
2 0.3583690987124464 0.08101851851851852 0.03862660944206009 0.041666666666666664
2 0.23390557939914164 0.26157407407407407 0.09871244635193133 0.39351851851851855
2 0.2317596566523605 0.08101851851851852 0.034334763948497854 0.032407407407407406
2 0.10300429184549356 0.24305555555555555 0.10300429184549356 0.4305555555555556
2 0.10300429184549356 0.041666666666666664 0.034334763948497854 0.027777777777777776