2 0.8451178451178452 0.45294117647058824 0.12121212121212122 0.6941176470588235
2 0.8417508417508418 0.1264705882352941 0.06060606060606061 0.052941176470588235
2 0.6986531986531986 0.4411764705882353 0.11784511784511785 0.7176470588235294
2 0.6952861952861953 0.10588235294117647 0.05723905723905724 0.058823529411764705
2 0.5521885521885522 0.4235294117647059 0.12794612794612795 0.7529411764705882
2 0.5505050505050505 0.07941176470588235 0.06397306397306397 0.06470588235294118
2 0.4090909090909091 0.07647058823529412 0.05723905723905724 0.058823529411764705
2 0.2760942760942761 0.11764705882352941 0.06060606060606061 0.12941176470588237
2 0.13636363636363635 0.2852941176470588 0.06397306397306397 0.052941176470588235
2 0.4090909090909091 0.4235294117647059 0.11784511784511785 0.7529411764705882
2 0.2760942760942761 0.42058823529411765 0.11447811447811448 0.7352941176470589
2 0.13636363636363635 0.5264705882352941 0.12457912457912458 0.5235294117647059