2 0.8516666666666667 0.7351190476190477 0.18333333333333332 0.49404761904761907
2 0.9533333333333334 0.7172619047619048 0.08666666666666667 0.3273809523809524
2 0.9566666666666667 0.46726190476190477 0.08 0.24404761904761904
2 0.805 0.4523809523809524 0.23666666666666666 0.27380952380952384
2 0.8533333333333334 0.26785714285714285 0.12 0.19047619047619047
2 0.8616666666666667 0.08630952380952381 0.17 0.17261904761904762
2 0.9233333333333333 0.24702380952380953 0.12 0.25595238095238093
2 0.715 0.14285714285714285 0.17 0.25
2 0.6516666666666666 0.05952380952380952 0.21 0.11904761904761904
2 0.5183333333333333 0.11904761904761904 0.15 0.23809523809523808
2 0.56 0.23511904761904762 0.16 0.31547619047619047
2 0.4766666666666667 0.44047619047619047 0.23333333333333334 0.2619047619047619
2 0.6233333333333333 0.4375 0.08 0.1488095238095238
2 0.6066666666666667 0.5119047619047619 0.05333333333333334 0.047619047619047616
2 0.3466666666666667 0.6458333333333334 0.2 0.30357142857142855
2 0.4166666666666667 0.8303571428571429 0.38 0.3273809523809524
2 0.6433333333333333 0.9375 0.14 0.1130952380952381
2 0.7283333333333334 0.8898809523809523 0.23666666666666666 0.20833333333333334
2 0.13166666666666665 0.8541666666666666 0.2633333333333333 0.27976190476190477
2 0.16166666666666665 0.625 0.23666666666666666 0.27380952380952384
2 0.29 0.27976190476190477 0.37333333333333335 0.4166666666666667
2 0.4216666666666667 0.07142857142857142 0.13666666666666666 0.14285714285714285
2 0.3 0.05357142857142857 0.15333333333333332 0.10714285714285714
2 0.19 0.05952380952380952 0.08666666666666667 0.11904761904761904
2 0.11333333333333333 0.05357142857142857 0.08666666666666667 0.10714285714285714
2 0.055 0.10119047619047619 0.11 0.20238095238095238
2 0.13 0.30357142857142855 0.23333333333333334 0.38095238095238093
2 0.03333333333333333 0.2857142857142857 0.06666666666666667 0.2619047619047619
2 0.06333333333333334 0.5684523809523809 0.12666666666666668 0.3869047619047619
2 0.49833333333333335 0.49702380952380953 0.9966666666666667 0.9940476190476191