2 0.9006410256410257 0.4506172839506173 0.1282051282051282 0.9012345679012346
2 0.9006410256410257 0.06481481481481481 0.10897435897435898 0.12962962962962962
2 0.7387820512820513 0.046296296296296294 0.0673076923076923 0.08024691358024691
2 0.5753205128205128 0.18209876543209877 0.060897435897435896 0.08024691358024691
2 0.42467948717948717 0.1388888888888889 0.060897435897435896 0.09259259259259259
2 0.2644230769230769 0.08950617283950617 0.060897435897435896 0.09259259259259259
2 0.09935897435897435 0.08641975308641975 0.057692307692307696 0.08641975308641975
2 0.5737179487179487 0.5185185185185185 0.1282051282051282 0.7530864197530864
2 0.7371794871794872 0.4567901234567901 0.1282051282051282 0.9012345679012346
2 0.421474358974359 0.49691358024691357 0.11858974358974358 0.7962962962962963
2 0.2644230769230769 0.47530864197530864 0.125 0.8518518518518519
2 0.09935897435897435 0.47530864197530864 0.1282051282051282 0.8641975308641975