2 0.924496644295302 0.6893491124260355 0.1040268456375839 0.5384615384615384
2 0.9278523489932886 0.4526627218934911 0.050335570469798654 0.07692307692307693
2 0.8238255033557047 0.28994082840236685 0.050335570469798654 0.05917159763313609
2 0.8221476510067114 0.606508875739645 0.11409395973154363 0.6923076923076923
2 0.7181208053691275 0.33136094674556216 0.053691275167785234 0.05917159763313609
2 0.7164429530201343 0.636094674556213 0.1040268456375839 0.6804733727810651
2 0.587248322147651 0.09171597633136094 0.06040268456375839 0.08875739644970414
2 0.587248322147651 0.5118343195266272 0.1476510067114094 0.9171597633136095
2 0.4278523489932886 0.07100591715976332 0.05704697986577181 0.07100591715976332
2 0.43456375838926176 0.5029585798816568 0.15100671140939598 0.9349112426035503
2 0.5855704697986577 0.6775147928994083 0.15100671140939598 0.38461538461538464
2 0.43288590604026844 0.6923076923076923 0.14093959731543623 0.23668639053254437
2 0.8204697986577181 0.7958579881656804 0.1040268456375839 0.17159763313609466
2 0.2986577181208054 0.2603550295857988 0.053691275167785234 0.1301775147928994
2 0.30201342281879195 0.5798816568047337 0.12080536912751678 0.7692307692307693
2 0.3036912751677852 0.7248520710059172 0.1174496644295302 0.28994082840236685
2 0.18288590604026847 0.34911242603550297 0.05704697986577181 0.07100591715976332
2 0.18791946308724833 0.6449704142011834 0.11409395973154363 0.6627218934911243
2 0.18791946308724833 0.5621301775147929 0.10738255033557047 0.15384615384615385
2 0.07718120805369127 0.47041420118343197 0.053691275167785234 0.0650887573964497
2 0.07885906040268456 0.7041420118343196 0.11073825503355705 0.5325443786982249
2 0.08221476510067115 0.757396449704142 0.11073825503355705 0.21301775147928995