2 0.7867647058823529 0.8432432432432433 0.058823529411764705 0.0972972972972973
2 0.8676470588235294 0.6756756756756757 0.0661764705882353 0.08648648648648649
2 0.6801470588235294 0.23513513513513515 0.07352941176470588 0.10270270270270271
2 0.8584558823529411 0.07027027027027027 0.0625 0.08648648648648649
2 0.7169117647058824 0.05675675675675676 0.07352941176470588 0.10270270270270271
2 0.6102941176470589 0.24324324324324326 0.0661764705882353 0.10810810810810811
2 0.5955882352941176 0.7972972972972973 0.0661764705882353 0.08108108108108109
2 0.5533088235294118 0.8621621621621621 0.0625 0.10270270270270271
2 0.5 0.7837837837837838 0.058823529411764705 0.08648648648648649
2 0.5422794117647058 0.7081081081081081 0.0625 0.0972972972972973
2 0.43014705882352944 0.8837837837837837 0.07352941176470588 0.11351351351351352
2 0.2757352941176471 0.35405405405405405 0.058823529411764705 0.11351351351351352
2 0.4742647058823529 0.5621621621621622 0.058823529411764705 0.08648648648648649
2 0.5551470588235294 0.15945945945945947 0.04411764705882353 0.07027027027027027
2 0.46691176470588236 0.0891891891891892 0.051470588235294115 0.10270270270270271
2 0.13051470588235295 0.10270270270270271 0.07720588235294118 0.0972972972972973
2 0.16176470588235295 0.7837837837837838 0.07352941176470588 0.0972972972972973
2 0.7628676470588235 0.8216216216216217 0.1875 0.2594594594594595
2 0.8363970588235294 0.6513513513513514 0.1213235294117647 0.14594594594594595
2 0.7334558823529411 0.5324324324324324 0.34191176470588236 0.6
2 0.5533088235294118 0.8243243243243243 0.1948529411764706 0.22162162162162163
2 0.6452205882352942 0.3216216216216216 0.17279411764705882 0.2756756756756757
2 0.6746323529411765 0.10810810810810811 0.17279411764705882 0.1945945945945946
2 0.8180147058823529 0.12702702702702703 0.17279411764705882 0.23243243243243245
2 0.9797794117647058 0.1837837837837838 0.03308823529411765 0.12972972972972974
2 0.5091911764705882 0.1864864864864865 0.15073529411764705 0.12432432432432433
2 0.43566176470588236 0.34324324324324323 0.2536764705882353 0.12432432432432433
2 0.44485294117647056 0.27297297297297296 0.16911764705882354 0.05945945945945946
2 0.4577205882352941 0.4918918918918919 0.20220588235294118 0.33513513513513515
2 0.5845588235294118 0.4540540540540541 0.058823529411764705 0.06486486486486487
2 0.45955882352941174 0.5972972972972973 0.20588235294117646 0.5675675675675675
2 0.4319852941176471 0.8540540540540541 0.04044117647058824 0.05405405405405406
2 0.40808823529411764 0.5108108108108108 0.18382352941176472 0.1891891891891892
2 0.3069852941176471 0.5918918918918918 0.16544117647058823 0.5783783783783784
2 0.17095588235294118 0.7891891891891892 0.12867647058823528 0.24864864864864866
2 0.15808823529411764 0.31891891891891894 0.19852941176470587 0.5405405405405406
2 0.3272058823529412 0.14324324324324325 0.2426470588235294 0.24324324324324326
2 0.7279411764705882 0.518918918918919 0.3088235294117647 0.5405405405405406