2 0.8206106870229007 0.3489583333333333 0.1450381679389313 0.19791666666666666
2 0.5209923664122137 0.2864583333333333 0.14122137404580154 0.17708333333333334
2 0.3568702290076336 0.109375 0.12595419847328243 0.16666666666666666
2 0.16221374045801526 0.4296875 0.14122137404580154 0.18229166666666666
2 0.10305343511450382 0.7552083333333334 0.15267175572519084 0.20833333333333334
2 0.4866412213740458 0.5989583333333334 0.15648854961832062 0.20833333333333334
2 0.8549618320610687 0.625 0.2824427480916031 0.7395833333333334
2 0.5935114503816794 0.515625 0.2862595419847328 0.6458333333333334
2 0.41603053435114506 0.3932291666666667 0.24427480916030533 0.734375
2 0.5782442748091603 0.7447916666666666 0.3473282442748092 0.5
2 0.1984732824427481 0.8255208333333334 0.3511450381679389 0.3385416666666667
2 0.25763358778625955 0.5885416666666666 0.3320610687022901 0.5